 PROLOGUE 1
 XSCALE        0.00000          0.800000E-06
 YSCALE       0.153869E-01       3.64538    
 XTEXT DISTANCE
 YTEXT WEIGHT-PERCENT C
 XTYPE LINEAR
 YTYPE LINEAR
 XLENGTH        11.5000    
 YLENGTH        11.5000    
 TITLE  Figure h2
 DATASET 1
 CLIP OFF
    0.00000    1.12000 NAM' TIME = 0,.001,.01,.1,.5,1,5,10,20
 1.05 1.05 MNA' CELL #   1
 CLIP ON
 $ X-AXIS = DISTANCE      Y-AXIS = W(C)
 BLOCK X=C1; Y=C2;       GOC=C3,WAD;
  0.0000000000E+00  3.0000000000E-01 M
  1.2244897959E-08  3.0000000000E-01
  2.4489795918E-08  3.0000000000E-01
  3.6734693878E-08  3.0000000000E-01
  4.8979591837E-08  3.0000000000E-01
  6.1224489796E-08  3.0000000000E-01
  7.3469387755E-08  3.0000000000E-01
  8.5714285714E-08  3.0000000000E-01
  9.7959183673E-08  3.0000000000E-01
  1.1020408163E-07  3.0000000000E-01
  1.2244897959E-07  3.0000000000E-01
  1.3469387755E-07  3.0000000000E-01
  1.4693877551E-07  3.0000000000E-01
  1.5918367347E-07  3.0000000000E-01
  1.7142857143E-07  3.0000000000E-01
  1.8367346939E-07  3.0000000000E-01
  1.9591836735E-07  3.0000000000E-01
  2.0816326531E-07  3.0000000000E-01
  2.2040816327E-07  3.0000000000E-01
  2.3265306122E-07  3.0000000000E-01
  2.4489795918E-07  3.0000000000E-01
  2.5714285714E-07  3.0000000000E-01
  2.6938775510E-07  3.0000000000E-01
  2.8163265306E-07  3.0000000000E-01
  2.9387755102E-07  3.0000000000E-01
  3.0612244898E-07  3.0000000000E-01
  3.1836734694E-07  3.0000000000E-01
  3.3061224490E-07  3.0000000000E-01
  3.4285714286E-07  3.0000000000E-01
  3.5510204082E-07  3.0000000000E-01
  3.6734693878E-07  3.0000000000E-01
  3.7959183673E-07  3.0000000000E-01
  3.9183673469E-07  3.0000000000E-01
  4.0408163265E-07  3.0000000000E-01
  4.1632653061E-07  3.0000000000E-01
  4.2857142857E-07  3.0000000000E-01
  4.4081632653E-07  3.0000000000E-01
  4.5306122449E-07  3.0000000000E-01
  4.6530612245E-07  3.0000000000E-01
  4.7755102041E-07  3.0000000000E-01
  4.8979591837E-07  3.0000000000E-01
  5.0204081633E-07  3.0000000000E-01
  5.1428571429E-07  3.0000000000E-01
  5.2653061224E-07  3.0000000000E-01
  5.3877551020E-07  3.0000000000E-01
  5.5102040816E-07  3.0000000000E-01
  5.6326530612E-07  3.0000000000E-01
  5.7551020408E-07  3.0000000000E-01
  5.8775510204E-07  3.0000000000E-01
  6.0000000000E-07  3.0000000000E-01
  6.0000000000E-07  3.0000000000E-01
  6.0048488392E-07  3.0000000000E-01
  6.0099401204E-07  3.0000000000E-01
  6.0152859657E-07  3.0000000000E-01
  6.0208991032E-07  3.0000000000E-01
  6.0267928976E-07  3.0000000000E-01
  6.0329813817E-07  3.0000000000E-01
  6.0394792901E-07  3.0000000000E-01
  6.0463020938E-07  3.0000000000E-01
  6.0534660377E-07  3.0000000000E-01
  6.0609881789E-07  3.0000000000E-01
  6.0688864270E-07  3.0000000000E-01
  6.0771795876E-07  3.0000000000E-01
  6.0858874062E-07  3.0000000000E-01
  6.0950306158E-07  3.0000000000E-01
  6.1046309858E-07  3.0000000000E-01
  6.1147113744E-07  3.0000000000E-01
  6.1252957823E-07  3.0000000000E-01
  6.1364094107E-07  3.0000000000E-01
  6.1480787204E-07  3.0000000000E-01
  6.1603314957E-07  3.0000000000E-01
  6.1731969097E-07  3.0000000000E-01
  6.1867055944E-07  3.0000000000E-01
  6.2008897134E-07  3.0000000000E-01
  6.2157830383E-07  3.0000000000E-01
  6.2314210295E-07  3.0000000000E-01
  6.2478409202E-07  3.0000000000E-01
  6.2650818054E-07  3.0000000000E-01
  6.2831847349E-07  3.0000000000E-01
  6.3021928109E-07  3.0000000000E-01
  6.3221512907E-07  3.0000000000E-01
  6.3431076945E-07  3.0000000000E-01
  6.3651119184E-07  3.0000000000E-01
  6.3882163536E-07  3.0000000000E-01
  6.4124760105E-07  3.0000000000E-01
  6.4379486503E-07  3.0000000000E-01
  6.4646949220E-07  3.0000000000E-01
  6.4927785074E-07  3.0000000000E-01
  6.5222662720E-07  3.0000000000E-01
  6.5532284248E-07  3.0000000000E-01
  6.5857386853E-07  3.0000000000E-01
  6.6198744588E-07  3.0000000000E-01
  6.6557170210E-07  3.0000000000E-01
  6.6933517112E-07  3.0000000000E-01
  6.7328681360E-07  3.0000000000E-01
  6.7743603821E-07  3.0000000000E-01
  6.8179272404E-07  3.0000000000E-01
  6.8636724417E-07  3.0000000000E-01
  6.9117049030E-07  3.0000000000E-01
  6.9621389874E-07  3.0000000000E-01
  7.0150947760E-07  3.0000000000E-01
  7.0706983540E-07  3.0000000000E-01
  7.1290821110E-07  3.0000000000E-01
  7.1903850558E-07  3.0000000000E-01
  7.2547531478E-07  3.0000000000E-01
  7.3223396444E-07  3.0000000000E-01
  7.3933054659E-07  3.0000000000E-01
  7.4678195784E-07  3.0000000000E-01
  7.5460593966E-07  3.0000000000E-01
  7.6282112056E-07  3.0000000000E-01
  7.7144706052E-07  3.0000000000E-01
  7.8050429747E-07  3.0000000000E-01
  7.9001439626E-07  3.0000000000E-01
  8.0000000000E-07  3.0000000000E-01
 BLOCKEND
 $ X-AXIS = DISTANCE      Y-AXIS = W(C)
 BLOCK X=C1; Y=C2;       GOC=C3,WAD;
  0.0000000000E+00  3.0000000000E-01 M
  1.2243141256E-08  3.0000000000E-01
  2.4486282512E-08  3.0000000000E-01
  3.6729423768E-08  3.0000000000E-01
  4.8972565024E-08  3.0000000000E-01
  6.1215706280E-08  3.0000000000E-01
  7.3458847536E-08  3.0000000000E-01
  8.5701988792E-08  3.0000000000E-01
  9.7945130048E-08  3.0000000000E-01
  1.1018827130E-07  3.0000000000E-01
  1.2243141256E-07  3.0000000000E-01
  1.3467455382E-07  3.0000000000E-01
  1.4691769507E-07  3.0000000000E-01
  1.5916083633E-07  3.0000000000E-01
  1.7140397758E-07  3.0000000000E-01
  1.8364711884E-07  3.0000000000E-01
  1.9589026010E-07  3.0000000000E-01
  2.0813340135E-07  3.0000000000E-01
  2.2037654261E-07  3.0000000000E-01
  2.3261968386E-07  3.0000000000E-01
  2.4486282512E-07  3.0000000000E-01
  2.5710596638E-07  3.0000000000E-01
  2.6934910763E-07  3.0000000000E-01
  2.8159224889E-07  3.0000000000E-01
  2.9383539014E-07  3.0000000000E-01
  3.0607853140E-07  3.0000000000E-01
  3.1832167266E-07  3.0000000000E-01
  3.3056481391E-07  3.0000000000E-01
  3.4280795517E-07  3.0000000000E-01
  3.5505109642E-07  3.0000000000E-01
  3.6729423768E-07  3.0000000000E-01
  3.7953737893E-07  2.9999999997E-01
  3.9178052019E-07  2.9999999988E-01
  4.0402366145E-07  2.9999999936E-01
  4.1626680270E-07  2.9999999675E-01
  4.2850994396E-07  2.9999998439E-01
  4.4075308521E-07  2.9999991996E-01
  4.5299622647E-07  2.9999963080E-01
  4.6523936773E-07  2.9999832130E-01
  4.7748250898E-07  2.9999236734E-01
  4.8972565024E-07  2.9997054048E-01
  5.0196879149E-07  2.9989119868E-01
  5.1421193275E-07  2.9953824238E-01
  5.2645507401E-07  2.9800071367E-01
  5.3869821526E-07  2.9270219936E-01
  5.5094135652E-07  2.7844937259E-01
  5.6318449777E-07  2.4840175562E-01
  5.7542763903E-07  1.9588154308E-01
  5.8767078029E-07  1.2389731741E-01
  5.9991392154E-07  2.8133337466E-02
  6.0003603907E-07  2.4600917170E-02
  6.0040629726E-07  2.0619431624E-02
  6.0078297215E-07  1.8623634531E-02
  6.0132136224E-07  1.6926709175E-02
  6.0205561322E-07  1.5849664871E-02
  6.0305449273E-07  1.5849664871E-02
  6.0305449273E-07  3.5804016867E+00
  6.0305576772E-07  3.3346305966E+00
  6.0322743962E-07  3.3119647723E+00
  6.0370449887E-07  3.1993262115E+00
  6.0420541109E-07  3.0736085464E+00
  6.0473136892E-07  2.7552766056E+00
  6.0528362464E-07  1.9383257113E+00
  6.0586349315E-07  8.9055469062E-01
  6.0647235508E-07  2.8240604210E-01
  6.0711166011E-07  3.0554570794E-01
  6.0778293039E-07  2.9946087836E-01
  6.0848776419E-07  2.9995452698E-01
  6.0922783967E-07  2.9978412567E-01
  6.1000491893E-07  2.9978407946E-01
  6.1082085215E-07  2.9973428336E-01
  6.1167758203E-07  2.9970580120E-01
  6.1257714841E-07  2.9968270938E-01
  6.1451346504E-07  2.9965146558E-01
  6.1664825412E-07  2.9965581887E-01
  6.1900185908E-07  2.9970061399E-01
  6.2159670855E-07  2.9975657981E-01
  6.2299223125E-07  2.9975535653E-01
  6.2445753009E-07  2.9974483021E-01
  6.2599609387E-07  2.9973313349E-01
  6.2761158583E-07  2.9972099615E-01
  6.2930785240E-07  2.9970822084E-01
  6.3108893230E-07  2.9969481321E-01
  6.3295906618E-07  2.9968073393E-01
  6.3492270677E-07  2.9966595091E-01
  6.3698452938E-07  2.9965042871E-01
  6.3914944313E-07  2.9963413041E-01
  6.4142260256E-07  2.9961701719E-01
  6.4380941996E-07  2.9959904831E-01
  6.4631557823E-07  2.9958018100E-01
  6.4894704442E-07  2.9956037031E-01
  6.5171008392E-07  2.9953956909E-01
  6.5461127539E-07  2.9951772782E-01
  6.5765752643E-07  2.9949479449E-01
  6.6085609003E-07  2.9947071450E-01
  6.6421458180E-07  2.9944543050E-01
  6.6774099817E-07  2.9941888230E-01
  6.7144373535E-07  2.9939100671E-01
  6.7533160939E-07  2.9936173733E-01
  6.7941387714E-07  2.9933100448E-01
  6.8370025827E-07  2.9929873499E-01
  6.8820095846E-07  2.9926485204E-01
  6.9292669366E-07  2.9922927495E-01
  6.9788871562E-07  2.9919191901E-01
  7.0309883867E-07  2.9915269530E-01
  7.0856946788E-07  2.9911151040E-01
  7.1431362855E-07  2.9906826626E-01
  7.2034499725E-07  2.9902285991E-01
  7.2667793439E-07  2.9897518325E-01
  7.3332751838E-07  2.9892512275E-01
  7.4030958158E-07  2.9887255937E-01
  7.4764074793E-07  2.9881736735E-01
  7.5533847260E-07  2.9875941772E-01
  7.6342108351E-07  2.9869856575E-01
  7.7190782496E-07  2.9863491714E-01
  7.8081890348E-07  2.9857964027E-01
  7.9017553593E-07  2.9890833126E-01
  7.9508776796E-07  2.9961861516E-01
  8.0000000000E-07  2.9999474829E-01
 BLOCKEND
 $ X-AXIS = DISTANCE      Y-AXIS = W(C)
 BLOCK X=C1; Y=C2;       GOC=C3,WAD;
  0.0000000000E+00  2.9999999736E-01 M
  1.2278532696E-08  2.9999999697E-01
  2.4557065392E-08  2.9999999567E-01
  3.6835598088E-08  2.9999999308E-01
  4.9114130784E-08  2.9999998847E-01
  6.1392663480E-08  2.9999998051E-01
  7.3671196176E-08  2.9999996695E-01
  8.5949728872E-08  2.9999994398E-01
  9.8228261568E-08  2.9999990527E-01
  1.1050679426E-07  2.9999984026E-01
  1.2278532696E-07  2.9999973149E-01
  1.3506385966E-07  2.9999955024E-01
  1.4734239235E-07  2.9999924949E-01
  1.5962092505E-07  2.9999875280E-01
  1.7189945774E-07  2.9999793657E-01
  1.8417799044E-07  2.9999660248E-01
  1.9645652314E-07  2.9999443471E-01
  2.0873505583E-07  2.9999093451E-01
  2.2101358853E-07  2.9998532142E-01
  2.3329212122E-07  2.9997638615E-01
  2.4557065392E-07  2.9996227487E-01
  2.5784918662E-07  2.9994017827E-01
  2.7012771931E-07  2.9990589142E-01
  2.8240625201E-07  2.9985320260E-01
  2.9468478470E-07  2.9977306236E-01
  3.0696331740E-07  2.9965247793E-01
  3.1924185009E-07  2.9947307300E-01
  3.3152038279E-07  2.9920925537E-01
  3.4379891549E-07  2.9882593806E-01
  3.5607744818E-07  2.9827577579E-01
  3.6835598088E-07  2.9749592067E-01
  3.8063451357E-07  2.9640437904E-01
  3.9291304627E-07  2.9489618580E-01
  4.0519157897E-07  2.9283980107E-01
  4.1747011166E-07  2.9007433637E-01
  4.2974864436E-07  2.8640839279E-01
  4.4202717705E-07  2.8162144025E-01
  4.5430570975E-07  2.7546868157E-01
  4.6658424245E-07  2.6769012832E-01
  4.7886277514E-07  2.5802423896E-01
  4.9114130784E-07  2.4622601827E-01
  5.0341984053E-07  2.3208837365E-01
  5.1569837323E-07  2.1546612684E-01
  5.2797690593E-07  1.9629660102E-01
  5.4025543862E-07  1.7462859387E-01
  5.5253397132E-07  1.5060303458E-01
  5.6481250401E-07  1.2458490462E-01
  5.7709103671E-07  9.6691105272E-02
  5.8936956941E-07  6.8644826266E-02
  6.0164810210E-07  2.8954956126E-02
  6.0177057263E-07  2.7148709102E-02
  6.0214190113E-07  2.5045838601E-02
  6.0251966488E-07  2.3851205464E-02
  6.0305961131E-07  2.2605254999E-02
  6.0379598480E-07  2.1216065027E-02
  6.0479775178E-07  1.9678078560E-02
  6.0610663310E-07  1.8097700542E-02
  6.0780378726E-07  1.6751153216E-02
  6.0999435969E-07  1.5849664871E-02
  6.1280678315E-07  1.5849664871E-02
  6.1280678315E-07  3.5804016867E+00
  6.1280799501E-07  3.3549838641E+00
  6.1297116611E-07  3.3479046768E+00
  6.1342460248E-07  3.3213554057E+00
  6.1390071068E-07  3.2822275001E+00
  6.1440062428E-07  3.2339825014E+00
  6.1492553356E-07  3.1858317878E+00
  6.1547668831E-07  3.1415082085E+00
  6.1605540079E-07  3.0985934046E+00
  6.1666304890E-07  3.0406092022E+00
  6.1730107941E-07  2.9395385207E+00
  6.1797101145E-07  2.7740836691E+00
  6.1867444010E-07  2.4931039818E+00
  6.1941304017E-07  2.0798579944E+00
  6.2018857025E-07  1.6459383389E+00
  6.2100287683E-07  1.0757113211E+00
  6.2185789874E-07  7.4998883243E-01
  6.2369833340E-07  3.2866747709E-01
  6.2572741261E-07  2.8543959557E-01
  6.2796447245E-07  3.0223234464E-01
  6.3043083091E-07  2.9971843817E-01
  6.3175725053E-07  2.9966553996E-01
  6.3314999112E-07  2.9966054734E-01
  6.3461236875E-07  2.9964774179E-01
  6.3614786525E-07  2.9963542889E-01
  6.3776013659E-07  2.9962237034E-01
  6.3945302148E-07  2.9960866269E-01
  6.4123055063E-07  2.9959427074E-01
  6.4309695623E-07  2.9957915884E-01
  6.4505668211E-07  2.9956329146E-01
  6.4711439428E-07  2.9954663077E-01
  6.4927499206E-07  2.9952913710E-01
  6.5154361974E-07  2.9951076881E-01
  6.5392567879E-07  2.9949148208E-01
  6.5642684080E-07  2.9947123097E-01
  6.5905306091E-07  2.9944996723E-01
  6.6181059202E-07  2.9942764036E-01
  6.6470599969E-07  2.9940419724E-01
  6.6774617775E-07  2.9937958201E-01
  6.7093836470E-07  2.9935373608E-01
  6.7429016101E-07  2.9932659793E-01
  6.7780954712E-07  2.9929810289E-01
  6.8150490255E-07  2.9926818312E-01
  6.8538502575E-07  2.9923676744E-01
  6.8945915510E-07  2.9920378104E-01
  6.9373699093E-07  2.9916914534E-01
  6.9822871854E-07  2.9913277787E-01
  7.0294503254E-07  2.9909459211E-01
  7.0789716223E-07  2.9905449722E-01
  7.1309689841E-07  2.9901239770E-01
  7.1855662140E-07  2.9896819331E-01
  7.2428933054E-07  2.9892177886E-01
  7.3030867514E-07  2.9887304378E-01
  7.3662898696E-07  2.9882187199E-01
  7.4326531438E-07  2.9876814190E-01
  7.5023345817E-07  2.9871172550E-01
  7.5755000914E-07  2.9865251046E-01
  7.6523238767E-07  2.9859059867E-01
  7.7329888512E-07  2.9853009850E-01
  7.8176870745E-07  2.9851607231E-01
  7.9066202089E-07  2.9892872658E-01
  7.9533101044E-07  2.9958684198E-01
  8.0000000000E-07  2.9994285006E-01
 BLOCKEND
 $ X-AXIS = DISTANCE      Y-AXIS = W(C)
 BLOCK X=C1; Y=C2;       GOC=C3,WAD;
  0.0000000000E+00  2.8472215001E-01 M
  1.2289354783E-08  2.8464414372E-01
  2.4578709565E-08  2.8441057349E-01
  3.6868064348E-08  2.8402049092E-01
  4.9157419130E-08  2.8347232758E-01
  6.1446773913E-08  2.8276391331E-01
  7.3736128696E-08  2.8189249705E-01
  8.6025483478E-08  2.8085477605E-01
  9.8314838261E-08  2.7964693140E-01
  1.1060419304E-07  2.7826466949E-01
  1.2289354783E-07  2.7670326941E-01
  1.3518290261E-07  2.7495763582E-01
  1.4747225739E-07  2.7302235677E-01
  1.5976161217E-07  2.7089176644E-01
  1.7205096696E-07  2.6856001222E-01
  1.8434032174E-07  2.6602112584E-01
  1.9662967652E-07  2.6326909828E-01
  2.0891903130E-07  2.6029795761E-01
  2.2120838609E-07  2.5710184929E-01
  2.3349774087E-07  2.5367511834E-01
  2.4578709565E-07  2.5001239254E-01
  2.5807645043E-07  2.4610866615E-01
  2.7036580522E-07  2.4195938311E-01
  2.8265516000E-07  2.3756051956E-01
  2.9494451478E-07  2.3290866515E-01
  3.0723386957E-07  2.2800110166E-01
  3.1952322435E-07  2.2283587832E-01
  3.3181257913E-07  2.1741188258E-01
  3.4410193391E-07  2.1172890601E-01
  3.5639128870E-07  2.0578770541E-01
  3.6868064348E-07  1.9959005869E-01
  3.8096999826E-07  1.9313881314E-01
  3.9325935304E-07  1.8643792409E-01
  4.0554870783E-07  1.7949248742E-01
  4.1783806261E-07  1.7230876717E-01
  4.3012741739E-07  1.6489421011E-01
  4.4241677217E-07  1.5725744859E-01
  4.5470612696E-07  1.4940830241E-01
  4.6699548174E-07  1.4135776651E-01
  4.7928483652E-07  1.3311797362E-01
  4.9157419130E-07  1.2470219548E-01
  5.0386354609E-07  1.1612470646E-01
  5.1615290087E-07  1.0740111831E-01
  5.2844225565E-07  9.8547192257E-02
  5.4073161043E-07  8.9583842874E-02
  5.5302096522E-07  8.0523298730E-02
  5.6531032000E-07  7.1430208391E-02
  5.7759967478E-07  6.2248997127E-02
  5.8988902957E-07  5.3729916228E-02
  6.0217838435E-07  3.7170377801E-02
  6.0230096282E-07  3.4471070288E-02
  6.0267261861E-07  3.1899135802E-02
  6.0305071531E-07  3.0831066913E-02
  6.0359113763E-07  2.9884701810E-02
  6.0432816016E-07  2.8974755738E-02
  6.0533081008E-07  2.7962820400E-02
  6.0664084501E-07  2.6832905351E-02
  6.0833949502E-07  2.5511366426E-02
  6.1053199818E-07  2.3976682410E-02
  6.1334690047E-07  2.2248662331E-02
  6.1691328498E-07  2.0404172755E-02
  6.2139582869E-07  1.8581868901E-02
  6.2717216286E-07  1.6959973460E-02
  6.3474960243E-07  1.5849664871E-02
  6.4450836298E-07  1.5849664871E-02
  6.4450836298E-07  3.5804016867E+00
  6.4450936961E-07  3.3493830145E+00
  6.4464490733E-07  3.3477135035E+00
  6.4502155326E-07  3.3420769306E+00
  6.4541703149E-07  3.3353704967E+00
  6.4583228363E-07  3.3283277373E+00
  6.4626829838E-07  3.3209317330E+00
  6.4672611387E-07  3.3091676233E+00
  6.4720682013E-07  3.2960898335E+00
  6.4771156171E-07  3.2818202954E+00
  6.4824154036E-07  3.2667971568E+00
  6.4879801795E-07  3.2491788462E+00
  6.4938231942E-07  3.2303041670E+00
  6.4999583595E-07  3.2103037825E+00
  6.5064002832E-07  3.1891752211E+00
  6.5131643030E-07  3.1672585596E+00
  6.5202665239E-07  3.1466130192E+00
  6.5355540542E-07  3.1090240687E+00
  6.5524085564E-07  3.0673148341E+00
  6.5709906451E-07  3.0059719284E+00
  6.5914773979E-07  2.8987494384E+00
  6.6024952735E-07  2.8225599839E+00
  6.6140640428E-07  2.7211007169E+00
  6.6262112507E-07  2.5860429741E+00
  6.6389658189E-07  2.4162874113E+00
  6.6523581155E-07  2.2045182196E+00
  6.6664200270E-07  1.9235113755E+00
  6.6811850340E-07  1.5922215888E+00
  6.6966882914E-07  1.2415884900E+00
  6.7129667116E-07  9.1271621196E-01
  6.7300590529E-07  7.2577368017E-01
  6.7480060112E-07  6.1707712709E-01
  6.7668503175E-07  5.3043994607E-01
  6.7866368390E-07  4.5028202667E-01
  6.8074126866E-07  3.7323318669E-01
  6.8292273267E-07  3.2714109521E-01
  6.8521326987E-07  3.0766209064E-01
  6.8761833393E-07  3.0023774338E-01
  6.9014365119E-07  2.9896848951E-01
  6.9279523432E-07  2.9883942436E-01
  6.9557939661E-07  2.9878528869E-01
  6.9850276700E-07  2.9874765874E-01
  7.0157230592E-07  2.9870997710E-01
  7.0479532179E-07  2.9867047824E-01
  7.0817948844E-07  2.9862900647E-01
  7.1173286344E-07  2.9858546191E-01
  7.1546390718E-07  2.9853973999E-01
  7.1938150310E-07  2.9849173134E-01
  7.2349497883E-07  2.9844132131E-01
  7.2781412834E-07  2.9838839075E-01
  7.3234923532E-07  2.9833281477E-01
  7.3711109765E-07  2.9827446113E-01
  7.4211105311E-07  2.9821319473E-01
  7.4736100633E-07  2.9814889811E-01
  7.5287345721E-07  2.9808156676E-01
  7.5866153064E-07  2.9801180183E-01
  7.6473900774E-07  2.9794290646E-01
  7.7112035870E-07  2.9788956607E-01
  7.7782077720E-07  2.9790791153E-01
  7.8485621663E-07  2.9814556502E-01
  7.9224342803E-07  2.9879751392E-01
  7.9612171402E-07  2.9919706503E-01
  8.0000000000E-07  2.9938298040E-01
 BLOCKEND
 $ X-AXIS = DISTANCE      Y-AXIS = W(C)
 BLOCK X=C1; Y=C2;       GOC=C3,WAD;
  0.0000000000E+00  1.3625325457E-01 M
  1.2555425482E-08  1.3620192073E-01
  2.5110850964E-08  1.3605019410E-01
  3.7666276446E-08  1.3579821905E-01
  5.0221701927E-08  1.3544623447E-01
  6.2777127409E-08  1.3499457330E-01
  7.5332552891E-08  1.3444366227E-01
  8.7887978373E-08  1.3379402153E-01
  1.0044340385E-07  1.3304626416E-01
  1.1299882934E-07  1.3220109573E-01
  1.2555425482E-07  1.3125931393E-01
  1.3810968030E-07  1.3022180802E-01
  1.5066510578E-07  1.2908955816E-01
  1.6322053126E-07  1.2786363475E-01
  1.7577595675E-07  1.2654519764E-01
  1.8833138223E-07  1.2513549546E-01
  2.0088680771E-07  1.2363586512E-01
  2.1344223319E-07  1.2204773127E-01
  2.2599765867E-07  1.2037260594E-01
  2.3855308416E-07  1.1861208828E-01
  2.5110850964E-07  1.1676786437E-01
  2.6366393512E-07  1.1484170727E-01
  2.7621936060E-07  1.1283547732E-01
  2.8877478608E-07  1.1075112317E-01
  3.0133021156E-07  1.0859068375E-01
  3.1388563705E-07  1.0635629081E-01
  3.2644106253E-07  1.0405017234E-01
  3.3899648801E-07  1.0167465697E-01
  3.5155191349E-07  9.9232180555E-02
  3.6410733897E-07  9.6725296318E-02
  3.7666276446E-07  9.4156688250E-02
  3.8921818994E-07  9.1529126024E-02
  4.0177361542E-07  8.8844583993E-02
  4.1432904090E-07  8.6107506760E-02
  4.2688446638E-07  8.3321362275E-02
  4.3943989187E-07  8.0489922348E-02
  4.5199531735E-07  7.7617343315E-02
  4.6455074283E-07  7.4708269655E-02
  4.7710616831E-07  7.1767965985E-02
  4.8966159379E-07  6.8802486111E-02
  5.0221701927E-07  6.5819037366E-02
  5.1477244476E-07  6.2825672321E-02
  5.2732787024E-07  5.9835304436E-02
  5.3988329572E-07  5.6850681415E-02
  5.5243872120E-07  5.3943451713E-02
  5.6499414668E-07  5.0927033364E-02
  5.7754957217E-07  4.8851620274E-02
  5.9010499765E-07  4.4350176794E-02
  6.0266042313E-07  3.2284514027E-02
  6.1521584861E-07  2.7306746122E-02
  6.1534108097E-07  2.6601684621E-02
  6.1572078329E-07  2.5915932572E-02
  6.1843652594E-07  2.4737578003E-02
  6.2662616871E-07  2.2626963258E-02
  6.3484936027E-07  2.0892656989E-02
  6.4075075498E-07  1.9824685451E-02
  6.4849224992E-07  1.8603199318E-02
  6.5846229253E-07  1.7450350168E-02
  6.7109848877E-07  1.6448883866E-02
  6.8691709988E-07  1.5849664871E-02
  7.0609140017E-07  1.5849664871E-02
  7.0609140017E-07  3.5804016867E+00
  7.0609200812E-07  3.3484629348E+00
  7.0617386562E-07  3.3482104270E+00
  7.0640133954E-07  3.3475347412E+00
  7.0664018716E-07  3.3468330081E+00
  7.0689097716E-07  3.3460961753E+00
  7.0715430666E-07  3.3451465770E+00
  7.0743080263E-07  3.3440386077E+00
  7.0772112340E-07  3.3428752074E+00
  7.0802596021E-07  3.3416536012E+00
  7.0834603886E-07  3.3402294011E+00
  7.0868212144E-07  3.3384021758E+00
  7.0903500815E-07  3.3363001947E+00
  7.0940553920E-07  3.3339484300E+00
  7.0979459680E-07  3.3312777633E+00
  7.1020310728E-07  3.3281971489E+00
  7.1063204329E-07  3.3244356830E+00
  7.1155532803E-07  3.3161754283E+00
  7.1257324947E-07  3.3058632195E+00
  7.1369550785E-07  3.2931594750E+00
  7.1493279772E-07  3.2764963473E+00
  7.1559821824E-07  3.2671431628E+00
  7.1629690980E-07  3.2569693655E+00
  7.1703053593E-07  3.2463092525E+00
  7.1780084336E-07  3.2348214578E+00
  7.1860966617E-07  3.2227487782E+00
  7.1945893012E-07  3.2096010140E+00
  7.2035065726E-07  3.1948835321E+00
  7.2128697077E-07  3.1796654687E+00
  7.2227009995E-07  3.1640341068E+00
  7.2330238558E-07  3.1476151291E+00
  7.2438628550E-07  3.1311311704E+00
  7.2552438042E-07  3.1134354645E+00
  7.2671938008E-07  3.0946604449E+00
  7.2797412972E-07  3.0739329820E+00
  7.2929161685E-07  3.0519875206E+00
  7.3067497833E-07  3.0281637171E+00
  7.3212750789E-07  3.0011151390E+00
  7.3365266392E-07  2.9702619440E+00
  7.3525407776E-07  2.9346531161E+00
  7.3693556228E-07  2.8895903044E+00
  7.3870112104E-07  2.8358787082E+00
  7.4055495773E-07  2.7690368917E+00
  7.4250148626E-07  2.6857645489E+00
  7.4454534121E-07  2.5801135025E+00
  7.4669138891E-07  2.4554158682E+00
  7.4894473899E-07  2.3133010494E+00
  7.5131075658E-07  2.1626858306E+00
  7.5379507505E-07  2.0132896716E+00
  7.5640360944E-07  1.8641985972E+00
  7.5914257056E-07  1.6836249563E+00
  7.6201847972E-07  1.4725084844E+00
  7.6503818435E-07  1.2251931682E+00
  7.6820887421E-07  9.3826917802E-01
  7.7153809856E-07  6.7286969689E-01
  7.7503378413E-07  4.6612324666E-01
  7.7870425397E-07  3.4437285700E-01
  7.8255824731E-07  2.9867824167E-01
  7.8660494032E-07  2.9995688513E-01
  7.9085396797E-07  2.9763084843E-01
  7.9531544701E-07  2.9763314106E-01
  7.9765772350E-07  2.9793941282E-01
  8.0000000000E-07  2.9809548145E-01
 BLOCKEND
 $ X-AXIS = DISTANCE      Y-AXIS = W(C)
 BLOCK X=C1; Y=C2;       GOC=C3,WAD;
  0.0000000000E+00  6.5517956381E-02 M
  1.2290373519E-08  6.5500370501E-02
  2.4580747037E-08  6.5447728199E-02
  3.6871120556E-08  6.5360070442E-02
  4.9161494074E-08  6.5237465450E-02
  6.1451867593E-08  6.5080008644E-02
  7.3742241112E-08  6.4887822576E-02
  8.6032614630E-08  6.4661056818E-02
  9.8322988149E-08  6.4399887805E-02
  1.1061336167E-07  6.4104518761E-02
  1.2290373519E-07  6.3775179769E-02
  1.3519410870E-07  6.3412127794E-02
  1.4748448222E-07  6.3015646612E-02
  1.5977485574E-07  6.2586046873E-02
  1.7206522926E-07  6.2123666136E-02
  1.8435560278E-07  6.1628869053E-02
  1.9664597630E-07  6.1102047905E-02
  2.0893634982E-07  6.0543623259E-02
  2.2122672334E-07  5.9954044958E-02
  2.3351709685E-07  5.9333793462E-02
  2.4580747037E-07  5.8683381580E-02
  2.5809784389E-07  5.8003356789E-02
  2.7038821741E-07  5.7294304088E-02
  2.8267859093E-07  5.6556850006E-02
  2.9496896445E-07  5.5791668202E-02
  3.0725933797E-07  5.4999486572E-02
  3.1954971148E-07  5.4181096247E-02
  3.3184008500E-07  5.3337362768E-02
  3.4413045852E-07  5.2469240425E-02
  3.5642083204E-07  5.1577791428E-02
  3.6871120556E-07  5.0664211472E-02
  3.8100157908E-07  4.9729861659E-02
  3.9329195260E-07  4.8776307667E-02
  4.0558232611E-07  4.7805372481E-02
  4.1787269963E-07  4.6819208022E-02
  4.3016307315E-07  4.5820383290E-02
  4.4245344667E-07  4.4811996717E-02
  4.5474382019E-07  4.3797831439E-02
  4.6703419371E-07  4.2782551690E-02
  4.7932456723E-07  4.1771943812E-02
  4.9161494074E-07  4.0773280291E-02
  5.0390531426E-07  3.9795663572E-02
  5.1619568778E-07  3.8850956435E-02
  5.2848606130E-07  3.7953502756E-02
  5.4077643482E-07  3.7125868988E-02
  5.5306680834E-07  3.6388274522E-02
  5.6535718186E-07  3.5816594267E-02
  5.7764755538E-07  3.5401581634E-02
  5.8993792889E-07  3.5907354765E-02
  6.0222830241E-07  2.5057441398E-02
  6.0235089105E-07  2.3833293108E-02
  6.0272257764E-07  2.2724368270E-02
  6.0538098947E-07  2.1467108028E-02
  6.1339774435E-07  2.0233966160E-02
  6.2144733980E-07  1.9478238592E-02
  6.2722415281E-07  1.8993972875E-02
  6.3480222051E-07  1.8383661742E-02
  6.4456179002E-07  1.7683998313E-02
  6.5693122919E-07  1.6971396252E-02
  6.7241590069E-07  1.6356872944E-02
  6.9118542091E-07  1.5951044866E-02
  7.1351760016E-07  1.5807173800E-02
  7.4042465978E-07  1.5849664871E-02
  7.4042465978E-07  3.5804016868E+00
  7.4042504546E-07  3.3971293466E+00
  7.4047697562E-07  3.3974295753E+00
  7.4062128441E-07  3.3982659625E+00
  7.4077280863E-07  3.3991471550E+00
  7.4093190907E-07  3.4000461062E+00
  7.4109896453E-07  3.4009872389E+00
  7.4127437277E-07  3.4019754017E+00
  7.4145855141E-07  3.4029808689E+00
  7.4165193899E-07  3.4040249710E+00
  7.4185499595E-07  3.4050406729E+00
  7.4206820575E-07  3.4061007269E+00
  7.4229207605E-07  3.4071824485E+00
  7.4252713986E-07  3.4083076930E+00
  7.4277395686E-07  3.4094737210E+00
  7.4303311471E-07  3.4106373976E+00
  7.4330523045E-07  3.4118194309E+00
  7.4389095958E-07  3.4140419254E+00
  7.4453672596E-07  3.4159442598E+00
  7.4524868338E-07  3.4175364938E+00
  7.4603361644E-07  3.4190175311E+00
  7.4645575727E-07  3.4195523662E+00
  7.4689900514E-07  3.4200746211E+00
  7.4736441541E-07  3.4206098225E+00
  7.4785309619E-07  3.4210919163E+00
  7.4836621100E-07  3.4211027404E+00
  7.4890498156E-07  3.4210250877E+00
  7.4947069064E-07  3.4209192174E+00
  7.5006468518E-07  3.4203971506E+00
  7.5068837945E-07  3.4194496160E+00
  7.5134325843E-07  3.4182850106E+00
  7.5203088136E-07  3.4169807029E+00
  7.5275288543E-07  3.4155319354E+00
  7.5351098971E-07  3.4140062577E+00
  7.5430699921E-07  3.4118442122E+00
  7.5514280917E-07  3.4094761772E+00
  7.5602040964E-07  3.4070360266E+00
  7.5694189013E-07  3.4044755822E+00
  7.5790944464E-07  3.4017249434E+00
  7.5892537688E-07  3.3989885430E+00
  7.5999210573E-07  3.3963101992E+00
  7.6111217103E-07  3.3936309459E+00
  7.6228823958E-07  3.3909443002E+00
  7.6352311157E-07  3.3885720002E+00
  7.6481972716E-07  3.3866886770E+00
  7.6618117352E-07  3.3849661967E+00
  7.6761069220E-07  3.3835045838E+00
  7.6911168682E-07  3.3818585740E+00
  7.7068773117E-07  3.3799578236E+00
  7.7234257774E-07  3.3773150035E+00
  7.7408016663E-07  3.3735296342E+00
  7.7590463497E-07  3.3675455080E+00
  7.7782032672E-07  3.3594134217E+00
  7.7983180307E-07  3.3480402798E+00
  7.8194385323E-07  3.3336297288E+00
  7.8416150590E-07  3.3162194918E+00
  7.8649004120E-07  3.2946864319E+00
  7.8893500326E-07  3.2714562162E+00
  7.9150221343E-07  3.2467241717E+00
  7.9419778411E-07  3.2254840150E+00
  7.9702813333E-07  3.2076941865E+00
  7.9851406666E-07  3.2028305829E+00
  8.0000000000E-07  3.2003462671E+00
 BLOCKEND
 $ X-AXIS = DISTANCE      Y-AXIS = W(C)
 BLOCK X=C1; Y=C2;       GOC=C3,WAD;
  0.0000000000E+00  1.5386860108E-02 M
  9.7207001435E-09  1.5388106676E-02
  1.9441400287E-08  1.5387047872E-02
  2.9162100431E-08  1.5388487456E-02
  3.8882800574E-08  1.5390831049E-02
  4.8603500718E-08  1.5393856526E-02
  5.8324200861E-08  1.5396458520E-02
  6.8044901005E-08  1.5400016241E-02
  7.7765601148E-08  1.5404549559E-02
  8.7486301292E-08  1.5410081509E-02
  9.7207001435E-08  1.5416182485E-02
  1.0692770158E-07  1.5422248739E-02
  1.1664840172E-07  1.5429424714E-02
  1.2636910187E-07  1.5437747718E-02
  1.3608980201E-07  1.5447257993E-02
  1.4581050215E-07  1.5457339893E-02
  1.5553120230E-07  1.5467880565E-02
  1.6525190244E-07  1.5479789307E-02
  1.7497260258E-07  1.5493124855E-02
  1.8469330273E-07  1.5507948882E-02
  1.9441400287E-07  1.5523495429E-02
  2.0413470301E-07  1.5540117509E-02
  2.1385540316E-07  1.5558500855E-02
  2.2357610330E-07  1.5578734600E-02
  2.3329680344E-07  1.5600911800E-02
  2.4301750359E-07  1.5624179738E-02
  2.5273820373E-07  1.5649319192E-02
  2.6245890388E-07  1.5676822236E-02
  2.7217960402E-07  1.5706829122E-02
  2.8190030416E-07  1.5739487483E-02
  2.9162100431E-07  1.5773988942E-02
  3.0134170445E-07  1.5811478237E-02
  3.1106240459E-07  1.5852321148E-02
  3.2078310474E-07  1.5896759491E-02
  3.3050380488E-07  1.5945034082E-02
  3.4022450502E-07  1.5996757191E-02
  3.4994520517E-07  1.6053237975E-02
  3.5966590531E-07  1.6114900133E-02
  3.6938660545E-07  1.6182212808E-02
  3.7910730560E-07  1.6255671696E-02
  3.8882800574E-07  1.6336109713E-02
  3.9854870588E-07  1.6424638709E-02
  4.0826940603E-07  1.6522173094E-02
  4.1799010617E-07  1.6629738229E-02
  4.2771080632E-07  1.6748992331E-02
  4.3743150646E-07  1.6882786006E-02
  4.4715220660E-07  1.7032313650E-02
  4.5687290675E-07  1.7199750949E-02
  4.6659360689E-07  1.7387562011E-02
  4.7631430703E-07  1.7601276881E-02
  4.7880782974E-07  1.7661263953E-02
  4.8514844016E-07  1.7824380913E-02
  4.9151502483E-07  1.7999184137E-02
  4.9608402080E-07  1.8138608165E-02
  5.0207766483E-07  1.8326529401E-02
  5.0979670189E-07  1.8609590241E-02
  5.1957993662E-07  1.9010873428E-02
  5.3182707038E-07  1.9612198047E-02
  5.4667225614E-07  2.0495880237E-02
  5.6433521958E-07  2.1217636024E-02
  5.8561654661E-07  2.5777292480E-02
  5.8933421347E-07  1.5838610021E-02
  5.9182306355E-07  1.5849664871E-02
  5.9182306355E-07  3.5804016869E+00
  6.6733971880E-07  3.5657525322E+00
  7.4285637405E-07  3.5271996442E+00
  7.4290618487E-07  3.5276267723E+00
  7.4561901508E-07  3.5502446362E+00
  7.4823605222E-07  3.5658170991E+00
  7.5099023333E-07  3.5780600089E+00
  7.5332900106E-07  3.5855889434E+00
  7.5540826451E-07  3.5910944270E+00
  7.5781527186E-07  3.5975409363E+00
  7.5962721298E-07  3.6023223742E+00
  7.6162487806E-07  3.6076085627E+00
  7.6382730381E-07  3.6141560046E+00
  7.6625547820E-07  3.6218509191E+00
  7.6893254047E-07  3.6300548278E+00
  7.7037227761E-07  3.6340433563E+00
  7.7188400161E-07  3.6378291474E+00
  7.7347131182E-07  3.6411331934E+00
  7.7513798753E-07  3.6435073586E+00
  7.7688799703E-07  3.6451293577E+00
  7.7872550700E-07  3.6453784478E+00
  7.8065489247E-07  3.6444323485E+00
  7.8268074722E-07  3.6424811604E+00
  7.8480789470E-07  3.6391953560E+00
  7.8704139956E-07  3.6349127764E+00
  7.8938657965E-07  3.6301076113E+00
  7.9184901876E-07  3.6251289631E+00
  7.9443457982E-07  3.6209630214E+00
  7.9714941893E-07  3.6172443944E+00
  7.9857470947E-07  3.6162573878E+00
  8.0000000000E-07  3.6156339542E+00
 BLOCKEND
 $ X-AXIS = DISTANCE      Y-AXIS = W(C)
 BLOCK X=C1; Y=C2;       GOC=C3,WAD;
  0.0000000000E+00  1.5513701531E-02 M
  9.7198758321E-09  1.5514700760E-02
  1.9439751664E-08  1.5512899806E-02
  2.9159627496E-08  1.5513102128E-02
  3.8879503328E-08  1.5513714133E-02
  4.8599379161E-08  1.5514516077E-02
  5.8319254993E-08  1.5514403982E-02
  6.8039130825E-08  1.5514759617E-02
  7.7759006657E-08  1.5515605610E-02
  8.7478882489E-08  1.5516969038E-02
  9.7198758321E-08  1.5518425143E-02
  1.0691863415E-07  1.5519373704E-02
  1.1663850999E-07  1.5520965089E-02
  1.2635838582E-07  1.5523242571E-02
  1.3607826165E-07  1.5526254303E-02
  1.4579813748E-07  1.5529392379E-02
  1.5551801331E-07  1.5532551378E-02
  1.6523788915E-07  1.5536650932E-02
  1.7495776498E-07  1.5541760362E-02
  1.8467764081E-07  1.5547954787E-02
  1.9439751664E-07  1.5554480093E-02
  2.0411739247E-07  1.5561703055E-02
  2.1383726831E-07  1.5570325976E-02
  2.2355714414E-07  1.5580455402E-02
  2.3327701997E-07  1.5592205801E-02
  2.4299689580E-07  1.5604742681E-02
  2.5271677163E-07  1.5618870221E-02
  2.6243664747E-07  1.5635106195E-02
  2.7215652330E-07  1.5653618439E-02
  2.8187639913E-07  1.5674587457E-02
  2.9159627496E-07  1.5697233494E-02
  3.0131615080E-07  1.5722738981E-02
  3.1103602663E-07  1.5751509217E-02
  3.2075590246E-07  1.5783829156E-02
  3.3047577829E-07  1.5819988862E-02
  3.4019565412E-07  1.5859647541E-02
  3.4991552996E-07  1.5904173122E-02
  3.5963540579E-07  1.5954050977E-02
  3.6935528162E-07  1.6009818220E-02
  3.7907515745E-07  1.6072044317E-02
  3.8879503328E-07  1.6141643552E-02
  3.9851490912E-07  1.6219819255E-02
  4.0823478495E-07  1.6307586086E-02
  4.1795466078E-07  1.6406078709E-02
  4.2767453661E-07  1.6517074628E-02
  4.3739441245E-07  1.6643568838E-02
  4.4711428828E-07  1.6786907647E-02
  4.5683416411E-07  1.6949440572E-02
  4.6655403994E-07  1.7133815542E-02
  4.7627391577E-07  1.7345833043E-02
  4.7876722703E-07  1.7405643038E-02
  4.8510729977E-07  1.7569029115E-02
  4.9147334456E-07  1.7745000056E-02
  4.9604195307E-07  1.7885960007E-02
  5.0203508884E-07  1.8076590430E-02
  5.0975347134E-07  1.8364844719E-02
  5.1953587645E-07  1.8775493413E-02
  5.3178197166E-07  1.9393798710E-02
  5.4662589856E-07  2.0309015723E-02
  5.6428736418E-07  2.1074843570E-02
  5.8556688657E-07  2.5876527201E-02
  5.8928423817E-07  1.5823358173E-02
  5.9177287720E-07  1.5849387089E-02
  5.9190288046E-07  1.5849664871E-02
  5.9190288046E-07  3.5804016869E+00
  6.2964673120E-07  3.5761088383E+00
  6.6739058194E-07  3.5704213853E+00
  6.7682654463E-07  3.5665301078E+00
  6.8626250731E-07  3.5623882042E+00
  6.9569847000E-07  3.5579227571E+00
  7.0513443268E-07  3.5530577060E+00
  7.1457039537E-07  3.5477115843E+00
  7.2400635806E-07  3.5417956834E+00
  7.3344232074E-07  3.5351097978E+00
  7.4287828343E-07  3.5282822848E+00
  7.4563986524E-07  3.5506948733E+00
  7.4825589898E-07  3.5657062101E+00
  7.5100902411E-07  3.5773827875E+00
  7.5334689514E-07  3.5844511193E+00
  7.5542536138E-07  3.5895664577E+00
  7.5783144587E-07  3.5955749585E+00
  7.5964269227E-07  3.6000390176E+00
  7.6163959142E-07  3.6049940840E+00
  7.6384117275E-07  3.6111959851E+00
  7.6626841615E-07  3.6185342465E+00
  7.6894445201E-07  3.6263762420E+00
  7.7038363714E-07  3.6301830052E+00
  7.7189478154E-07  3.6337870686E+00
  7.7348148315E-07  3.6369082593E+00
  7.7514751985E-07  3.6391014092E+00
  7.7689685837E-07  3.6405426142E+00
  7.7873366383E-07  3.6406124797E+00
  7.8066230956E-07  3.6394918744E+00
  7.8268738757E-07  3.6373718684E+00
  7.8481371949E-07  3.6339224316E+00
  7.8704636800E-07  3.6294842958E+00
  7.8939064894E-07  3.6245366687E+00
  7.9185214392E-07  3.6194336643E+00
  7.9443671365E-07  3.6151702433E+00
  7.9715051187E-07  3.6113801980E+00
  7.9857525593E-07  3.6103742876E+00
  8.0000000000E-07  3.6097416264E+00
 BLOCKEND
 $ X-AXIS = DISTANCE      Y-AXIS = W(C)
 BLOCK X=C1; Y=C2;       GOC=C3,WAD;
  0.0000000000E+00  1.5650863054E-02 M
  9.7196817133E-09  1.5651646469E-02
  1.9439363427E-08  1.5649198132E-02
  2.9159045140E-08  1.5648319325E-02
  3.8878726853E-08  1.5647415406E-02
  4.8598408566E-08  1.5646266337E-02
  5.8318090280E-08  1.5643767210E-02
  6.8037771993E-08  1.5641297972E-02
  7.7757453706E-08  1.5638879343E-02
  8.7477135420E-08  1.5636536995E-02
  9.7196817133E-08  1.5633845084E-02
  1.0691649885E-07  1.5630201619E-02
  1.1663618056E-07  1.5626754977E-02
  1.2635586227E-07  1.5623546615E-02
  1.3607554399E-07  1.5620623792E-02
  1.4579522570E-07  1.5617378053E-02
  1.5551490741E-07  1.5613703170E-02
  1.6523458913E-07  1.5610518444E-02
  1.7495427084E-07  1.5607893555E-02
  1.8467395255E-07  1.5605905562E-02
  1.9439363427E-07  1.5603802755E-02
  2.0411331598E-07  1.5601955015E-02
  2.1383299769E-07  1.5601068993E-02
  2.2355267941E-07  1.5601257114E-02
  2.3327236112E-07  1.5602642295E-02
  2.4299204283E-07  1.5604399309E-02
  2.5271172455E-07  1.5607343867E-02
  2.6243140626E-07  1.5612007523E-02
  2.7215108797E-07  1.5618574756E-02
  2.8187076969E-07  1.5627246705E-02
  2.9159045140E-07  1.5637266032E-02
  3.0131013311E-07  1.5649842161E-02
  3.1102981483E-07  1.5665411250E-02
  3.2074949654E-07  1.5684294134E-02
  3.3046917825E-07  1.5706822827E-02
  3.4018885997E-07  1.5732702854E-02
  3.4990854168E-07  1.5763356304E-02
  3.5962822339E-07  1.5799329743E-02
  3.6934790511E-07  1.5841230258E-02
  3.7906758682E-07  1.5889706743E-02
  3.8878726853E-07  1.5945763716E-02
  3.9850695025E-07  1.6010707456E-02
  4.0822663196E-07  1.6085669586E-02
  4.1794631367E-07  1.6171917381E-02
  4.2766599539E-07  1.6271378616E-02
  4.3738567710E-07  1.6387222467E-02
  4.4710535881E-07  1.6520992730E-02
  4.5682504053E-07  1.6675265748E-02
  4.6654472224E-07  1.6852946044E-02
  4.7626440395E-07  1.7060142425E-02
  4.7875766542E-07  1.7119046416E-02
  4.8509761154E-07  1.7280850640E-02
  4.9146352919E-07  1.7456319745E-02
  4.9603204646E-07  1.7597681964E-02
  5.0202506254E-07  1.7789838685E-02
  5.0974329088E-07  1.8082010768E-02
  5.1952550063E-07  1.8501155951E-02
  5.3177135127E-07  1.9136712552E-02
  5.4661498171E-07  2.0085314327E-02
  5.6427609461E-07  2.0910084091E-02
  5.8555519202E-07  2.5862241527E-02
  5.8927246938E-07  1.5803837057E-02
  5.9176105871E-07  1.5848167235E-02
  5.9189105937E-07  1.5849425727E-02
  5.9193061196E-07  1.5849646422E-02
  5.9196178424E-07  1.5849664871E-02
  5.9196178424E-07  3.5804016869E+00
  6.0139507599E-07  3.5799719585E+00
  6.1082836774E-07  3.5795389785E+00
  6.2026165949E-07  3.5790740524E+00
  6.2969495124E-07  3.5785917252E+00
  6.3912824300E-07  3.5777859980E+00
  6.4856153475E-07  3.5769147283E+00
  6.5799482650E-07  3.5759619461E+00
  6.6742811825E-07  3.5748943597E+00
  6.7686141000E-07  3.5713600278E+00
  6.8629470175E-07  3.5674549622E+00
  6.9572799350E-07  3.5630575384E+00
  7.0516128525E-07  3.5580360213E+00
  7.1459457700E-07  3.5522444664E+00
  7.2402786875E-07  3.5455180549E+00
  7.3346116050E-07  3.5375237474E+00
  7.4289445225E-07  3.5290747611E+00
  7.4565525237E-07  3.5507881577E+00
  7.4827054562E-07  3.5651623816E+00
  7.5102289145E-07  3.5761856403E+00
  7.5336010073E-07  3.5827143904E+00
  7.5543797864E-07  3.5873661578E+00
  7.5784338206E-07  3.5928534693E+00
  7.5965411577E-07  3.5969388356E+00
  7.6165044969E-07  3.6014960244E+00
  7.6385140783E-07  3.6072838414E+00
  7.6627796418E-07  3.6141968389E+00
  7.6895324256E-07  3.6216085637E+00
  7.7039202033E-07  3.6252034151E+00
  7.7190273698E-07  3.6285977784E+00
  7.7348898946E-07  3.6315051845E+00
  7.7515455457E-07  3.6334867073E+00
  7.7690339793E-07  3.6347190949E+00
  7.7873968346E-07  3.6345775014E+00
  7.8066778327E-07  3.6332466351E+00
  7.8269228807E-07  3.6309215077E+00
  7.8481801810E-07  3.6272731711E+00
  7.8705003464E-07  3.6226481381E+00
  7.8939365201E-07  3.6175304319E+00
  7.9185445024E-07  3.6122789095E+00
  7.9443828839E-07  3.6078997651E+00
  7.9715131844E-07  3.6040241200E+00
  7.9857565922E-07  3.6029956423E+00
  8.0000000000E-07  3.6023517129E+00
 BLOCKEND
