
 Phase Region for:
     FCC_A1                        
 col-1=T_CELSIU, col-2=T, col-3=DT(FCC_A1,C),
   8.00000E+02   1.07315E+03   1.90939E-12
   7.90000E+02   1.06315E+03   1.63904E-12
   7.80000E+02   1.05315E+03   1.40290E-12
   7.70000E+02   1.04315E+03   1.19720E-12
   7.60000E+02   1.03315E+03   1.01853E-12
   7.50000E+02   1.02315E+03   8.63792E-13
   7.40000E+02   1.01315E+03   7.30183E-13
   7.30000E+02   1.00315E+03   6.15176E-13
   7.20000E+02   9.93150E+02   5.16497E-13
   7.10000E+02   9.83150E+02   4.32108E-13
   7.00000E+02   9.73150E+02   3.60184E-13
   6.90000E+02   9.63150E+02   2.99098E-13
   6.80000E+02   9.53150E+02   2.47406E-13
   6.70000E+02   9.43150E+02   2.03826E-13
   6.60000E+02   9.33150E+02   1.67226E-13
   6.50000E+02   9.23150E+02   1.36612E-13
   6.40000E+02   9.13150E+02   1.11108E-13
   6.30000E+02   9.03150E+02   8.99538E-14
   6.20000E+02   8.93150E+02   7.24833E-14
   6.10000E+02   8.83150E+02   5.81210E-14
   6.00000E+02   8.73150E+02   4.63693E-14
   5.90000E+02   8.63150E+02   3.68006E-14
   5.80000E+02   8.53150E+02   2.90487E-14
   5.70000E+02   8.43150E+02   2.28014E-14
   5.60000E+02   8.33150E+02   1.77940E-14
   5.50000E+02   8.23150E+02   1.38028E-14
   5.40000E+02   8.13150E+02   1.06401E-14
   5.30000E+02   8.03150E+02   8.14917E-15
   5.20000E+02   7.93150E+02   6.19954E-15
   5.10000E+02   7.83150E+02   4.68352E-15
   5.00000E+02   7.73150E+02   3.51265E-15
   4.90000E+02   7.63150E+02   2.61470E-15
   4.80000E+02   7.53150E+02   1.93111E-15
   4.70000E+02   7.43150E+02   1.41465E-15
   4.60000E+02   7.33150E+02   1.02755E-15
   4.50000E+02   7.23150E+02   7.39803E-16
   4.40000E+02   7.13150E+02   5.27751E-16
   4.30000E+02   7.03150E+02   3.72880E-16
   4.20000E+02   6.93150E+02   2.60830E-16
   4.10000E+02   6.83150E+02   1.80551E-16
   4.00000E+02   6.73150E+02   1.23622E-16
