
 Phase Region for:
     BCC_A2                        
     FCC_A1#1                      
     FCC_A1#2                      
     HCP_A3#1                      
     HCP_A3#2                      
 col-1=W(MN), col-2=GM(FCC_A1#1), col-3=GM(BCC_A2), col-4=GM(HCP_A3#1), col-5=GM1, col-6=GM2,
   5.12134E-03  -1.54438E+04  -1.84028E+04  -1.52055E+04  -2.95897E+03   2.38368E+02
   6.12134E-03  -1.54784E+04  -1.84188E+04  -1.52380E+04  -2.94031E+03   2.40489E+02
   7.12134E-03  -1.55122E+04  -1.84339E+04  -1.52696E+04  -2.92167E+03   2.42603E+02
   8.12134E-03  -1.55453E+04  -1.84484E+04  -1.53006E+04  -2.90305E+03   2.44708E+02
   9.12134E-03  -1.55778E+04  -1.84622E+04  -1.53310E+04  -2.88447E+03   2.46806E+02
   1.01213E-02  -1.56097E+04  -1.84756E+04  -1.53608E+04  -2.86590E+03   2.48896E+02
   1.11213E-02  -1.56411E+04  -1.84885E+04  -1.53901E+04  -2.84737E+03   2.50978E+02
   1.21213E-02  -1.56721E+04  -1.85009E+04  -1.54190E+04  -2.82886E+03   2.53053E+02
   1.31213E-02  -1.57026E+04  -1.85130E+04  -1.54475E+04  -2.81038E+03   2.55119E+02
   1.41213E-02  -1.57328E+04  -1.85247E+04  -1.54756E+04  -2.79193E+03   2.57179E+02
   1.51213E-02  -1.57626E+04  -1.85360E+04  -1.55033E+04  -2.77350E+03   2.59230E+02
   1.61213E-02  -1.57920E+04  -1.85471E+04  -1.55307E+04  -2.75510E+03   2.61274E+02
   1.71213E-02  -1.58211E+04  -1.85579E+04  -1.55578E+04  -2.73672E+03   2.63310E+02
   1.81213E-02  -1.58500E+04  -1.85683E+04  -1.55846E+04  -2.71837E+03   2.65339E+02
   1.91213E-02  -1.58785E+04  -1.85786E+04  -1.56112E+04  -2.70005E+03   2.67360E+02
   2.01213E-02  -1.59068E+04  -1.85885E+04  -1.56374E+04  -2.68176E+03   2.69373E+02
   2.11213E-02  -1.59348E+04  -1.85983E+04  -1.56634E+04  -2.66349E+03   2.71379E+02
   2.21213E-02  -1.59626E+04  -1.86078E+04  -1.56892E+04  -2.64525E+03   2.73377E+02
   2.31213E-02  -1.59901E+04  -1.86171E+04  -1.57147E+04  -2.62703E+03   2.75368E+02
   2.41213E-02  -1.60174E+04  -1.86262E+04  -1.57400E+04  -2.60885E+03   2.77351E+02
   2.51213E-02  -1.60445E+04  -1.86352E+04  -1.57652E+04  -2.59069E+03   2.79326E+02
   2.61213E-02  -1.60713E+04  -1.86439E+04  -1.57901E+04  -2.57256E+03   2.81294E+02
   2.71213E-02  -1.60980E+04  -1.86525E+04  -1.58148E+04  -2.55445E+03   2.83254E+02
   2.81213E-02  -1.61245E+04  -1.86609E+04  -1.58393E+04  -2.53637E+03   2.85207E+02
   2.91213E-02  -1.61508E+04  -1.86691E+04  -1.58636E+04  -2.51832E+03   2.87153E+02
   3.01213E-02  -1.61769E+04  -1.86772E+04  -1.58878E+04  -2.50030E+03   2.89091E+02
   3.11213E-02  -1.62028E+04  -1.86851E+04  -1.59117E+04  -2.48230E+03   2.91021E+02
   3.21213E-02  -1.62285E+04  -1.86928E+04  -1.59356E+04  -2.46433E+03   2.92944E+02
   3.31213E-02  -1.62541E+04  -1.87005E+04  -1.59592E+04  -2.44639E+03   2.94860E+02
   3.41213E-02  -1.62795E+04  -1.87080E+04  -1.59827E+04  -2.42847E+03   2.96768E+02
   3.51213E-02  -1.63047E+04  -1.87153E+04  -1.60061E+04  -2.41059E+03   2.98669E+02
   3.61213E-02  -1.63298E+04  -1.87225E+04  -1.60293E+04  -2.39273E+03   3.00563E+02
   3.71213E-02  -1.63548E+04  -1.87296E+04  -1.60523E+04  -2.37489E+03   3.02449E+02
   3.81213E-02  -1.63795E+04  -1.87366E+04  -1.60752E+04  -2.35709E+03   3.04327E+02
   3.91213E-02  -1.64042E+04  -1.87435E+04  -1.60980E+04  -2.33931E+03   3.06199E+02
   4.01213E-02  -1.64287E+04  -1.87502E+04  -1.61206E+04  -2.32156E+03   3.08063E+02
   4.11213E-02  -1.64530E+04  -1.87569E+04  -1.61431E+04  -2.30384E+03   3.09920E+02
   4.21213E-02  -1.64773E+04  -1.87634E+04  -1.61655E+04  -2.28614E+03   3.11769E+02
   4.31213E-02  -1.65014E+04  -1.87698E+04  -1.61878E+04  -2.26848E+03   3.13611E+02
   4.41213E-02  -1.65253E+04  -1.87762E+04  -1.62099E+04  -2.25084E+03   3.15446E+02
   4.51213E-02  -1.65492E+04  -1.87824E+04  -1.62319E+04  -2.23323E+03   3.17274E+02
   4.61213E-02  -1.65729E+04  -1.87885E+04  -1.62538E+04  -2.21564E+03   3.19094E+02
   4.71213E-02  -1.65964E+04  -1.87945E+04  -1.62755E+04  -2.19809E+03   3.20907E+02
   4.81213E-02  -1.66199E+04  -1.88005E+04  -1.62972E+04  -2.18056E+03   3.22714E+02
   4.91213E-02  -1.66433E+04  -1.88063E+04  -1.63187E+04  -2.16306E+03   3.24512E+02
   5.01213E-02  -1.66665E+04  -1.88121E+04  -1.63402E+04  -2.14559E+03   3.26304E+02
   5.11213E-02  -1.66896E+04  -1.88177E+04  -1.63615E+04  -2.12814E+03   3.28089E+02
   5.21213E-02  -1.67126E+04  -1.88233E+04  -1.63827E+04  -2.11073E+03   3.29866E+02
   5.31213E-02  -1.67355E+04  -1.88288E+04  -1.64038E+04  -2.09334E+03   3.31636E+02
   5.41213E-02  -1.67583E+04  -1.88342E+04  -1.64249E+04  -2.07598E+03   3.33399E+02
   5.51213E-02  -1.67809E+04  -1.88396E+04  -1.64458E+04  -2.05865E+03   3.35155E+02
   5.61213E-02  -1.68035E+04  -1.88448E+04  -1.64666E+04  -2.04135E+03   3.36904E+02
   5.71213E-02  -1.68260E+04  -1.88500E+04  -1.64873E+04  -2.02407E+03   3.38646E+02
   5.81213E-02  -1.68483E+04  -1.88551E+04  -1.65079E+04  -2.00682E+03   3.40381E+02
   5.91213E-02  -1.68706E+04  -1.88602E+04  -1.65285E+04  -1.98961E+03   3.42109E+02
   6.01213E-02  -1.68927E+04  -1.88651E+04  -1.65489E+04  -1.97242E+03   3.43830E+02
   6.11213E-02  -1.69148E+04  -1.88700E+04  -1.65692E+04  -1.95526E+03   3.45544E+02
   6.21213E-02  -1.69367E+04  -1.88749E+04  -1.65895E+04  -1.93812E+03   3.47250E+02
   6.31213E-02  -1.69586E+04  -1.88796E+04  -1.66097E+04  -1.92102E+03   3.48950E+02
   6.41213E-02  -1.69804E+04  -1.88843E+04  -1.66297E+04  -1.90394E+03   3.50643E+02
   6.51213E-02  -1.70021E+04  -1.88890E+04  -1.66497E+04  -1.88690E+03   3.52329E+02
   6.61213E-02  -1.70236E+04  -1.88935E+04  -1.66696E+04  -1.86988E+03   3.54008E+02
   6.71213E-02  -1.70451E+04  -1.88980E+04  -1.66895E+04  -1.85289E+03   3.55681E+02
   6.81213E-02  -1.70665E+04  -1.89025E+04  -1.67092E+04  -1.83593E+03   3.57346E+02
   6.91213E-02  -1.70878E+04  -1.89068E+04  -1.67288E+04  -1.81900E+03   3.59004E+02
   7.01213E-02  -1.71091E+04  -1.89112E+04  -1.67484E+04  -1.80210E+03   3.60656E+02
   7.11213E-02  -1.71302E+04  -1.89154E+04  -1.67679E+04  -1.78522E+03   3.62301E+02
   7.21213E-02  -1.71513E+04  -1.89196E+04  -1.67873E+04  -1.76838E+03   3.63939E+02
   7.31213E-02  -1.71722E+04  -1.89238E+04  -1.68067E+04  -1.75156E+03   3.65570E+02
   7.41213E-02  -1.71931E+04  -1.89279E+04  -1.68259E+04  -1.73478E+03   3.67194E+02
   7.51213E-02  -1.72139E+04  -1.89319E+04  -1.68451E+04  -1.71802E+03   3.68812E+02
   7.61213E-02  -1.72346E+04  -1.89359E+04  -1.68642E+04  -1.70129E+03   3.70422E+02
   7.71213E-02  -1.72553E+04  -1.89399E+04  -1.68832E+04  -1.68459E+03   3.72026E+02
   7.81213E-02  -1.72758E+04  -1.89437E+04  -1.69022E+04  -1.66792E+03   3.73624E+02
   7.91213E-02  -1.72963E+04  -1.89476E+04  -1.69211E+04  -1.65128E+03   3.75214E+02
   8.01213E-02  -1.73167E+04  -1.89514E+04  -1.69399E+04  -1.63467E+03   3.76798E+02
   8.11213E-02  -1.73370E+04  -1.89551E+04  -1.69586E+04  -1.61809E+03   3.78376E+02
   8.21213E-02  -1.73572E+04  -1.89588E+04  -1.69773E+04  -1.60154E+03   3.79946E+02
   8.31213E-02  -1.73774E+04  -1.89624E+04  -1.69959E+04  -1.58502E+03   3.81510E+02
   8.41213E-02  -1.73975E+04  -1.89660E+04  -1.70144E+04  -1.56852E+03   3.83067E+02
   8.51213E-02  -1.74175E+04  -1.89696E+04  -1.70329E+04  -1.55206E+03   3.84618E+02
   8.61213E-02  -1.74374E+04  -1.89731E+04  -1.70513E+04  -1.53563E+03   3.86162E+02
   8.71213E-02  -1.74573E+04  -1.89765E+04  -1.70696E+04  -1.51923E+03   3.87700E+02
   8.81213E-02  -1.74771E+04  -1.89799E+04  -1.70879E+04  -1.50285E+03   3.89231E+02
   8.91213E-02  -1.74968E+04  -1.89833E+04  -1.71060E+04  -1.48651E+03   3.90755E+02
   9.01213E-02  -1.75164E+04  -1.89866E+04  -1.71242E+04  -1.47020E+03   3.92273E+02
   9.11213E-02  -1.75360E+04  -1.89899E+04  -1.71422E+04  -1.45391E+03   3.93784E+02
   9.21213E-02  -1.75555E+04  -1.89932E+04  -1.71602E+04  -1.43766E+03   3.95289E+02
   9.31213E-02  -1.75749E+04  -1.89964E+04  -1.71782E+04  -1.42144E+03   3.96787E+02
   9.41213E-02  -1.75943E+04  -1.89996E+04  -1.71960E+04  -1.40525E+03   3.98279E+02
   9.51213E-02  -1.76136E+04  -1.90027E+04  -1.72138E+04  -1.38908E+03   3.99764E+02
   9.61213E-02  -1.76328E+04  -1.90058E+04  -1.72316E+04  -1.37295E+03   4.01243E+02
   9.71213E-02  -1.76520E+04  -1.90088E+04  -1.72493E+04  -1.35685E+03   4.02715E+02
   9.81213E-02  -1.76711E+04  -1.90118E+04  -1.72669E+04  -1.34078E+03   4.04181E+02
   9.91213E-02  -1.76901E+04  -1.90148E+04  -1.72844E+04  -1.32474E+03   4.05641E+02
   1.00121E-01  -1.77090E+04  -1.90178E+04  -1.73019E+04  -1.30873E+03   4.07094E+02
   1.01121E-01  -1.77279E+04  -1.90207E+04  -1.73194E+04  -1.29275E+03   4.08541E+02
   1.02121E-01  -1.77467E+04  -1.90235E+04  -1.73368E+04  -1.27680E+03   4.09981E+02
   1.03121E-01  -1.77655E+04  -1.90264E+04  -1.73541E+04  -1.26089E+03   4.11415E+02
   1.04121E-01  -1.77842E+04  -1.90292E+04  -1.73713E+04  -1.24500E+03   4.12843E+02
   1.05121E-01  -1.78028E+04  -1.90320E+04  -1.73886E+04  -1.22915E+03   4.14264E+02
   1.06121E-01  -1.78214E+04  -1.90347E+04  -1.74057E+04  -1.21332E+03   4.15679E+02
   1.07121E-01  -1.78399E+04  -1.90374E+04  -1.74228E+04  -1.19753E+03   4.17088E+02
   1.08121E-01  -1.78583E+04  -1.90401E+04  -1.74398E+04  -1.18177E+03   4.18490E+02
   1.09121E-01  -1.78767E+04  -1.90427E+04  -1.74568E+04  -1.16604E+03   4.19887E+02
   1.10121E-01  -1.78950E+04  -1.90453E+04  -1.74737E+04  -1.15034E+03   4.21277E+02
   1.11121E-01  -1.79133E+04  -1.90479E+04  -1.74906E+04  -1.13467E+03   4.22660E+02
   1.12121E-01  -1.79314E+04  -1.90505E+04  -1.75074E+04  -1.11903E+03   4.24038E+02
   1.13121E-01  -1.79496E+04  -1.90530E+04  -1.75242E+04  -1.10343E+03   4.25409E+02
   1.14121E-01  -1.79676E+04  -1.90555E+04  -1.75409E+04  -1.08785E+03   4.26774E+02
   1.15121E-01  -1.79857E+04  -1.90580E+04  -1.75575E+04  -1.07231E+03   4.28133E+02
   1.16121E-01  -1.80036E+04  -1.90604E+04  -1.75741E+04  -1.05680E+03   4.29485E+02
   1.17121E-01  -1.80215E+04  -1.90628E+04  -1.75907E+04  -1.04133E+03   4.30832E+02
   1.18121E-01  -1.80393E+04  -1.90652E+04  -1.76071E+04  -1.02588E+03   4.32172E+02
   1.19121E-01  -1.80571E+04  -1.90676E+04  -1.76236E+04  -1.01047E+03   4.33506E+02
   1.20121E-01  -1.80748E+04  -1.90699E+04  -1.76400E+04  -9.95086E+02   4.34834E+02
   1.21121E-01  -1.80925E+04  -1.90722E+04  -1.76563E+04  -9.79737E+02   4.36156E+02
   1.22121E-01  -1.81101E+04  -1.90745E+04  -1.76726E+04  -9.64421E+02   4.37471E+02
   1.23121E-01  -1.81276E+04  -1.90767E+04  -1.76888E+04  -9.49136E+02   4.38781E+02
   1.24121E-01  -1.81451E+04  -1.90790E+04  -1.77050E+04  -9.33884E+02   4.40085E+02
   1.25121E-01  -1.81625E+04  -1.90812E+04  -1.77211E+04  -9.18665E+02   4.41382E+02
   1.26121E-01  -1.81799E+04  -1.90834E+04  -1.77372E+04  -9.03478E+02   4.42673E+02
   1.27121E-01  -1.81972E+04  -1.90855E+04  -1.77532E+04  -8.88325E+02   4.43959E+02
   1.28121E-01  -1.82145E+04  -1.90877E+04  -1.77692E+04  -8.73204E+02   4.45238E+02
   1.29121E-01  -1.82317E+04  -1.90898E+04  -1.77851E+04  -8.58115E+02   4.46511E+02
   1.30121E-01  -1.82488E+04  -1.90919E+04  -1.78010E+04  -8.43060E+02   4.47778E+02
   1.31121E-01  -1.82659E+04  -1.90939E+04  -1.78169E+04  -8.28038E+02   4.49039E+02
   1.32121E-01  -1.82829E+04  -1.90960E+04  -1.78326E+04  -8.13050E+02   4.50295E+02
   1.33121E-01  -1.82999E+04  -1.90980E+04  -1.78484E+04  -7.98094E+02   4.51544E+02
   1.34121E-01  -1.83169E+04  -1.91000E+04  -1.78641E+04  -7.83172E+02   4.52787E+02
   1.35121E-01  -1.83337E+04  -1.91020E+04  -1.78797E+04  -7.68284E+02   4.54024E+02
   1.36121E-01  -1.83506E+04  -1.91040E+04  -1.78953E+04  -7.53429E+02   4.55255E+02
   1.37121E-01  -1.83673E+04  -1.91059E+04  -1.79108E+04  -7.38608E+02   4.56481E+02
   1.38121E-01  -1.83840E+04  -1.91079E+04  -1.79263E+04  -7.23820E+02   4.57700E+02
   1.39121E-01  -1.84007E+04  -1.91098E+04  -1.79418E+04  -7.09067E+02   4.58913E+02
   1.40121E-01  -1.84173E+04  -1.91117E+04  -1.79572E+04  -6.94347E+02   4.60121E+02
   1.41121E-01  -1.84339E+04  -1.91135E+04  -1.79726E+04  -6.79662E+02   4.61322E+02
   1.42121E-01  -1.84504E+04  -1.91154E+04  -1.79879E+04  -6.65011E+02   4.62518E+02
   1.43121E-01  -1.84668E+04  -1.91172E+04  -1.80031E+04  -6.50394E+02   4.63708E+02
   1.44121E-01  -1.84833E+04  -1.91191E+04  -1.80184E+04  -6.35812E+02   4.64892E+02
   1.45121E-01  -1.84996E+04  -1.91209E+04  -1.80335E+04  -6.21264E+02   4.66070E+02
   1.46121E-01  -1.85159E+04  -1.91227E+04  -1.80487E+04  -6.06751E+02   4.67242E+02
   1.47121E-01  -1.85322E+04  -1.91244E+04  -1.80638E+04  -5.92272E+02   4.68408E+02
   1.48121E-01  -1.85484E+04  -1.91262E+04  -1.80788E+04  -5.77829E+02   4.69568E+02
   1.49121E-01  -1.85645E+04  -1.91279E+04  -1.80938E+04  -5.63420E+02   4.70723E+02
   1.50121E-01  -1.85806E+04  -1.91297E+04  -1.81087E+04  -5.49047E+02   4.71871E+02
   1.51121E-01  -1.85967E+04  -1.91314E+04  -1.81237E+04  -5.34709E+02   4.73014E+02
   1.52121E-01  -1.86127E+04  -1.91331E+04  -1.81385E+04  -5.20406E+02   4.74151E+02
   1.53121E-01  -1.86286E+04  -1.91348E+04  -1.81533E+04  -5.06139E+02   4.75282E+02
   1.54121E-01  -1.86445E+04  -1.91364E+04  -1.81681E+04  -4.91907E+02   4.76408E+02
   1.55121E-01  -1.86604E+04  -1.91381E+04  -1.81829E+04  -4.77711E+02   4.77527E+02
   1.56121E-01  -1.86762E+04  -1.91397E+04  -1.81976E+04  -4.63551E+02   4.78641E+02
   1.57121E-01  -1.86919E+04  -1.91414E+04  -1.82122E+04  -4.49427E+02   4.79749E+02
   1.58121E-01  -1.87077E+04  -1.91430E+04  -1.82268E+04  -4.35338E+02   4.80851E+02
   1.59121E-01  -1.87233E+04  -1.91446E+04  -1.82414E+04  -4.21287E+02   4.81947E+02
   1.60121E-01  -1.87389E+04  -1.91462E+04  -1.82559E+04  -4.07271E+02   4.83038E+02
   1.61121E-01  -1.87545E+04  -1.91478E+04  -1.82704E+04  -3.93292E+02   4.84123E+02
   1.62121E-01  -1.87700E+04  -1.91494E+04  -1.82848E+04  -3.79350E+02   4.85202E+02
   1.63121E-01  -1.87855E+04  -1.91509E+04  -1.82992E+04  -3.65444E+02   4.86275E+02
   1.64121E-01  -1.88009E+04  -1.91525E+04  -1.83136E+04  -3.51575E+02   4.87343E+02
   1.65121E-01  -1.88163E+04  -1.91540E+04  -1.83279E+04  -3.37743E+02   4.88405E+02
   1.66121E-01  -1.88316E+04  -1.91556E+04  -1.83422E+04  -3.23949E+02   4.89461E+02
   1.67121E-01  -1.88469E+04  -1.91571E+04  -1.83564E+04  -3.10191E+02   4.90511E+02
   1.68121E-01  -1.88621E+04  -1.91586E+04  -1.83706E+04  -2.96472E+02   4.91556E+02
   1.69121E-01  -1.88773E+04  -1.91601E+04  -1.83847E+04  -2.82789E+02   4.92595E+02
   1.70121E-01  -1.88925E+04  -1.91616E+04  -1.83988E+04  -2.69145E+02   4.93628E+02
   1.71121E-01  -1.89076E+04  -1.91631E+04  -1.84129E+04  -2.55538E+02   4.94656E+02
   1.72121E-01  -1.89226E+04  -1.91646E+04  -1.84269E+04  -2.41970E+02   4.95678E+02
   1.73121E-01  -1.89376E+04  -1.91661E+04  -1.84409E+04  -2.28439E+02   4.96694E+02
   1.74121E-01  -1.89526E+04  -1.91675E+04  -1.84549E+04  -2.14947E+02   4.97704E+02
   1.75121E-01  -1.89675E+04  -1.91690E+04  -1.84688E+04  -2.01494E+02   4.98709E+02
   1.76121E-01  -1.89824E+04  -1.91704E+04  -1.84826E+04  -1.88079E+02   4.99708E+02
   1.77121E-01  -1.89972E+04  -1.91719E+04  -1.84965E+04  -1.74703E+02   5.00701E+02
   1.78121E-01  -1.90120E+04  -1.91733E+04  -1.85103E+04  -1.61366E+02   5.01689E+02
   1.79121E-01  -1.90267E+04  -1.91748E+04  -1.85240E+04  -1.48068E+02   5.02671E+02
   1.80121E-01  -1.90414E+04  -1.91762E+04  -1.85377E+04  -1.34810E+02   5.03648E+02
   1.81121E-01  -1.90560E+04  -1.91776E+04  -1.85514E+04  -1.21590E+02   5.04618E+02
   1.82121E-01  -1.90706E+04  -1.91790E+04  -1.85650E+04  -1.08411E+02   5.05583E+02
   1.83121E-01  -1.90852E+04  -1.91805E+04  -1.85786E+04  -9.52715E+01   5.06543E+02
   1.84121E-01  -1.90997E+04  -1.91819E+04  -1.85922E+04  -8.21719E+01   5.07497E+02
   1.85121E-01  -1.91142E+04  -1.91833E+04  -1.86057E+04  -6.91126E+01   5.08445E+02
   1.86121E-01  -1.91286E+04  -1.91847E+04  -1.86192E+04  -5.60935E+01   5.09387E+02
   1.87121E-01  -1.91430E+04  -1.91861E+04  -1.86326E+04  -4.31151E+01   5.10324E+02
   1.88121E-01  -1.91573E+04  -1.91875E+04  -1.86460E+04  -3.01773E+01   5.11255E+02
   1.89121E-01  -1.91716E+04  -1.91889E+04  -1.86594E+04  -1.72805E+01   5.12181E+02
   1.90121E-01  -1.91858E+04  -1.91903E+04  -1.86727E+04  -4.42476E+00   5.13101E+02
   1.91121E-01  -1.92001E+04  -1.91917E+04  -1.86860E+04   8.38967E+00   5.14015E+02
   1.92121E-01  -1.92142E+04  -1.91931E+04  -1.86993E+04   2.11626E+01   5.14924E+02
   1.93121E-01  -1.92283E+04  -1.91944E+04  -1.87125E+04   3.38939E+01   5.15827E+02
   1.94121E-01  -1.92424E+04  -1.91958E+04  -1.87257E+04   4.65833E+01   5.16724E+02
   1.95121E-01  -1.92565E+04  -1.91972E+04  -1.87388E+04   5.92306E+01   5.17616E+02
   1.96121E-01  -1.92704E+04  -1.91986E+04  -1.87519E+04   7.18356E+01   5.18502E+02
   1.97121E-01  -1.92844E+04  -1.92000E+04  -1.87650E+04   8.43981E+01   5.19383E+02
   1.98121E-01  -1.92983E+04  -1.92014E+04  -1.87780E+04   9.69179E+01   5.20258E+02
   1.99121E-01  -1.93122E+04  -1.92028E+04  -1.87910E+04   1.09395E+02   5.21127E+02
   1.99990E-01  -1.93242E+04  -1.92040E+04  -1.88023E+04   1.20198E+02   5.21878E+02

 Phase Region for:
     BCC_A2                        
     FCC_A1#1                      
     FCC_A1#2                      
     HCP_A3#1                      
     HCP_A3#2                      
 col-1=W(MN), col-2=GM(FCC_A1#1), col-3=GM(BCC_A2), col-4=GM(HCP_A3#1), col-5=GM1, col-6=GM2,
   5.12134E-03  -1.54438E+04  -1.84028E+04  -1.52055E+04  -2.95897E+03   2.38368E+02
   4.12134E-03  -1.54083E+04  -1.83859E+04  -1.51720E+04  -2.97767E+03   2.36239E+02
   3.12134E-03  -1.53715E+04  -1.83679E+04  -1.51374E+04  -2.99639E+03   2.34103E+02
   2.12134E-03  -1.53331E+04  -1.83483E+04  -1.51012E+04  -3.01513E+03   2.31958E+02
   1.12134E-03  -1.52924E+04  -1.83263E+04  -1.50626E+04  -3.03391E+03   2.29806E+02
   1.21337E-04  -1.52463E+04  -1.82990E+04  -1.50187E+04  -3.05270E+03   2.27646E+02
   1.10000E-04  -1.52457E+04  -1.82986E+04  -1.50181E+04  -3.05292E+03   2.27622E+02
