
 Phase Region for:
     BCC_A2                        
     FCC_A1#1                      
     FCC_A1#2                      
     HCP_A3#1                      
     HCP_A3#2                      
 col-1=W(MN), col-2=HM(FCC_A1#1), col-3=HM(BCC_A2), col-4=HM(HCP_A3#1), col-5=HM1, col-6=HM2,
   5.12134E-03   1.53733E+04   7.76842E+03   1.31522E+04  -7.60491E+03  -2.22111E+03
   6.12134E-03   1.53626E+04   7.78331E+03   1.31455E+04  -7.57931E+03  -2.21713E+03
   7.12134E-03   1.53519E+04   7.79822E+03   1.31388E+04  -7.55372E+03  -2.21316E+03
   8.12134E-03   1.53413E+04   7.81312E+03   1.31321E+04  -7.52815E+03  -2.20920E+03
   9.12134E-03   1.53306E+04   7.82803E+03   1.31254E+04  -7.50259E+03  -2.20524E+03
   1.01213E-02   1.53200E+04   7.84294E+03   1.31187E+04  -7.47705E+03  -2.20129E+03
   1.11213E-02   1.53094E+04   7.85786E+03   1.31120E+04  -7.45152E+03  -2.19735E+03
   1.21213E-02   1.52988E+04   7.87278E+03   1.31054E+04  -7.42600E+03  -2.19341E+03
   1.31213E-02   1.52882E+04   7.88770E+03   1.30987E+04  -7.40050E+03  -2.18949E+03
   1.41213E-02   1.52776E+04   7.90263E+03   1.30921E+04  -7.37501E+03  -2.18557E+03
   1.51213E-02   1.52671E+04   7.91756E+03   1.30854E+04  -7.34954E+03  -2.18166E+03
   1.61213E-02   1.52566E+04   7.93250E+03   1.30788E+04  -7.32408E+03  -2.17775E+03
   1.71213E-02   1.52461E+04   7.94743E+03   1.30722E+04  -7.29863E+03  -2.17385E+03
   1.81213E-02   1.52356E+04   7.96238E+03   1.30656E+04  -7.27320E+03  -2.16996E+03
   1.91213E-02   1.52251E+04   7.97732E+03   1.30590E+04  -7.24778E+03  -2.16608E+03
   2.01213E-02   1.52146E+04   7.99227E+03   1.30524E+04  -7.22237E+03  -2.16220E+03
   2.11213E-02   1.52042E+04   8.00723E+03   1.30459E+04  -7.19698E+03  -2.15834E+03
   2.21213E-02   1.51938E+04   8.02219E+03   1.30393E+04  -7.17160E+03  -2.15447E+03
   2.31213E-02   1.51834E+04   8.03715E+03   1.30328E+04  -7.14623E+03  -2.15062E+03
   2.41213E-02   1.51730E+04   8.05211E+03   1.30262E+04  -7.12088E+03  -2.14677E+03
   2.51213E-02   1.51626E+04   8.06709E+03   1.30197E+04  -7.09554E+03  -2.14293E+03
   2.61213E-02   1.51523E+04   8.08206E+03   1.30132E+04  -7.07021E+03  -2.13910E+03
   2.71213E-02   1.51419E+04   8.09704E+03   1.30067E+04  -7.04489E+03  -2.13527E+03
   2.81213E-02   1.51316E+04   8.11202E+03   1.30002E+04  -7.01959E+03  -2.13145E+03
   2.91213E-02   1.51213E+04   8.12701E+03   1.29937E+04  -6.99430E+03  -2.12764E+03
   3.01213E-02   1.51110E+04   8.14201E+03   1.29872E+04  -6.96902E+03  -2.12383E+03
   3.11213E-02   1.51008E+04   8.15700E+03   1.29807E+04  -6.94375E+03  -2.12003E+03
   3.21213E-02   1.50905E+04   8.17201E+03   1.29743E+04  -6.91850E+03  -2.11624E+03
   3.31213E-02   1.50803E+04   8.18701E+03   1.29678E+04  -6.89325E+03  -2.11245E+03
   3.41213E-02   1.50701E+04   8.20203E+03   1.29614E+04  -6.86802E+03  -2.10867E+03
   3.51213E-02   1.50598E+04   8.21704E+03   1.29549E+04  -6.84281E+03  -2.10490E+03
   3.61213E-02   1.50497E+04   8.23207E+03   1.29485E+04  -6.81760E+03  -2.10113E+03
   3.71213E-02   1.50395E+04   8.24709E+03   1.29421E+04  -6.79240E+03  -2.09737E+03
   3.81213E-02   1.50293E+04   8.26212E+03   1.29357E+04  -6.76722E+03  -2.09362E+03
   3.91213E-02   1.50192E+04   8.27716E+03   1.29293E+04  -6.74205E+03  -2.08987E+03
   4.01213E-02   1.50091E+04   8.29220E+03   1.29230E+04  -6.71688E+03  -2.08613E+03
   4.11213E-02   1.49990E+04   8.30725E+03   1.29166E+04  -6.69173E+03  -2.08240E+03
   4.21213E-02   1.49889E+04   8.32231E+03   1.29102E+04  -6.66660E+03  -2.07867E+03
   4.31213E-02   1.49788E+04   8.33737E+03   1.29039E+04  -6.64147E+03  -2.07495E+03
   4.41213E-02   1.49688E+04   8.35243E+03   1.28975E+04  -6.61635E+03  -2.07123E+03
   4.51213E-02   1.49587E+04   8.36750E+03   1.28912E+04  -6.59124E+03  -2.06752E+03
   4.61213E-02   1.49487E+04   8.38258E+03   1.28849E+04  -6.56615E+03  -2.06382E+03
   4.71213E-02   1.49387E+04   8.39766E+03   1.28786E+04  -6.54106E+03  -2.06012E+03
   4.81213E-02   1.49287E+04   8.41275E+03   1.28723E+04  -6.51598E+03  -2.05643E+03
   4.91213E-02   1.49188E+04   8.42784E+03   1.28660E+04  -6.49092E+03  -2.05274E+03
   5.01213E-02   1.49088E+04   8.44294E+03   1.28597E+04  -6.46586E+03  -2.04906E+03
   5.11213E-02   1.48989E+04   8.45804E+03   1.28535E+04  -6.44082E+03  -2.04539E+03
   5.21213E-02   1.48889E+04   8.47316E+03   1.28472E+04  -6.41578E+03  -2.04172E+03
   5.31213E-02   1.48790E+04   8.48827E+03   1.28410E+04  -6.39075E+03  -2.03806E+03
   5.41213E-02   1.48691E+04   8.50340E+03   1.28347E+04  -6.36574E+03  -2.03440E+03
   5.51213E-02   1.48593E+04   8.51853E+03   1.28285E+04  -6.34073E+03  -2.03075E+03
   5.61213E-02   1.48494E+04   8.53367E+03   1.28223E+04  -6.31573E+03  -2.02710E+03
   5.71213E-02   1.48396E+04   8.54881E+03   1.28161E+04  -6.29074E+03  -2.02346E+03
   5.81213E-02   1.48297E+04   8.56396E+03   1.28099E+04  -6.26576E+03  -2.01983E+03
   5.91213E-02   1.48199E+04   8.57912E+03   1.28037E+04  -6.24079E+03  -2.01620E+03
   6.01213E-02   1.48101E+04   8.59429E+03   1.27975E+04  -6.21582E+03  -2.01257E+03
   6.11213E-02   1.48003E+04   8.60946E+03   1.27914E+04  -6.19087E+03  -2.00895E+03
   6.21213E-02   1.47906E+04   8.62464E+03   1.27852E+04  -6.16592E+03  -2.00534E+03
   6.31213E-02   1.47808E+04   8.63982E+03   1.27791E+04  -6.14099E+03  -2.00173E+03
   6.41213E-02   1.47711E+04   8.65502E+03   1.27729E+04  -6.11606E+03  -1.99813E+03
   6.51213E-02   1.47614E+04   8.67022E+03   1.27668E+04  -6.09113E+03  -1.99453E+03
   6.61213E-02   1.47516E+04   8.68542E+03   1.27607E+04  -6.06622E+03  -1.99094E+03
   6.71213E-02   1.47420E+04   8.70064E+03   1.27546E+04  -6.04131E+03  -1.98735E+03
   6.81213E-02   1.47323E+04   8.71586E+03   1.27485E+04  -6.01641E+03  -1.98377E+03
   6.91213E-02   1.47226E+04   8.73110E+03   1.27424E+04  -5.99152E+03  -1.98019E+03
   7.01213E-02   1.47130E+04   8.74633E+03   1.27364E+04  -5.96664E+03  -1.97662E+03
   7.11213E-02   1.47033E+04   8.76158E+03   1.27303E+04  -5.94176E+03  -1.97305E+03
   7.21213E-02   1.46937E+04   8.77684E+03   1.27242E+04  -5.91689E+03  -1.96948E+03
   7.31213E-02   1.46841E+04   8.79210E+03   1.27182E+04  -5.89203E+03  -1.96592E+03
   7.41213E-02   1.46745E+04   8.80737E+03   1.27122E+04  -5.86717E+03  -1.96237E+03
   7.51213E-02   1.46650E+04   8.82265E+03   1.27062E+04  -5.84232E+03  -1.95882E+03
   7.61213E-02   1.46554E+04   8.83794E+03   1.27001E+04  -5.81748E+03  -1.95528E+03
   7.71213E-02   1.46459E+04   8.85324E+03   1.26941E+04  -5.79264E+03  -1.95174E+03
   7.81213E-02   1.46363E+04   8.86855E+03   1.26882E+04  -5.76780E+03  -1.94820E+03
   7.91213E-02   1.46268E+04   8.88386E+03   1.26822E+04  -5.74298E+03  -1.94467E+03
   8.01213E-02   1.46173E+04   8.89919E+03   1.26762E+04  -5.71816E+03  -1.94114E+03
   8.11213E-02   1.46079E+04   8.91452E+03   1.26702E+04  -5.69334E+03  -1.93762E+03
   8.21213E-02   1.45984E+04   8.92986E+03   1.26643E+04  -5.66853E+03  -1.93410E+03
   8.31213E-02   1.45889E+04   8.94521E+03   1.26584E+04  -5.64373E+03  -1.93059E+03
   8.41213E-02   1.45795E+04   8.96058E+03   1.26524E+04  -5.61892E+03  -1.92708E+03
   8.51213E-02   1.45701E+04   8.97595E+03   1.26465E+04  -5.59413E+03  -1.92357E+03
   8.61213E-02   1.45607E+04   8.99133E+03   1.26406E+04  -5.56934E+03  -1.92007E+03
   8.71213E-02   1.45513E+04   9.00672E+03   1.26347E+04  -5.54455E+03  -1.91657E+03
   8.81213E-02   1.45419E+04   9.02212E+03   1.26288E+04  -5.51977E+03  -1.91308E+03
   8.91213E-02   1.45325E+04   9.03753E+03   1.26229E+04  -5.49499E+03  -1.90959E+03
   9.01213E-02   1.45232E+04   9.05295E+03   1.26171E+04  -5.47022E+03  -1.90610E+03
   9.11213E-02   1.45138E+04   9.06838E+03   1.26112E+04  -5.44545E+03  -1.90262E+03
   9.21213E-02   1.45045E+04   9.08383E+03   1.26054E+04  -5.42068E+03  -1.89914E+03
   9.31213E-02   1.44952E+04   9.09928E+03   1.25995E+04  -5.39592E+03  -1.89567E+03
   9.41213E-02   1.44859E+04   9.11474E+03   1.25937E+04  -5.37116E+03  -1.89219E+03
   9.51213E-02   1.44766E+04   9.13022E+03   1.25879E+04  -5.34640E+03  -1.88873E+03
   9.61213E-02   1.44673E+04   9.14570E+03   1.25821E+04  -5.32164E+03  -1.88526E+03
   9.71213E-02   1.44581E+04   9.16120E+03   1.25763E+04  -5.29689E+03  -1.88180E+03
   9.81213E-02   1.44489E+04   9.17671E+03   1.25705E+04  -5.27214E+03  -1.87835E+03
   9.91213E-02   1.44396E+04   9.19223E+03   1.25647E+04  -5.24739E+03  -1.87490E+03
   1.00121E-01   1.44304E+04   9.20776E+03   1.25590E+04  -5.22265E+03  -1.87145E+03
   1.01121E-01   1.44212E+04   9.22331E+03   1.25532E+04  -5.19790E+03  -1.86800E+03
   1.02121E-01   1.44120E+04   9.23886E+03   1.25475E+04  -5.17316E+03  -1.86456E+03
   1.03121E-01   1.44029E+04   9.25443E+03   1.25417E+04  -5.14842E+03  -1.86112E+03
   1.04121E-01   1.43937E+04   9.27001E+03   1.25360E+04  -5.12368E+03  -1.85768E+03
   1.05121E-01   1.43846E+04   9.28561E+03   1.25303E+04  -5.09894E+03  -1.85425E+03
   1.06121E-01   1.43754E+04   9.30121E+03   1.25246E+04  -5.07421E+03  -1.85082E+03
   1.07121E-01   1.43663E+04   9.31683E+03   1.25189E+04  -5.04947E+03  -1.84740E+03
   1.08121E-01   1.43572E+04   9.33247E+03   1.25132E+04  -5.02473E+03  -1.84398E+03
   1.09121E-01   1.43481E+04   9.34811E+03   1.25076E+04  -5.00000E+03  -1.84056E+03
   1.10121E-01   1.43390E+04   9.36377E+03   1.25019E+04  -4.97526E+03  -1.83714E+03
   1.11121E-01   1.43300E+04   9.37944E+03   1.24962E+04  -4.95052E+03  -1.83373E+03
   1.12121E-01   1.43209E+04   9.39513E+03   1.24906E+04  -4.92579E+03  -1.83032E+03
   1.13121E-01   1.43119E+04   9.41083E+03   1.24850E+04  -4.90105E+03  -1.82691E+03
   1.14121E-01   1.43029E+04   9.42654E+03   1.24793E+04  -4.87631E+03  -1.82351E+03
   1.15121E-01   1.42938E+04   9.44227E+03   1.24737E+04  -4.85157E+03  -1.82010E+03
   1.16121E-01   1.42848E+04   9.45802E+03   1.24681E+04  -4.82683E+03  -1.81671E+03
   1.17121E-01   1.42759E+04   9.47377E+03   1.24626E+04  -4.80209E+03  -1.81331E+03
   1.18121E-01   1.42669E+04   9.48955E+03   1.24570E+04  -4.77735E+03  -1.80992E+03
   1.19121E-01   1.42579E+04   9.50533E+03   1.24514E+04  -4.75260E+03  -1.80653E+03
   1.20121E-01   1.42490E+04   9.52114E+03   1.24458E+04  -4.72785E+03  -1.80314E+03
   1.21121E-01   1.42401E+04   9.53696E+03   1.24403E+04  -4.70310E+03  -1.79976E+03
   1.22121E-01   1.42311E+04   9.55279E+03   1.24348E+04  -4.67835E+03  -1.79637E+03
   1.23121E-01   1.42222E+04   9.56864E+03   1.24292E+04  -4.65359E+03  -1.79300E+03
   1.24121E-01   1.42133E+04   9.58451E+03   1.24237E+04  -4.62883E+03  -1.78962E+03
   1.25121E-01   1.42045E+04   9.60039E+03   1.24182E+04  -4.60407E+03  -1.78625E+03
   1.26121E-01   1.41956E+04   9.61629E+03   1.24127E+04  -4.57930E+03  -1.78287E+03
   1.27121E-01   1.41867E+04   9.63221E+03   1.24072E+04  -4.55453E+03  -1.77951E+03
   1.28121E-01   1.41779E+04   9.64814E+03   1.24018E+04  -4.52976E+03  -1.77614E+03
   1.29121E-01   1.41691E+04   9.66409E+03   1.23963E+04  -4.50498E+03  -1.77278E+03
   1.30121E-01   1.41603E+04   9.68006E+03   1.23908E+04  -4.48019E+03  -1.76942E+03
   1.31121E-01   1.41515E+04   9.69605E+03   1.23854E+04  -4.45541E+03  -1.76606E+03
   1.32121E-01   1.41427E+04   9.71205E+03   1.23800E+04  -4.43061E+03  -1.76270E+03
   1.33121E-01   1.41339E+04   9.72808E+03   1.23745E+04  -4.40581E+03  -1.75935E+03
   1.34121E-01   1.41251E+04   9.74412E+03   1.23691E+04  -4.38101E+03  -1.75600E+03
   1.35121E-01   1.41164E+04   9.76018E+03   1.23637E+04  -4.35620E+03  -1.75265E+03
   1.36121E-01   1.41076E+04   9.77626E+03   1.23583E+04  -4.33138E+03  -1.74930E+03
   1.37121E-01   1.40989E+04   9.79236E+03   1.23530E+04  -4.30656E+03  -1.74596E+03
   1.38121E-01   1.40902E+04   9.80847E+03   1.23476E+04  -4.28173E+03  -1.74262E+03
   1.39121E-01   1.40815E+04   9.82461E+03   1.23422E+04  -4.25689E+03  -1.73928E+03
   1.40121E-01   1.40728E+04   9.84077E+03   1.23369E+04  -4.23204E+03  -1.73594E+03
   1.41121E-01   1.40641E+04   9.85695E+03   1.23315E+04  -4.20719E+03  -1.73261E+03
   1.42121E-01   1.40555E+04   9.87315E+03   1.23262E+04  -4.18233E+03  -1.72927E+03
   1.43121E-01   1.40468E+04   9.88937E+03   1.23209E+04  -4.15746E+03  -1.72594E+03
   1.44121E-01   1.40382E+04   9.90561E+03   1.23156E+04  -4.13258E+03  -1.72262E+03
   1.45121E-01   1.40296E+04   9.92187E+03   1.23103E+04  -4.10770E+03  -1.71929E+03
   1.46121E-01   1.40210E+04   9.93815E+03   1.23050E+04  -4.08280E+03  -1.71597E+03
   1.47121E-01   1.40124E+04   9.95446E+03   1.22997E+04  -4.05790E+03  -1.71264E+03
   1.48121E-01   1.40038E+04   9.97079E+03   1.22944E+04  -4.03298E+03  -1.70933E+03
   1.49121E-01   1.39952E+04   9.98714E+03   1.22892E+04  -4.00806E+03  -1.70601E+03
   1.50121E-01   1.39866E+04   1.00035E+04   1.22839E+04  -3.98312E+03  -1.70269E+03
   1.51121E-01   1.39781E+04   1.00199E+04   1.22787E+04  -3.95817E+03  -1.69938E+03
   1.52121E-01   1.39696E+04   1.00363E+04   1.22735E+04  -3.93322E+03  -1.69607E+03
   1.53121E-01   1.39610E+04   1.00528E+04   1.22683E+04  -3.90825E+03  -1.69276E+03
   1.54121E-01   1.39525E+04   1.00693E+04   1.22631E+04  -3.88327E+03  -1.68946E+03
   1.55121E-01   1.39440E+04   1.00857E+04   1.22579E+04  -3.85827E+03  -1.68615E+03
   1.56121E-01   1.39355E+04   1.01023E+04   1.22527E+04  -3.83327E+03  -1.68285E+03
   1.57121E-01   1.39271E+04   1.01188E+04   1.22475E+04  -3.80825E+03  -1.67955E+03
   1.58121E-01   1.39186E+04   1.01354E+04   1.22423E+04  -3.78322E+03  -1.67625E+03
   1.59121E-01   1.39102E+04   1.01520E+04   1.22372E+04  -3.75817E+03  -1.67296E+03
   1.60121E-01   1.39017E+04   1.01686E+04   1.22321E+04  -3.73311E+03  -1.66966E+03
   1.61121E-01   1.38933E+04   1.01853E+04   1.22269E+04  -3.70804E+03  -1.66637E+03
   1.62121E-01   1.38849E+04   1.02019E+04   1.22218E+04  -3.68295E+03  -1.66308E+03
   1.63121E-01   1.38765E+04   1.02186E+04   1.22167E+04  -3.65785E+03  -1.65980E+03
   1.64121E-01   1.38681E+04   1.02354E+04   1.22116E+04  -3.63273E+03  -1.65651E+03
   1.65121E-01   1.38597E+04   1.02521E+04   1.22065E+04  -3.60759E+03  -1.65323E+03
   1.66121E-01   1.38514E+04   1.02689E+04   1.22014E+04  -3.58244E+03  -1.64995E+03
   1.67121E-01   1.38430E+04   1.02857E+04   1.21964E+04  -3.55727E+03  -1.64667E+03
   1.68121E-01   1.38347E+04   1.03026E+04   1.21913E+04  -3.53209E+03  -1.64339E+03
   1.69121E-01   1.38264E+04   1.03195E+04   1.21862E+04  -3.50688E+03  -1.64012E+03
   1.70121E-01   1.38180E+04   1.03364E+04   1.21812E+04  -3.48166E+03  -1.63684E+03
   1.71121E-01   1.38098E+04   1.03533E+04   1.21762E+04  -3.45642E+03  -1.63357E+03
   1.72121E-01   1.38015E+04   1.03703E+04   1.21712E+04  -3.43116E+03  -1.63030E+03
   1.73121E-01   1.37932E+04   1.03873E+04   1.21662E+04  -3.40588E+03  -1.62704E+03
   1.74121E-01   1.37849E+04   1.04043E+04   1.21612E+04  -3.38058E+03  -1.62377E+03
   1.75121E-01   1.37767E+04   1.04214E+04   1.21562E+04  -3.35527E+03  -1.62051E+03
   1.76121E-01   1.37685E+04   1.04385E+04   1.21512E+04  -3.32993E+03  -1.61725E+03
   1.77121E-01   1.37602E+04   1.04557E+04   1.21462E+04  -3.30456E+03  -1.61399E+03
   1.78121E-01   1.37520E+04   1.04728E+04   1.21413E+04  -3.27918E+03  -1.61074E+03
   1.79121E-01   1.37438E+04   1.04900E+04   1.21363E+04  -3.25378E+03  -1.60748E+03
   1.80121E-01   1.37356E+04   1.05073E+04   1.21314E+04  -3.22835E+03  -1.60423E+03
   1.81121E-01   1.37275E+04   1.05246E+04   1.21265E+04  -3.20290E+03  -1.60098E+03
   1.82121E-01   1.37193E+04   1.05419E+04   1.21216E+04  -3.17742E+03  -1.59773E+03
   1.83121E-01   1.37112E+04   1.05592E+04   1.21167E+04  -3.15192E+03  -1.59449E+03
   1.84121E-01   1.37030E+04   1.05766E+04   1.21118E+04  -3.12640E+03  -1.59125E+03
   1.85121E-01   1.36949E+04   1.05941E+04   1.21069E+04  -3.10084E+03  -1.58800E+03
   1.86121E-01   1.36868E+04   1.06115E+04   1.21020E+04  -3.07527E+03  -1.58477E+03
   1.87121E-01   1.36787E+04   1.06290E+04   1.20972E+04  -3.04966E+03  -1.58153E+03
   1.88121E-01   1.36706E+04   1.06466E+04   1.20923E+04  -3.02403E+03  -1.57830E+03
   1.89121E-01   1.36625E+04   1.06642E+04   1.20875E+04  -2.99837E+03  -1.57506E+03
   1.90121E-01   1.36545E+04   1.06818E+04   1.20827E+04  -2.97269E+03  -1.57183E+03
   1.91121E-01   1.36464E+04   1.06995E+04   1.20778E+04  -2.94697E+03  -1.56861E+03
   1.92121E-01   1.36384E+04   1.07172E+04   1.20730E+04  -2.92122E+03  -1.56538E+03
   1.93121E-01   1.36304E+04   1.07349E+04   1.20682E+04  -2.89544E+03  -1.56216E+03
   1.94121E-01   1.36224E+04   1.07527E+04   1.20634E+04  -2.86964E+03  -1.55894E+03
   1.95121E-01   1.36144E+04   1.07706E+04   1.20587E+04  -2.84380E+03  -1.55572E+03
   1.96121E-01   1.36064E+04   1.07885E+04   1.20539E+04  -2.81792E+03  -1.55250E+03
   1.97121E-01   1.35984E+04   1.08064E+04   1.20492E+04  -2.79202E+03  -1.54929E+03
   1.98121E-01   1.35905E+04   1.08244E+04   1.20444E+04  -2.76608E+03  -1.54608E+03
   1.99121E-01   1.35825E+04   1.08424E+04   1.20397E+04  -2.74010E+03  -1.54287E+03
   1.99990E-01   1.35757E+04   1.08581E+04   1.20356E+04  -2.71751E+03  -1.54008E+03

 Phase Region for:
     BCC_A2                        
     FCC_A1#1                      
     FCC_A1#2                      
     HCP_A3#1                      
     HCP_A3#2                      
 col-1=W(MN), col-2=HM(FCC_A1#1), col-3=HM(BCC_A2), col-4=HM(HCP_A3#1), col-5=HM1, col-6=HM2,
   5.12134E-03   1.53733E+04   7.76842E+03   1.31522E+04  -7.60491E+03  -2.22111E+03
   4.12134E-03   1.53840E+04   7.75352E+03   1.31589E+04  -7.63052E+03  -2.22510E+03
   3.12134E-03   1.53948E+04   7.73863E+03   1.31657E+04  -7.65615E+03  -2.22909E+03
   2.12134E-03   1.54055E+04   7.72374E+03   1.31724E+04  -7.68179E+03  -2.23310E+03
   1.12134E-03   1.54163E+04   7.70885E+03   1.31792E+04  -7.70745E+03  -2.23711E+03
   1.21337E-04   1.54271E+04   7.69397E+03   1.31860E+04  -7.73313E+03  -2.24112E+03
   1.10000E-04   1.54272E+04   7.69380E+03   1.31860E+04  -7.73342E+03  -2.24117E+03
