 PROLOGUE 1
 XSCALE        0.00000          0.100000E-03
 YSCALE        1.00000           1.50000    
 XTEXT DISTANCE
 YTEXT WEIGHT-PERCENT SI
 XTYPE LINEAR
 YTYPE LINEAR
 XLENGTH        11.5000    
 YLENGTH        11.5000    
 TITLE   
 DATASET 1
 CLIP OFF
    0.00000    1.12000 NAM' TIME = 0,100000,300000,1000000
 1.05 1.05 MNA' CELL #   1
 CLIP ON
 $ X-AXIS = DISTANCE      Y-AXIS = W(SI)
 BLOCK X=C1; Y=C2;       GOC=C3,WAD;
  0.0000000000E+00  1.5000000000E+00 M
  1.6949152542E-06  1.5000000000E+00
  3.3898305085E-06  1.5000000000E+00
  5.0847457627E-06  1.5000000000E+00
  6.7796610169E-06  1.5000000000E+00
  8.4745762712E-06  1.5000000000E+00
  1.0169491525E-05  1.5000000000E+00
  1.1864406780E-05  1.5000000000E+00
  1.3559322034E-05  1.5000000000E+00
  1.5254237288E-05  1.5000000000E+00
  1.6949152542E-05  1.5000000000E+00
  1.8644067797E-05  1.5000000000E+00
  2.0338983051E-05  1.5000000000E+00
  2.2033898305E-05  1.5000000000E+00
  2.3728813559E-05  1.5000000000E+00
  2.5423728814E-05  1.5000000000E+00
  2.7118644068E-05  1.5000000000E+00
  2.8813559322E-05  1.5000000000E+00
  3.0508474576E-05  1.5000000000E+00
  3.2203389831E-05  1.5000000000E+00
  3.3898305085E-05  1.5000000000E+00
  3.5593220339E-05  1.5000000000E+00
  3.7288135593E-05  1.5000000000E+00
  3.8983050847E-05  1.5000000000E+00
  4.0677966102E-05  1.5000000000E+00
  4.2372881356E-05  1.5000000000E+00
  4.4067796610E-05  1.5000000000E+00
  4.5762711864E-05  1.5000000000E+00
  4.7457627119E-05  1.5000000000E+00
  4.9152542373E-05  1.5000000000E+00
  5.0847457627E-05  1.0000000000E+00
  5.2542372881E-05  1.0000000000E+00
  5.4237288136E-05  1.0000000000E+00
  5.5932203390E-05  1.0000000000E+00
  5.7627118644E-05  1.0000000000E+00
  5.9322033898E-05  1.0000000000E+00
  6.1016949153E-05  1.0000000000E+00
  6.2711864407E-05  1.0000000000E+00
  6.4406779661E-05  1.0000000000E+00
  6.6101694915E-05  1.0000000000E+00
  6.7796610169E-05  1.0000000000E+00
  6.9491525424E-05  1.0000000000E+00
  7.1186440678E-05  1.0000000000E+00
  7.2881355932E-05  1.0000000000E+00
  7.4576271186E-05  1.0000000000E+00
  7.6271186441E-05  1.0000000000E+00
  7.7966101695E-05  1.0000000000E+00
  7.9661016949E-05  1.0000000000E+00
  8.1355932203E-05  1.0000000000E+00
  8.3050847458E-05  1.0000000000E+00
  8.4745762712E-05  1.0000000000E+00
  8.6440677966E-05  1.0000000000E+00
  8.8135593220E-05  1.0000000000E+00
  8.9830508475E-05  1.0000000000E+00
  9.1525423729E-05  1.0000000000E+00
  9.3220338983E-05  1.0000000000E+00
  9.4915254237E-05  1.0000000000E+00
  9.6610169492E-05  1.0000000000E+00
  9.8305084746E-05  1.0000000000E+00
  1.0000000000E-04  1.0000000000E+00
 BLOCKEND
 $ X-AXIS = DISTANCE      Y-AXIS = W(SI)
 BLOCK X=C1; Y=C2;       GOC=C3,WAD;
  0.0000000000E+00  1.4072734146E+00 M
  1.6949152542E-06  1.4070767983E+00
  3.3898305085E-06  1.4064869581E+00
  5.0847457627E-06  1.4055038562E+00
  6.7796610169E-06  1.4041274900E+00
  8.4745762712E-06  1.4023580092E+00
  1.0169491525E-05  1.4001957563E+00
  1.1864406780E-05  1.3976413873E+00
  1.3559322034E-05  1.3946959839E+00
  1.5254237288E-05  1.3913611748E+00
  1.6949152542E-05  1.3876392435E+00
  1.8644067797E-05  1.3835332296E+00
  2.0338983051E-05  1.3790470672E+00
  2.2033898305E-05  1.3741858036E+00
  2.3728813559E-05  1.3689558807E+00
  2.5423728814E-05  1.3633653497E+00
  2.7118644068E-05  1.3574238122E+00
  2.8813559322E-05  1.3511421282E+00
  3.0508474576E-05  1.3445325744E+00
  3.2203389831E-05  1.3376102431E+00
  3.3898305085E-05  1.3303939728E+00
  3.5593220339E-05  1.3229001715E+00
  3.7288135593E-05  1.3151406993E+00
  3.8983050847E-05  1.3071745164E+00
  4.0677966102E-05  1.2989443290E+00
  4.2372881356E-05  1.2906139011E+00
  4.4067796610E-05  1.2820129822E+00
  4.5762711864E-05  1.2734222500E+00
  4.7457627119E-05  1.2645775946E+00
  4.9152542373E-05  1.2558278257E+00
  5.0847457627E-05  1.2468834592E+00
  5.2542372881E-05  1.2380732757E+00
  5.4237288136E-05  1.2291780929E+00
  5.5932203390E-05  1.2204280923E+00
  5.7627118644E-05  1.2117017169E+00
  5.9322033898E-05  1.2031462113E+00
  6.1016949153E-05  1.1947015577E+00
  6.2711864407E-05  1.1864633175E+00
  6.4406779661E-05  1.1784116155E+00
  6.6101694915E-05  1.1706001836E+00
  6.7796610169E-05  1.1630408329E+00
  6.9491525424E-05  1.1557579331E+00
  7.1186440678E-05  1.1487738303E+00
  7.2881355932E-05  1.1421066834E+00
  7.4576271186E-05  1.1357732584E+00
  7.6271186441E-05  1.1297893277E+00
  7.7966101695E-05  1.1241690393E+00
  7.9661016949E-05  1.1189246890E+00
  8.1355932203E-05  1.1140669406E+00
  8.3050847458E-05  1.1096051183E+00
  8.4745762712E-05  1.1055473558E+00
  8.6440677966E-05  1.1019006446E+00
  8.8135593220E-05  1.0986708863E+00
  8.9830508475E-05  1.0958629691E+00
  9.1525423729E-05  1.0934808734E+00
  9.3220338983E-05  1.0915277956E+00
  9.4915254237E-05  1.0900062457E+00
  9.6610169492E-05  1.0889181347E+00
  9.8305084746E-05  1.0882647836E+00
  1.0000000000E-04  1.0880469214E+00
 BLOCKEND
 $ X-AXIS = DISTANCE      Y-AXIS = W(SI)
 BLOCK X=C1; Y=C2;       GOC=C3,WAD;
  0.0000000000E+00  1.2960323148E+00 M
  1.6949152542E-06  1.2959668542E+00
  3.3898305085E-06  1.2957706452E+00
  5.0847457627E-06  1.2954442024E+00
  6.7796610169E-06  1.2949883819E+00
  8.4745762712E-06  1.2944043804E+00
  1.0169491525E-05  1.2936937507E+00
  1.1864406780E-05  1.2928584205E+00
  1.3559322034E-05  1.2919006836E+00
  1.5254237288E-05  1.2908231920E+00
  1.6949152542E-05  1.2896289219E+00
  1.8644067797E-05  1.2883211202E+00
  2.0338983051E-05  1.2869032770E+00
  2.2033898305E-05  1.2853791721E+00
  2.3728813559E-05  1.2837529898E+00
  2.5423728814E-05  1.2820293841E+00
  2.7118644068E-05  1.2802132880E+00
  2.8813559322E-05  1.2783094877E+00
  3.0508474576E-05  1.2763226384E+00
  3.2203389831E-05  1.2742585603E+00
  3.3898305085E-05  1.2721251712E+00
  3.5593220339E-05  1.2699263069E+00
  3.7288135593E-05  1.2676592940E+00
  3.8983050847E-05  1.2653672409E+00
  4.0677966102E-05  1.2629750597E+00
  4.2372881356E-05  1.2606272041E+00
  4.4067796610E-05  1.2581333865E+00
  4.5762711864E-05  1.2557513946E+00
  4.7457627119E-05  1.2531960558E+00
  4.9152542373E-05  1.2507901545E+00
  5.0847457627E-05  1.2482229591E+00
  5.2542372881E-05  1.2457954262E+00
  5.4237288136E-05  1.2432666698E+00
  5.5932203390E-05  1.2408398367E+00
  5.7627118644E-05  1.2383714622E+00
  5.9322033898E-05  1.2359835253E+00
  6.1016949153E-05  1.2335949703E+00
  6.2711864407E-05  1.2312785089E+00
  6.4406779661E-05  1.2289948377E+00
  6.6101694915E-05  1.2267780146E+00
  6.7796610169E-05  1.2246224081E+00
  6.9491525424E-05  1.2225361984E+00
  7.1186440678E-05  1.2205269511E+00
  7.2881355932E-05  1.2185996602E+00
  7.4576271186E-05  1.2167594336E+00
  7.6271186441E-05  1.2150117930E+00
  7.7966101695E-05  1.2133620034E+00
  7.9661016949E-05  1.2118147912E+00
  8.1355932203E-05  1.2103744634E+00
  8.3050847458E-05  1.2090450761E+00
  8.4745762712E-05  1.2078304589E+00
  8.6440677966E-05  1.2067341483E+00
  8.8135593220E-05  1.2057593281E+00
  8.9830508475E-05  1.2049087975E+00
  9.1525423729E-05  1.2041849698E+00
  9.3220338983E-05  1.2035898957E+00
  9.4915254237E-05  1.2031252723E+00
  9.6610169492E-05  1.2027924317E+00
  9.8305084746E-05  1.2025923357E+00
  1.0000000000E-04  1.2025255708E+00
 BLOCKEND
 $ X-AXIS = DISTANCE      Y-AXIS = W(SI)
 BLOCK X=C1; Y=C2;       GOC=C3,WAD;
  0.0000000000E+00  1.2528391504E+00 M
  1.6949152542E-06  1.2528342496E+00
  3.3898305085E-06  1.2528195618E+00
  5.0847457627E-06  1.2527951314E+00
  6.7796610169E-06  1.2527610280E+00
  8.4745762712E-06  1.2527173364E+00
  1.0169491525E-05  1.2526641674E+00
  1.1864406780E-05  1.2526016686E+00
  1.3559322034E-05  1.2525300233E+00
  1.5254237288E-05  1.2524494570E+00
  1.6949152542E-05  1.2523602285E+00
  1.8644067797E-05  1.2522625971E+00
  2.0338983051E-05  1.2521567952E+00
  2.2033898305E-05  1.2520430474E+00
  2.3728813559E-05  1.2519216598E+00
  2.5423728814E-05  1.2517931087E+00
  2.7118644068E-05  1.2516579351E+00
  2.8813559322E-05  1.2515163755E+00
  3.0508474576E-05  1.2513682715E+00
  3.2203389831E-05  1.2512141943E+00
  3.3898305085E-05  1.2510566242E+00
  3.5593220339E-05  1.2508943630E+00
  3.7288135593E-05  1.2507187695E+00
  3.8983050847E-05  1.2505661314E+00
  4.0677966102E-05  1.2503584868E+00
  4.2372881356E-05  1.2502281326E+00
  4.4067796610E-05  1.2499875474E+00
  4.5762711864E-05  1.2498762953E+00
  4.7457627119E-05  1.2496168454E+00
  4.9152542373E-05  1.2495100458E+00
  5.0847457627E-05  1.2492546591E+00
  5.2542372881E-05  1.2491299473E+00
  5.4237288136E-05  1.2489006549E+00
  5.5932203390E-05  1.2487540132E+00
  5.7627118644E-05  1.2485471408E+00
  5.9322033898E-05  1.2483900684E+00
  6.1016949153E-05  1.2481996425E+00
  6.2711864407E-05  1.2480389468E+00
  6.4406779661E-05  1.2478648223E+00
  6.6101694915E-05  1.2477039210E+00
  6.7796610169E-05  1.2475451271E+00
  6.9491525424E-05  1.2473910106E+00
  7.1186440678E-05  1.2472433274E+00
  7.2881355932E-05  1.2471017491E+00
  7.4576271186E-05  1.2469663420E+00
  7.6271186441E-05  1.2468377046E+00
  7.7966101695E-05  1.2467163855E+00
  7.9661016949E-05  1.2466027040E+00
  8.1355932203E-05  1.2464968819E+00
  8.3050847458E-05  1.2463991754E+00
  8.4745762712E-05  1.2463098834E+00
  8.6440677966E-05  1.2462292960E+00
  8.8135593220E-05  1.2461576638E+00
  8.9830508475E-05  1.2460951877E+00
  9.1525423729E-05  1.2460420264E+00
  9.3220338983E-05  1.2459983181E+00
  9.4915254237E-05  1.2459641860E+00
  9.6610169492E-05  1.2459397282E+00
  9.8305084746E-05  1.2459250186E+00
  1.0000000000E-04  1.2459201090E+00
 BLOCKEND
