
 Phase Region for:
     FCC_A1                        
 col-1=T_CELSIU, col-2=T, col-3=DT(FCC_A1,C),
   8.00000E+02   1.07315E+03   1.93867E-12
   7.90000E+02   1.06315E+03   1.66449E-12
   7.80000E+02   1.05315E+03   1.42496E-12
   7.70000E+02   1.04315E+03   1.21626E-12
   7.60000E+02   1.03315E+03   1.03496E-12
   7.50000E+02   1.02315E+03   8.77904E-13
   7.40000E+02   1.01315E+03   7.42268E-13
   7.30000E+02   1.00315E+03   6.25491E-13
   7.20000E+02   9.93150E+02   5.25273E-13
   7.10000E+02   9.83150E+02   4.39547E-13
   7.00000E+02   9.73150E+02   3.66468E-13
   6.90000E+02   9.63150E+02   3.04387E-13
   6.80000E+02   9.53150E+02   2.51840E-13
   6.70000E+02   9.43150E+02   2.07529E-13
   6.60000E+02   9.33150E+02   1.70307E-13
   6.50000E+02   9.23150E+02   1.39163E-13
   6.40000E+02   9.13150E+02   1.13213E-13
   6.30000E+02   9.03150E+02   9.16819E-14
   6.20000E+02   8.93150E+02   7.38957E-14
   6.10000E+02   8.83150E+02   5.92698E-14
   6.00000E+02   8.73150E+02   4.72992E-14
   5.90000E+02   8.63150E+02   3.75494E-14
   5.80000E+02   8.53150E+02   2.96485E-14
   5.70000E+02   8.43150E+02   2.32793E-14
   5.60000E+02   8.33150E+02   1.81725E-14
   5.50000E+02   8.23150E+02   1.41009E-14
   5.40000E+02   8.13150E+02   1.08735E-14
   5.30000E+02   8.03150E+02   8.33065E-15
   5.20000E+02   7.93150E+02   6.33976E-15
   5.10000E+02   7.83150E+02   4.79112E-15
   5.00000E+02   7.73150E+02   3.59464E-15
   4.90000E+02   7.63150E+02   2.67673E-15
   4.80000E+02   7.53150E+02   1.97766E-15
   4.70000E+02   7.43150E+02   1.44931E-15
   4.60000E+02   7.33150E+02   1.05315E-15
   4.50000E+02   7.23150E+02   7.58545E-16
   4.40000E+02   7.13150E+02   5.41349E-16
   4.30000E+02   7.03150E+02   3.82654E-16
   4.20000E+02   6.93150E+02   2.67786E-16
   4.10000E+02   6.83150E+02   1.85451E-16
   4.00000E+02   6.73150E+02   1.27038E-16
