 PROLOGUE 1
 XSCALE        0.00000           200.000    
 YSCALE       0.300000E-02      0.117824E-01
 XTEXT TIME
 YTEXT IWW(2,C)
 XTYPE LINEAR
 YTYPE LINEAR
 XLENGTH        11.5000    
 YLENGTH        11.5000    
 TITLE   
 DATASET 1
 CLIP OFF
 1.05 1.05 MNA' CELL #   2
 CLIP ON
 $ X-AXIS = TIME      Y-AXIS = IWW(2,C)
 BLOCK X=C1; Y=C2;       GOC=C3,WAD;
  0.0000000000E+00  3.0000000000E-03 M
  1.0000000000E-07  3.0521598030E-03
  2.6315201595E-06  3.0677532263E-03
  7.6945604784E-06  3.0939424567E-03
  1.7820641116E-05  3.1231116311E-03
  3.8072802392E-05  3.1665899893E-03
  7.8577124944E-05  3.2295190055E-03
  1.5958577005E-04  3.3187775542E-03
  3.2160306025E-04  3.4442950959E-03
  6.4563764067E-04  3.6217315623E-03
  1.2937068015E-03  3.8726850168E-03
  2.5898451231E-03  4.2277746280E-03
  5.1821217664E-03  4.7299218357E-03
  1.0366675053E-02  5.4395458068E-03
  2.0735781626E-02  6.4412897729E-03
  4.1473994773E-02  7.8356106187E-03
  8.2950421065E-02  9.5556812968E-03
  1.6590327365E-01  1.1018853239E-02
  3.3180897882E-01  1.1642890285E-02
  6.6362038916E-01  1.1757326236E-02
  1.3272432098E+00  1.1781707872E-02
  2.6544888512E+00  1.1780845643E-02
  5.3089801340E+00  1.1782253540E-02
  1.0617962699E+01  1.1782128933E-02
  2.1235927830E+01  1.1782209870E-02
  4.1235927830E+01  1.1782242685E-02
  6.1235927830E+01  1.1782272117E-02
  8.1235927830E+01  1.1782299798E-02
  1.0123592783E+02  1.1782325744E-02
  1.2123592783E+02  1.1782350232E-02
  1.4123592783E+02  1.1782373427E-02
  1.6123592783E+02  1.1782395438E-02
  1.8123592783E+02  1.1782416346E-02
  2.0000000000E+02  1.1782437387E-02
 BLOCKEND
 $ X-AXIS = TIME      Y-AXIS = IWW(2,C)
 BLOCK X=C1; Y=C2;       GOC=C3,WAD;
  0.0000000000E+00  3.0000000000E-03 M
  1.0000000000E-07  3.0521598030E-03
  2.6315201595E-06  3.0677532263E-03
  7.6945604784E-06  3.0939424567E-03
  1.7820641116E-05  3.1231116311E-03
  3.8072802392E-05  3.1665899893E-03
  7.8577124944E-05  3.2295190055E-03
  1.5958577005E-04  3.3187775542E-03
  3.2160306025E-04  3.4442950959E-03
  6.4563764067E-04  3.6217315623E-03
  1.2937068015E-03  3.8726850168E-03
  2.5898451231E-03  4.2277746280E-03
  5.1821217664E-03  4.7299218357E-03
  1.0366675053E-02  5.4395458068E-03
  2.0735781626E-02  6.4412897729E-03
  4.1473994773E-02  7.8356106187E-03
  8.2950421065E-02  9.5556812968E-03
  1.6590327365E-01  1.1018853239E-02
  3.3180897882E-01  1.1642890285E-02
  6.6362038916E-01  1.1757326236E-02
  1.3272432098E+00  1.1781707872E-02
  2.6544888512E+00  1.1780845643E-02
  5.3089801340E+00  1.1782253540E-02
  1.0617962699E+01  1.1782128933E-02
  2.1235927830E+01  1.1782209870E-02
  4.1235927830E+01  1.1782242685E-02
  6.1235927830E+01  1.1782272117E-02
  8.1235927830E+01  1.1782299798E-02
  1.0123592783E+02  1.1782325744E-02
  1.2123592783E+02  1.1782350232E-02
  1.4123592783E+02  1.1782373427E-02
  1.6123592783E+02  1.1782395438E-02
  1.8123592783E+02  1.1782416346E-02
  2.0000000000E+02  1.1782437387E-02
 BLOCKEND
 $ X-AXIS = TIME      Y-AXIS = IWW(2,C)
 BLOCK X=C1; Y=C2;       GOC=C3,WAD;
  0.0000000000E+00  3.0000000000E-03 M
  1.0000000000E-07  3.0521598030E-03
  2.6315201595E-06  3.0677532263E-03
  7.6945604784E-06  3.0939424567E-03
  1.7820641116E-05  3.1231116311E-03
  3.8072802392E-05  3.1665899893E-03
  7.8577124944E-05  3.2295190055E-03
  1.5958577005E-04  3.3187775542E-03
  3.2160306025E-04  3.4442950959E-03
  6.4563764067E-04  3.6217315623E-03
  1.2937068015E-03  3.8726850168E-03
  2.5898451231E-03  4.2277746280E-03
  5.1821217664E-03  4.7299218357E-03
  1.0366675053E-02  5.4395458068E-03
  2.0735781626E-02  6.4412897729E-03
  4.1473994773E-02  7.8356106187E-03
  8.2950421065E-02  9.5556812968E-03
  1.6590327365E-01  1.1018853239E-02
  3.3180897882E-01  1.1642890285E-02
  6.6362038916E-01  1.1757326236E-02
  1.3272432098E+00  1.1781707872E-02
  2.6544888512E+00  1.1780845643E-02
  5.3089801340E+00  1.1782253540E-02
  1.0617962699E+01  1.1782128933E-02
  2.1235927830E+01  1.1782209870E-02
  4.1235927830E+01  1.1782242685E-02
  6.1235927830E+01  1.1782272117E-02
  8.1235927830E+01  1.1782299798E-02
  1.0123592783E+02  1.1782325744E-02
  1.2123592783E+02  1.1782350232E-02
  1.4123592783E+02  1.1782373427E-02
  1.6123592783E+02  1.1782395438E-02
  1.8123592783E+02  1.1782416346E-02
  2.0000000000E+02  1.1782437387E-02
 BLOCKEND
 $ X-AXIS = TIME      Y-AXIS = IWW(2,C)
 BLOCK X=C1; Y=C2;       GOC=C3,WAD;
  0.0000000000E+00  3.0000000000E-03 M
  1.0000000000E-07  3.0521598030E-03
  2.6315201595E-06  3.0677532263E-03
  7.6945604784E-06  3.0939424567E-03
  1.7820641116E-05  3.1231116311E-03
  3.8072802392E-05  3.1665899893E-03
  7.8577124944E-05  3.2295190055E-03
  1.5958577005E-04  3.3187775542E-03
  3.2160306025E-04  3.4442950959E-03
  6.4563764067E-04  3.6217315623E-03
  1.2937068015E-03  3.8726850168E-03
  2.5898451231E-03  4.2277746280E-03
  5.1821217664E-03  4.7299218357E-03
  1.0366675053E-02  5.4395458068E-03
  2.0735781626E-02  6.4412897729E-03
  4.1473994773E-02  7.8356106187E-03
  8.2950421065E-02  9.5556812968E-03
  1.6590327365E-01  1.1018853239E-02
  3.3180897882E-01  1.1642890285E-02
  6.6362038916E-01  1.1757326236E-02
  1.3272432098E+00  1.1781707872E-02
  2.6544888512E+00  1.1780845643E-02
  5.3089801340E+00  1.1782253540E-02
  1.0617962699E+01  1.1782128933E-02
  2.1235927830E+01  1.1782209870E-02
  4.1235927830E+01  1.1782242685E-02
  6.1235927830E+01  1.1782272117E-02
  8.1235927830E+01  1.1782299798E-02
  1.0123592783E+02  1.1782325744E-02
  1.2123592783E+02  1.1782350232E-02
  1.4123592783E+02  1.1782373427E-02
  1.6123592783E+02  1.1782395438E-02
  1.8123592783E+02  1.1782416346E-02
  2.0000000000E+02  1.1782437387E-02
 BLOCKEND
 $ X-AXIS = TIME      Y-AXIS = IWW(2,C)
 BLOCK X=C1; Y=C2;       GOC=C3,WAD;
  0.0000000000E+00  3.0000000000E-03 M
  1.0000000000E-07  3.0521598030E-03
  2.6315201595E-06  3.0677532263E-03
  7.6945604784E-06  3.0939424567E-03
  1.7820641116E-05  3.1231116311E-03
  3.8072802392E-05  3.1665899893E-03
  7.8577124944E-05  3.2295190055E-03
  1.5958577005E-04  3.3187775542E-03
  3.2160306025E-04  3.4442950959E-03
  6.4563764067E-04  3.6217315623E-03
  1.2937068015E-03  3.8726850168E-03
  2.5898451231E-03  4.2277746280E-03
  5.1821217664E-03  4.7299218357E-03
  1.0366675053E-02  5.4395458068E-03
  2.0735781626E-02  6.4412897729E-03
  4.1473994773E-02  7.8356106187E-03
  8.2950421065E-02  9.5556812968E-03
  1.6590327365E-01  1.1018853239E-02
  3.3180897882E-01  1.1642890285E-02
  6.6362038916E-01  1.1757326236E-02
  1.3272432098E+00  1.1781707872E-02
  2.6544888512E+00  1.1780845643E-02
  5.3089801340E+00  1.1782253540E-02
  1.0617962699E+01  1.1782128933E-02
  2.1235927830E+01  1.1782209870E-02
  4.1235927830E+01  1.1782242685E-02
  6.1235927830E+01  1.1782272117E-02
  8.1235927830E+01  1.1782299798E-02
  1.0123592783E+02  1.1782325744E-02
  1.2123592783E+02  1.1782350232E-02
  1.4123592783E+02  1.1782373427E-02
  1.6123592783E+02  1.1782395438E-02
  1.8123592783E+02  1.1782416346E-02
  2.0000000000E+02  1.1782437387E-02
 BLOCKEND
 $ X-AXIS = TIME      Y-AXIS = IWW(2,C)
 BLOCK X=C1; Y=C2;       GOC=C3,WAD;
  0.0000000000E+00  3.0000000000E-03 M
  1.0000000000E-07  3.0521598030E-03
  2.6315201595E-06  3.0677532263E-03
  7.6945604784E-06  3.0939424567E-03
  1.7820641116E-05  3.1231116311E-03
  3.8072802392E-05  3.1665899893E-03
  7.8577124944E-05  3.2295190055E-03
  1.5958577005E-04  3.3187775542E-03
  3.2160306025E-04  3.4442950959E-03
  6.4563764067E-04  3.6217315623E-03
  1.2937068015E-03  3.8726850168E-03
  2.5898451231E-03  4.2277746280E-03
  5.1821217664E-03  4.7299218357E-03
  1.0366675053E-02  5.4395458068E-03
  2.0735781626E-02  6.4412897729E-03
  4.1473994773E-02  7.8356106187E-03
  8.2950421065E-02  9.5556812968E-03
  1.6590327365E-01  1.1018853239E-02
  3.3180897882E-01  1.1642890285E-02
  6.6362038916E-01  1.1757326236E-02
  1.3272432098E+00  1.1781707872E-02
  2.6544888512E+00  1.1780845643E-02
  5.3089801340E+00  1.1782253540E-02
  1.0617962699E+01  1.1782128933E-02
  2.1235927830E+01  1.1782209870E-02
  4.1235927830E+01  1.1782242685E-02
  6.1235927830E+01  1.1782272117E-02
  8.1235927830E+01  1.1782299798E-02
  1.0123592783E+02  1.1782325744E-02
  1.2123592783E+02  1.1782350232E-02
  1.4123592783E+02  1.1782373427E-02
  1.6123592783E+02  1.1782395438E-02
  1.8123592783E+02  1.1782416346E-02
  2.0000000000E+02  1.1782437387E-02
 BLOCKEND
 $ X-AXIS = TIME      Y-AXIS = IWW(2,C)
 BLOCK X=C1; Y=C2;       GOC=C3,WAD;
  0.0000000000E+00  3.0000000000E-03 M
  1.0000000000E-07  3.0521598030E-03
  2.6315201595E-06  3.0677532263E-03
  7.6945604784E-06  3.0939424567E-03
  1.7820641116E-05  3.1231116311E-03
  3.8072802392E-05  3.1665899893E-03
  7.8577124944E-05  3.2295190055E-03
  1.5958577005E-04  3.3187775542E-03
  3.2160306025E-04  3.4442950959E-03
  6.4563764067E-04  3.6217315623E-03
  1.2937068015E-03  3.8726850168E-03
  2.5898451231E-03  4.2277746280E-03
  5.1821217664E-03  4.7299218357E-03
  1.0366675053E-02  5.4395458068E-03
  2.0735781626E-02  6.4412897729E-03
  4.1473994773E-02  7.8356106187E-03
  8.2950421065E-02  9.5556812968E-03
  1.6590327365E-01  1.1018853239E-02
  3.3180897882E-01  1.1642890285E-02
  6.6362038916E-01  1.1757326236E-02
  1.3272432098E+00  1.1781707872E-02
  2.6544888512E+00  1.1780845643E-02
  5.3089801340E+00  1.1782253540E-02
  1.0617962699E+01  1.1782128933E-02
  2.1235927830E+01  1.1782209870E-02
  4.1235927830E+01  1.1782242685E-02
  6.1235927830E+01  1.1782272117E-02
  8.1235927830E+01  1.1782299798E-02
  1.0123592783E+02  1.1782325744E-02
  1.2123592783E+02  1.1782350232E-02
  1.4123592783E+02  1.1782373427E-02
  1.6123592783E+02  1.1782395438E-02
  1.8123592783E+02  1.1782416346E-02
  2.0000000000E+02  1.1782437387E-02
 BLOCKEND
 $ X-AXIS = TIME      Y-AXIS = IWW(2,C)
 BLOCK X=C1; Y=C2;       GOC=C3,WAD;
  0.0000000000E+00  3.0000000000E-03 M
  1.0000000000E-07  3.0521598030E-03
  2.6315201595E-06  3.0677532263E-03
  7.6945604784E-06  3.0939424567E-03
  1.7820641116E-05  3.1231116311E-03
  3.8072802392E-05  3.1665899893E-03
  7.8577124944E-05  3.2295190055E-03
  1.5958577005E-04  3.3187775542E-03
  3.2160306025E-04  3.4442950959E-03
  6.4563764067E-04  3.6217315623E-03
  1.2937068015E-03  3.8726850168E-03
  2.5898451231E-03  4.2277746280E-03
  5.1821217664E-03  4.7299218357E-03
  1.0366675053E-02  5.4395458068E-03
  2.0735781626E-02  6.4412897729E-03
  4.1473994773E-02  7.8356106187E-03
  8.2950421065E-02  9.5556812968E-03
  1.6590327365E-01  1.1018853239E-02
  3.3180897882E-01  1.1642890285E-02
  6.6362038916E-01  1.1757326236E-02
  1.3272432098E+00  1.1781707872E-02
  2.6544888512E+00  1.1780845643E-02
  5.3089801340E+00  1.1782253540E-02
  1.0617962699E+01  1.1782128933E-02
  2.1235927830E+01  1.1782209870E-02
  4.1235927830E+01  1.1782242685E-02
  6.1235927830E+01  1.1782272117E-02
  8.1235927830E+01  1.1782299798E-02
  1.0123592783E+02  1.1782325744E-02
  1.2123592783E+02  1.1782350232E-02
  1.4123592783E+02  1.1782373427E-02
  1.6123592783E+02  1.1782395438E-02
  1.8123592783E+02  1.1782416346E-02
  2.0000000000E+02  1.1782437387E-02
 BLOCKEND
 $ X-AXIS = TIME      Y-AXIS = IWW(2,C)
 BLOCK X=C1; Y=C2;       GOC=C3,WAD;
  0.0000000000E+00  3.0000000000E-03 M
  1.0000000000E-07  3.0521598030E-03
  2.6315201595E-06  3.0677532263E-03
  7.6945604784E-06  3.0939424567E-03
  1.7820641116E-05  3.1231116311E-03
  3.8072802392E-05  3.1665899893E-03
  7.8577124944E-05  3.2295190055E-03
  1.5958577005E-04  3.3187775542E-03
  3.2160306025E-04  3.4442950959E-03
  6.4563764067E-04  3.6217315623E-03
  1.2937068015E-03  3.8726850168E-03
  2.5898451231E-03  4.2277746280E-03
  5.1821217664E-03  4.7299218357E-03
  1.0366675053E-02  5.4395458068E-03
  2.0735781626E-02  6.4412897729E-03
  4.1473994773E-02  7.8356106187E-03
  8.2950421065E-02  9.5556812968E-03
  1.6590327365E-01  1.1018853239E-02
  3.3180897882E-01  1.1642890285E-02
  6.6362038916E-01  1.1757326236E-02
  1.3272432098E+00  1.1781707872E-02
  2.6544888512E+00  1.1780845643E-02
  5.3089801340E+00  1.1782253540E-02
  1.0617962699E+01  1.1782128933E-02
  2.1235927830E+01  1.1782209870E-02
  4.1235927830E+01  1.1782242685E-02
  6.1235927830E+01  1.1782272117E-02
  8.1235927830E+01  1.1782299798E-02
  1.0123592783E+02  1.1782325744E-02
  1.2123592783E+02  1.1782350232E-02
  1.4123592783E+02  1.1782373427E-02
  1.6123592783E+02  1.1782395438E-02
  1.8123592783E+02  1.1782416346E-02
  2.0000000000E+02  1.1782437387E-02
 BLOCKEND
