 PROLOGUE 1
 XSCALE        0.00000           200.000    
 YSCALE       0.419322E-04      0.300000E-02
 XTEXT TIME
 YTEXT IWW(1,C)
 XTYPE LINEAR
 YTYPE LINEAR
 XLENGTH        11.5000    
 YLENGTH        11.5000    
 TITLE   
 DATASET 1
 CLIP OFF
 1.05 1.05 MNA' CELL #   1
 CLIP ON
 $ X-AXIS = TIME      Y-AXIS = IWW(1,C)
 BLOCK X=C1; Y=C2;       GOC=C3,WAD;
  0.0000000000E+00  3.0000000000E-03 M
  1.0000000000E-07  2.9826121861E-03
  2.6315201595E-06  2.9790172396E-03
  7.6945604784E-06  2.9728610032E-03
  1.7820641116E-05  2.9631352035E-03
  3.8072802392E-05  2.9486369223E-03
  7.8577124944E-05  2.9276496432E-03
  1.5958577005E-04  2.8978752145E-03
  3.2160306025E-04  2.8559936556E-03
  6.4563764067E-04  2.7967642518E-03
  1.2937068015E-03  2.7129463687E-03
  2.5898451231E-03  2.5942509649E-03
  5.1821217664E-03  2.4262059087E-03
  1.0366675053E-02  2.1883420313E-03
  2.0735781626E-02  1.8517883345E-03
  4.1473994773E-02  1.3818306061E-03
  8.2950421065E-02  7.9964243197E-04
  1.6590327365E-01  3.0227503113E-04
  3.3180897882E-01  8.9550770089E-05
  6.6362038916E-01  5.0502400287E-05
  1.3272432098E+00  4.2181221059E-05
  2.6544888512E+00  4.2475499255E-05
  5.3089801340E+00  4.1994984341E-05
  1.0617962699E+01  4.2037512192E-05
  2.1235927830E+01  4.2009888229E-05
  4.1235927830E+01  4.1998688329E-05
  6.1235927830E+01  4.1988643298E-05
  8.1235927830E+01  4.1979195588E-05
  1.0123592783E+02  4.1970340198E-05
  1.2123592783E+02  4.1961982405E-05
  1.4123592783E+02  4.1954065933E-05
  1.6123592783E+02  4.1946553544E-05
  1.8123592783E+02  4.1939417663E-05
  2.0000000000E+02  4.1932236255E-05
 BLOCKEND
 $ X-AXIS = TIME      Y-AXIS = IWW(1,C)
 BLOCK X=C1; Y=C2;       GOC=C3,WAD;
  0.0000000000E+00  3.0000000000E-03 M
  1.0000000000E-07  2.9826121861E-03
  2.6315201595E-06  2.9790172396E-03
  7.6945604784E-06  2.9728610032E-03
  1.7820641116E-05  2.9631352035E-03
  3.8072802392E-05  2.9486369223E-03
  7.8577124944E-05  2.9276496432E-03
  1.5958577005E-04  2.8978752145E-03
  3.2160306025E-04  2.8559936556E-03
  6.4563764067E-04  2.7967642518E-03
  1.2937068015E-03  2.7129463687E-03
  2.5898451231E-03  2.5942509649E-03
  5.1821217664E-03  2.4262059087E-03
  1.0366675053E-02  2.1883420313E-03
  2.0735781626E-02  1.8517883345E-03
  4.1473994773E-02  1.3818306061E-03
  8.2950421065E-02  7.9964243197E-04
  1.6590327365E-01  3.0227503113E-04
  3.3180897882E-01  8.9550770089E-05
  6.6362038916E-01  5.0502400287E-05
  1.3272432098E+00  4.2181221059E-05
  2.6544888512E+00  4.2475499255E-05
  5.3089801340E+00  4.1994984341E-05
  1.0617962699E+01  4.2037512192E-05
  2.1235927830E+01  4.2009888229E-05
  4.1235927830E+01  4.1998688329E-05
  6.1235927830E+01  4.1988643298E-05
  8.1235927830E+01  4.1979195588E-05
  1.0123592783E+02  4.1970340198E-05
  1.2123592783E+02  4.1961982405E-05
  1.4123592783E+02  4.1954065933E-05
  1.6123592783E+02  4.1946553544E-05
  1.8123592783E+02  4.1939417663E-05
  2.0000000000E+02  4.1932236255E-05
 BLOCKEND
 $ X-AXIS = TIME      Y-AXIS = IWW(1,C)
 BLOCK X=C1; Y=C2;       GOC=C3,WAD;
  0.0000000000E+00  3.0000000000E-03 M
  1.0000000000E-07  2.9826121861E-03
  2.6315201595E-06  2.9790172396E-03
  7.6945604784E-06  2.9728610032E-03
  1.7820641116E-05  2.9631352035E-03
  3.8072802392E-05  2.9486369223E-03
  7.8577124944E-05  2.9276496432E-03
  1.5958577005E-04  2.8978752145E-03
  3.2160306025E-04  2.8559936556E-03
  6.4563764067E-04  2.7967642518E-03
  1.2937068015E-03  2.7129463687E-03
  2.5898451231E-03  2.5942509649E-03
  5.1821217664E-03  2.4262059087E-03
  1.0366675053E-02  2.1883420313E-03
  2.0735781626E-02  1.8517883345E-03
  4.1473994773E-02  1.3818306061E-03
  8.2950421065E-02  7.9964243197E-04
  1.6590327365E-01  3.0227503113E-04
  3.3180897882E-01  8.9550770089E-05
  6.6362038916E-01  5.0502400287E-05
  1.3272432098E+00  4.2181221059E-05
  2.6544888512E+00  4.2475499255E-05
  5.3089801340E+00  4.1994984341E-05
  1.0617962699E+01  4.2037512192E-05
  2.1235927830E+01  4.2009888229E-05
  4.1235927830E+01  4.1998688329E-05
  6.1235927830E+01  4.1988643298E-05
  8.1235927830E+01  4.1979195588E-05
  1.0123592783E+02  4.1970340198E-05
  1.2123592783E+02  4.1961982405E-05
  1.4123592783E+02  4.1954065933E-05
  1.6123592783E+02  4.1946553544E-05
  1.8123592783E+02  4.1939417663E-05
  2.0000000000E+02  4.1932236255E-05
 BLOCKEND
 $ X-AXIS = TIME      Y-AXIS = IWW(1,C)
 BLOCK X=C1; Y=C2;       GOC=C3,WAD;
  0.0000000000E+00  3.0000000000E-03 M
  1.0000000000E-07  2.9826121861E-03
  2.6315201595E-06  2.9790172396E-03
  7.6945604784E-06  2.9728610032E-03
  1.7820641116E-05  2.9631352035E-03
  3.8072802392E-05  2.9486369223E-03
  7.8577124944E-05  2.9276496432E-03
  1.5958577005E-04  2.8978752145E-03
  3.2160306025E-04  2.8559936556E-03
  6.4563764067E-04  2.7967642518E-03
  1.2937068015E-03  2.7129463687E-03
  2.5898451231E-03  2.5942509649E-03
  5.1821217664E-03  2.4262059087E-03
  1.0366675053E-02  2.1883420313E-03
  2.0735781626E-02  1.8517883345E-03
  4.1473994773E-02  1.3818306061E-03
  8.2950421065E-02  7.9964243197E-04
  1.6590327365E-01  3.0227503113E-04
  3.3180897882E-01  8.9550770089E-05
  6.6362038916E-01  5.0502400287E-05
  1.3272432098E+00  4.2181221059E-05
  2.6544888512E+00  4.2475499255E-05
  5.3089801340E+00  4.1994984341E-05
  1.0617962699E+01  4.2037512192E-05
  2.1235927830E+01  4.2009888229E-05
  4.1235927830E+01  4.1998688329E-05
  6.1235927830E+01  4.1988643298E-05
  8.1235927830E+01  4.1979195588E-05
  1.0123592783E+02  4.1970340198E-05
  1.2123592783E+02  4.1961982405E-05
  1.4123592783E+02  4.1954065933E-05
  1.6123592783E+02  4.1946553544E-05
  1.8123592783E+02  4.1939417663E-05
  2.0000000000E+02  4.1932236255E-05
 BLOCKEND
 $ X-AXIS = TIME      Y-AXIS = IWW(1,C)
 BLOCK X=C1; Y=C2;       GOC=C3,WAD;
  0.0000000000E+00  3.0000000000E-03 M
  1.0000000000E-07  2.9826121861E-03
  2.6315201595E-06  2.9790172396E-03
  7.6945604784E-06  2.9728610032E-03
  1.7820641116E-05  2.9631352035E-03
  3.8072802392E-05  2.9486369223E-03
  7.8577124944E-05  2.9276496432E-03
  1.5958577005E-04  2.8978752145E-03
  3.2160306025E-04  2.8559936556E-03
  6.4563764067E-04  2.7967642518E-03
  1.2937068015E-03  2.7129463687E-03
  2.5898451231E-03  2.5942509649E-03
  5.1821217664E-03  2.4262059087E-03
  1.0366675053E-02  2.1883420313E-03
  2.0735781626E-02  1.8517883345E-03
  4.1473994773E-02  1.3818306061E-03
  8.2950421065E-02  7.9964243197E-04
  1.6590327365E-01  3.0227503113E-04
  3.3180897882E-01  8.9550770089E-05
  6.6362038916E-01  5.0502400287E-05
  1.3272432098E+00  4.2181221059E-05
  2.6544888512E+00  4.2475499255E-05
  5.3089801340E+00  4.1994984341E-05
  1.0617962699E+01  4.2037512192E-05
  2.1235927830E+01  4.2009888229E-05
  4.1235927830E+01  4.1998688329E-05
  6.1235927830E+01  4.1988643298E-05
  8.1235927830E+01  4.1979195588E-05
  1.0123592783E+02  4.1970340198E-05
  1.2123592783E+02  4.1961982405E-05
  1.4123592783E+02  4.1954065933E-05
  1.6123592783E+02  4.1946553544E-05
  1.8123592783E+02  4.1939417663E-05
  2.0000000000E+02  4.1932236255E-05
 BLOCKEND
 $ X-AXIS = TIME      Y-AXIS = IWW(1,C)
 BLOCK X=C1; Y=C2;       GOC=C3,WAD;
  0.0000000000E+00  3.0000000000E-03 M
  1.0000000000E-07  2.9826121861E-03
  2.6315201595E-06  2.9790172396E-03
  7.6945604784E-06  2.9728610032E-03
  1.7820641116E-05  2.9631352035E-03
  3.8072802392E-05  2.9486369223E-03
  7.8577124944E-05  2.9276496432E-03
  1.5958577005E-04  2.8978752145E-03
  3.2160306025E-04  2.8559936556E-03
  6.4563764067E-04  2.7967642518E-03
  1.2937068015E-03  2.7129463687E-03
  2.5898451231E-03  2.5942509649E-03
  5.1821217664E-03  2.4262059087E-03
  1.0366675053E-02  2.1883420313E-03
  2.0735781626E-02  1.8517883345E-03
  4.1473994773E-02  1.3818306061E-03
  8.2950421065E-02  7.9964243197E-04
  1.6590327365E-01  3.0227503113E-04
  3.3180897882E-01  8.9550770089E-05
  6.6362038916E-01  5.0502400287E-05
  1.3272432098E+00  4.2181221059E-05
  2.6544888512E+00  4.2475499255E-05
  5.3089801340E+00  4.1994984341E-05
  1.0617962699E+01  4.2037512192E-05
  2.1235927830E+01  4.2009888229E-05
  4.1235927830E+01  4.1998688329E-05
  6.1235927830E+01  4.1988643298E-05
  8.1235927830E+01  4.1979195588E-05
  1.0123592783E+02  4.1970340198E-05
  1.2123592783E+02  4.1961982405E-05
  1.4123592783E+02  4.1954065933E-05
  1.6123592783E+02  4.1946553544E-05
  1.8123592783E+02  4.1939417663E-05
  2.0000000000E+02  4.1932236255E-05
 BLOCKEND
 $ X-AXIS = TIME      Y-AXIS = IWW(1,C)
 BLOCK X=C1; Y=C2;       GOC=C3,WAD;
  0.0000000000E+00  3.0000000000E-03 M
  1.0000000000E-07  2.9826121861E-03
  2.6315201595E-06  2.9790172396E-03
  7.6945604784E-06  2.9728610032E-03
  1.7820641116E-05  2.9631352035E-03
  3.8072802392E-05  2.9486369223E-03
  7.8577124944E-05  2.9276496432E-03
  1.5958577005E-04  2.8978752145E-03
  3.2160306025E-04  2.8559936556E-03
  6.4563764067E-04  2.7967642518E-03
  1.2937068015E-03  2.7129463687E-03
  2.5898451231E-03  2.5942509649E-03
  5.1821217664E-03  2.4262059087E-03
  1.0366675053E-02  2.1883420313E-03
  2.0735781626E-02  1.8517883345E-03
  4.1473994773E-02  1.3818306061E-03
  8.2950421065E-02  7.9964243197E-04
  1.6590327365E-01  3.0227503113E-04
  3.3180897882E-01  8.9550770089E-05
  6.6362038916E-01  5.0502400287E-05
  1.3272432098E+00  4.2181221059E-05
  2.6544888512E+00  4.2475499255E-05
  5.3089801340E+00  4.1994984341E-05
  1.0617962699E+01  4.2037512192E-05
  2.1235927830E+01  4.2009888229E-05
  4.1235927830E+01  4.1998688329E-05
  6.1235927830E+01  4.1988643298E-05
  8.1235927830E+01  4.1979195588E-05
  1.0123592783E+02  4.1970340198E-05
  1.2123592783E+02  4.1961982405E-05
  1.4123592783E+02  4.1954065933E-05
  1.6123592783E+02  4.1946553544E-05
  1.8123592783E+02  4.1939417663E-05
  2.0000000000E+02  4.1932236255E-05
 BLOCKEND
 $ X-AXIS = TIME      Y-AXIS = IWW(1,C)
 BLOCK X=C1; Y=C2;       GOC=C3,WAD;
  0.0000000000E+00  3.0000000000E-03 M
  1.0000000000E-07  2.9826121861E-03
  2.6315201595E-06  2.9790172396E-03
  7.6945604784E-06  2.9728610032E-03
  1.7820641116E-05  2.9631352035E-03
  3.8072802392E-05  2.9486369223E-03
  7.8577124944E-05  2.9276496432E-03
  1.5958577005E-04  2.8978752145E-03
  3.2160306025E-04  2.8559936556E-03
  6.4563764067E-04  2.7967642518E-03
  1.2937068015E-03  2.7129463687E-03
  2.5898451231E-03  2.5942509649E-03
  5.1821217664E-03  2.4262059087E-03
  1.0366675053E-02  2.1883420313E-03
  2.0735781626E-02  1.8517883345E-03
  4.1473994773E-02  1.3818306061E-03
  8.2950421065E-02  7.9964243197E-04
  1.6590327365E-01  3.0227503113E-04
  3.3180897882E-01  8.9550770089E-05
  6.6362038916E-01  5.0502400287E-05
  1.3272432098E+00  4.2181221059E-05
  2.6544888512E+00  4.2475499255E-05
  5.3089801340E+00  4.1994984341E-05
  1.0617962699E+01  4.2037512192E-05
  2.1235927830E+01  4.2009888229E-05
  4.1235927830E+01  4.1998688329E-05
  6.1235927830E+01  4.1988643298E-05
  8.1235927830E+01  4.1979195588E-05
  1.0123592783E+02  4.1970340198E-05
  1.2123592783E+02  4.1961982405E-05
  1.4123592783E+02  4.1954065933E-05
  1.6123592783E+02  4.1946553544E-05
  1.8123592783E+02  4.1939417663E-05
  2.0000000000E+02  4.1932236255E-05
 BLOCKEND
 $ X-AXIS = TIME      Y-AXIS = IWW(1,C)
 BLOCK X=C1; Y=C2;       GOC=C3,WAD;
  0.0000000000E+00  3.0000000000E-03 M
  1.0000000000E-07  2.9826121861E-03
  2.6315201595E-06  2.9790172396E-03
  7.6945604784E-06  2.9728610032E-03
  1.7820641116E-05  2.9631352035E-03
  3.8072802392E-05  2.9486369223E-03
  7.8577124944E-05  2.9276496432E-03
  1.5958577005E-04  2.8978752145E-03
  3.2160306025E-04  2.8559936556E-03
  6.4563764067E-04  2.7967642518E-03
  1.2937068015E-03  2.7129463687E-03
  2.5898451231E-03  2.5942509649E-03
  5.1821217664E-03  2.4262059087E-03
  1.0366675053E-02  2.1883420313E-03
  2.0735781626E-02  1.8517883345E-03
  4.1473994773E-02  1.3818306061E-03
  8.2950421065E-02  7.9964243197E-04
  1.6590327365E-01  3.0227503113E-04
  3.3180897882E-01  8.9550770089E-05
  6.6362038916E-01  5.0502400287E-05
  1.3272432098E+00  4.2181221059E-05
  2.6544888512E+00  4.2475499255E-05
  5.3089801340E+00  4.1994984341E-05
  1.0617962699E+01  4.2037512192E-05
  2.1235927830E+01  4.2009888229E-05
  4.1235927830E+01  4.1998688329E-05
  6.1235927830E+01  4.1988643298E-05
  8.1235927830E+01  4.1979195588E-05
  1.0123592783E+02  4.1970340198E-05
  1.2123592783E+02  4.1961982405E-05
  1.4123592783E+02  4.1954065933E-05
  1.6123592783E+02  4.1946553544E-05
  1.8123592783E+02  4.1939417663E-05
  2.0000000000E+02  4.1932236255E-05
 BLOCKEND
