 PROLOGUE 1
 XSCALE        0.00000          0.600000E-06
 YSCALE       0.415931E-02      0.300000    
 XTEXT DISTANCE
 YTEXT WEIGHT-PERCENT C
 XTYPE LINEAR
 YTYPE LINEAR
 XLENGTH        11.5000    
 YLENGTH        11.5000    
 TITLE   
 DATASET 1
 CLIP OFF
    0.00000    1.12000 NAM' TIME = 0,1E-04,.001,.01,.03,.1,.5,10,20
 1.05 1.05 MNA' CELL #   1
 CLIP ON
 $ X-AXIS = DISTANCE      Y-AXIS = W(C)
 BLOCK X=C1; Y=C2;       GOC=C3,WAD;
  0.0000000000E+00  3.0000000000E-01 M
  1.2244897959E-08  3.0000000000E-01
  2.4489795918E-08  3.0000000000E-01
  3.6734693878E-08  3.0000000000E-01
  4.8979591837E-08  3.0000000000E-01
  6.1224489796E-08  3.0000000000E-01
  7.3469387755E-08  3.0000000000E-01
  8.5714285714E-08  3.0000000000E-01
  9.7959183673E-08  3.0000000000E-01
  1.1020408163E-07  3.0000000000E-01
  1.2244897959E-07  3.0000000000E-01
  1.3469387755E-07  3.0000000000E-01
  1.4693877551E-07  3.0000000000E-01
  1.5918367347E-07  3.0000000000E-01
  1.7142857143E-07  3.0000000000E-01
  1.8367346939E-07  3.0000000000E-01
  1.9591836735E-07  3.0000000000E-01
  2.0816326531E-07  3.0000000000E-01
  2.2040816327E-07  3.0000000000E-01
  2.3265306122E-07  3.0000000000E-01
  2.4489795918E-07  3.0000000000E-01
  2.5714285714E-07  3.0000000000E-01
  2.6938775510E-07  3.0000000000E-01
  2.8163265306E-07  3.0000000000E-01
  2.9387755102E-07  3.0000000000E-01
  3.0612244898E-07  3.0000000000E-01
  3.1836734694E-07  3.0000000000E-01
  3.3061224490E-07  3.0000000000E-01
  3.4285714286E-07  3.0000000000E-01
  3.5510204082E-07  3.0000000000E-01
  3.6734693878E-07  3.0000000000E-01
  3.7959183673E-07  3.0000000000E-01
  3.9183673469E-07  3.0000000000E-01
  4.0408163265E-07  3.0000000000E-01
  4.1632653061E-07  3.0000000000E-01
  4.2857142857E-07  3.0000000000E-01
  4.4081632653E-07  3.0000000000E-01
  4.5306122449E-07  3.0000000000E-01
  4.6530612245E-07  3.0000000000E-01
  4.7755102041E-07  3.0000000000E-01
  4.8979591837E-07  3.0000000000E-01
  5.0204081633E-07  3.0000000000E-01
  5.1428571429E-07  3.0000000000E-01
  5.2653061224E-07  3.0000000000E-01
  5.3877551020E-07  3.0000000000E-01
  5.5102040816E-07  3.0000000000E-01
  5.6326530612E-07  3.0000000000E-01
  5.7551020408E-07  3.0000000000E-01
  5.8775510204E-07  3.0000000000E-01
  6.0000000000E-07  3.0000000000E-01
 BLOCKEND
 $ X-AXIS = DISTANCE      Y-AXIS = W(C)
 BLOCK X=C1; Y=C2;       GOC=C3,WAD;
  0.0000000000E+00  3.0000000000E-01 M
  1.2244897959E-08  3.0000000000E-01
  2.4489795918E-08  3.0000000000E-01
  3.6734693878E-08  3.0000000000E-01
  4.8979591837E-08  3.0000000000E-01
  6.1224489796E-08  3.0000000000E-01
  7.3469387755E-08  3.0000000000E-01
  8.5714285714E-08  3.0000000000E-01
  9.7959183673E-08  3.0000000000E-01
  1.1020408163E-07  3.0000000000E-01
  1.2244897959E-07  3.0000000000E-01
  1.3469387755E-07  3.0000000000E-01
  1.4693877551E-07  3.0000000000E-01
  1.5918367347E-07  3.0000000000E-01
  1.7142857143E-07  3.0000000000E-01
  1.8367346939E-07  3.0000000000E-01
  1.9591836735E-07  3.0000000000E-01
  2.0816326531E-07  3.0000000000E-01
  2.2040816327E-07  3.0000000000E-01
  2.3265306122E-07  3.0000000000E-01
  2.4489795918E-07  3.0000000000E-01
  2.5714285714E-07  3.0000000000E-01
  2.6938775510E-07  3.0000000000E-01
  2.8163265306E-07  3.0000000000E-01
  2.9387755102E-07  3.0000000000E-01
  3.0612244898E-07  3.0000000000E-01
  3.1836734694E-07  3.0000000000E-01
  3.3061224490E-07  3.0000000000E-01
  3.4285714286E-07  3.0000000000E-01
  3.5510204082E-07  3.0000000000E-01
  3.6734693878E-07  3.0000000000E-01
  3.7959183673E-07  3.0000000000E-01
  3.9183673469E-07  2.9999999999E-01
  4.0408163265E-07  3.0000000003E-01
  4.1632653061E-07  3.0000000000E-01
  4.2857142857E-07  2.9999999951E-01
  4.4081632653E-07  3.0000000308E-01
  4.5306122449E-07  2.9999998564E-01
  4.6530612245E-07  3.0000002702E-01
  4.7755102041E-07  2.9999994500E-01
  4.8979591837E-07  2.9999892059E-01
  5.0204081633E-07  2.9999954520E-01
  5.1428571429E-07  2.9996954471E-01
  5.2653061224E-07  2.9976423930E-01
  5.3877551020E-07  2.9899879028E-01
  5.5102040816E-07  2.9531541997E-01
  5.6326530612E-07  2.7948587985E-01
  5.7551020408E-07  2.3357937440E-01
  5.8775510204E-07  1.4238295858E-01
  6.0000000000E-07  1.3440451681E-02
 BLOCKEND
 $ X-AXIS = DISTANCE      Y-AXIS = W(C)
 BLOCK X=C1; Y=C2;       GOC=C3,WAD;
  0.0000000000E+00  2.9999999999E-01 M
  1.2244897959E-08  2.9999999998E-01
  2.4489795918E-08  2.9999999997E-01
  3.6734693878E-08  2.9999999995E-01
  4.8979591837E-08  2.9999999992E-01
  6.1224489796E-08  2.9999999984E-01
  7.3469387755E-08  2.9999999971E-01
  8.5714285714E-08  2.9999999947E-01
  9.7959183673E-08  2.9999999901E-01
  1.1020408163E-07  2.9999999818E-01
  1.2244897959E-07  2.9999999665E-01
  1.3469387755E-07  2.9999999383E-01
  1.4693877551E-07  2.9999998868E-01
  1.5918367347E-07  2.9999997925E-01
  1.7142857143E-07  2.9999996205E-01
  1.8367346939E-07  2.9999993076E-01
  1.9591836735E-07  2.9999987397E-01
  2.0816326531E-07  2.9999977118E-01
  2.2040816327E-07  2.9999958576E-01
  2.3265306122E-07  2.9999925248E-01
  2.4489795918E-07  2.9999865576E-01
  2.5714285714E-07  2.9999759210E-01
  2.6938775510E-07  2.9999570540E-01
  2.8163265306E-07  2.9999237720E-01
  2.9387755102E-07  2.9998654238E-01
  3.0612244898E-07  2.9997638412E-01
  3.1836734694E-07  2.9995883731E-01
  3.3061224490E-07  2.9992879574E-01
  3.4285714286E-07  2.9987787494E-01
  3.5510204082E-07  2.9979253406E-01
  3.6734693878E-07  2.9965131572E-01
  3.7959183673E-07  2.9942093751E-01
  3.9183673469E-07  2.9905099650E-01
  4.0408163265E-07  2.9846711908E-01
  4.1632653061E-07  2.9756246400E-01
  4.2857142857E-07  2.9618744485E-01
  4.4081632653E-07  2.9413721106E-01
  4.5306122449E-07  2.9113598136E-01
  4.6530612245E-07  2.8681869649E-01
  4.7755102041E-07  2.8071716890E-01
  4.8979591837E-07  2.7226173282E-01
  5.0204081633E-07  2.6080278914E-01
  5.1428571429E-07  2.4566047193E-01
  5.2653061224E-07  2.2620778902E-01
  5.3877551020E-07  2.0197106889E-01
  5.5102040816E-07  1.7274482353E-01
  5.6326530612E-07  1.3868791826E-01
  5.7551020408E-07  1.0036188973E-01
  5.8775510204E-07  5.8781931291E-02
  6.0000000000E-07  1.5392913132E-02
 BLOCKEND
 $ X-AXIS = DISTANCE      Y-AXIS = W(C)
 BLOCK X=C1; Y=C2;       GOC=C3,WAD;
  0.0000000000E+00  2.9711403392E-01 M
  1.2244897959E-08  2.9707591061E-01
  2.4489795918E-08  2.9696089706E-01
  3.6734693878E-08  2.9676706271E-01
  4.8979591837E-08  2.9649119261E-01
  6.1224489796E-08  2.9612878887E-01
  7.3469387755E-08  2.9567408133E-01
  8.5714285714E-08  2.9512004194E-01
  9.7959183673E-08  2.9445839730E-01
  1.1020408163E-07  2.9367965171E-01
  1.2244897959E-07  2.9277311710E-01
  1.3469387755E-07  2.9172695071E-01
  1.4693877551E-07  2.9052820140E-01
  1.5918367347E-07  2.8916286519E-01
  1.7142857143E-07  2.8761594981E-01
  1.8367346939E-07  2.8587154942E-01
  1.9591836735E-07  2.8391292957E-01
  2.0816326531E-07  2.8172262377E-01
  2.2040816327E-07  2.7928254419E-01
  2.3265306122E-07  2.7657410867E-01
  2.4489795918E-07  2.7357838769E-01
  2.5714285714E-07  2.7027627375E-01
  2.6938775510E-07  2.6664867430E-01
  2.8163265306E-07  2.6267672690E-01
  2.9387755102E-07  2.5834203092E-01
  3.0612244898E-07  2.5362688663E-01
  3.1836734694E-07  2.4851453210E-01
  3.3061224490E-07  2.4298937377E-01
  3.4285714286E-07  2.3703721590E-01
  3.5510204082E-07  2.3064550675E-01
  3.6734693878E-07  2.2380362386E-01
  3.7959183673E-07  2.1650320025E-01
  3.9183673469E-07  2.0873844451E-01
  4.0408163265E-07  2.0050636295E-01
  4.1632653061E-07  1.9180683148E-01
  4.2857142857E-07  1.8264264487E-01
  4.4081632653E-07  1.7301987467E-01
  4.5306122449E-07  1.6294844385E-01
  4.6530612245E-07  1.5244184259E-01
  4.7755102041E-07  1.4151662585E-01
  4.8979591837E-07  1.3019355043E-01
  5.0204081633E-07  1.1849711005E-01
  5.1428571429E-07  1.0645441002E-01
  5.2653061224E-07  9.4096906174E-02
  5.3877551020E-07  8.1457617332E-02
  5.5102040816E-07  6.8574547323E-02
  5.6326530612E-07  5.5492745614E-02
  5.7551020408E-07  4.2241731295E-02
  5.8775510204E-07  2.8858058351E-02
  6.0000000000E-07  1.5433015529E-02
 BLOCKEND
 $ X-AXIS = DISTANCE      Y-AXIS = W(C)
 BLOCK X=C1; Y=C2;       GOC=C3,WAD;
  0.0000000000E+00  2.4341982881E-01 M
  1.2244897959E-08  2.4331917137E-01
  2.4489795918E-08  2.4301716123E-01
  3.6734693878E-08  2.4251368863E-01
  4.8979591837E-08  2.4180857609E-01
  6.1224489796E-08  2.4090158168E-01
  7.3469387755E-08  2.3979240570E-01
  8.5714285714E-08  2.3848069988E-01
  9.7959183673E-08  2.3696607924E-01
  1.1020408163E-07  2.3524813655E-01
  1.2244897959E-07  2.3332645930E-01
  1.3469387755E-07  2.3120064922E-01
  1.4693877551E-07  2.2887034398E-01
  1.5918367347E-07  2.2633524035E-01
  1.7142857143E-07  2.2359511820E-01
  1.8367346939E-07  2.2064986438E-01
  1.9591836735E-07  2.1749949561E-01
  2.0816326531E-07  2.1414418028E-01
  2.2040816327E-07  2.1058425925E-01
  2.3265306122E-07  2.0682026640E-01
  2.4489795918E-07  2.0285295074E-01
  2.5714285714E-07  1.9868330183E-01
  2.6938775510E-07  1.9431257933E-01
  2.8163265306E-07  1.8974234677E-01
  2.9387755102E-07  1.8497450597E-01
  3.0612244898E-07  1.8001132554E-01
  3.1836734694E-07  1.7485545651E-01
  3.3061224490E-07  1.6950993215E-01
  3.4285714286E-07  1.6397815689E-01
  3.5510204082E-07  1.5826390209E-01
  3.6734693878E-07  1.5237133237E-01
  3.7959183673E-07  1.4630507140E-01
  3.9183673469E-07  1.4007027105E-01
  4.0408163265E-07  1.3367260359E-01
  4.1632653061E-07  1.2711812524E-01
  4.2857142857E-07  1.2041312792E-01
  4.4081632653E-07  1.1356430456E-01
  4.5306122449E-07  1.0657916291E-01
  4.6530612245E-07  9.9465644178E-02
  4.7755102041E-07  9.2231558977E-02
  4.8979591837E-07  8.4885679406E-02
  5.0204081633E-07  7.7437306982E-02
  5.1428571429E-07  6.9895232782E-02
  5.2653061224E-07  6.2269571094E-02
  5.3877551020E-07  5.4569127028E-02
  5.5102040816E-07  4.6804969843E-02
  5.6326530612E-07  3.8992938751E-02
  5.7551020408E-07  3.1131557923E-02
  5.8775510204E-07  2.3223789350E-02
  6.0000000000E-07  1.5325144404E-02
 BLOCKEND
 $ X-AXIS = DISTANCE      Y-AXIS = W(C)
 BLOCK X=C1; Y=C2;       GOC=C3,WAD;
  0.0000000000E+00  1.0169365116E-01 M
  1.2244897959E-08  1.0164888809E-01
  2.4489795918E-08  1.0151464167E-01
  3.6734693878E-08  1.0129104056E-01
  4.8979591837E-08  1.0097829900E-01
  6.1224489796E-08  1.0057671536E-01
  7.3469387755E-08  1.0008667083E-01
  8.5714285714E-08  9.9508628029E-02
  9.7959183673E-08  9.8843130195E-02
  1.1020408163E-07  9.8090800603E-02
  1.2244897959E-07  9.7252342497E-02
  1.3469387755E-07  9.6328539672E-02
  1.4693877551E-07  9.5320257521E-02
  1.5918367347E-07  9.4228444148E-02
  1.7142857143E-07  9.3054131198E-02
  1.8367346939E-07  9.1798433684E-02
  1.9591836735E-07  9.0462548229E-02
  2.0816326531E-07  8.9047749728E-02
  2.2040816327E-07  8.7555386599E-02
  2.3265306122E-07  8.5986875422E-02
  2.4489795918E-07  8.4343696817E-02
  2.5714285714E-07  8.2627394299E-02
  2.6938775510E-07  8.0839577414E-02
  2.8163265306E-07  7.8981929511E-02
  2.9387755102E-07  7.7056217447E-02
  3.0612244898E-07  7.5064297300E-02
  3.1836734694E-07  7.3008109683E-02
  3.3061224490E-07  7.0889661572E-02
  3.4285714286E-07  6.8710999058E-02
  3.5510204082E-07  6.6474187610E-02
  3.6734693878E-07  6.4181323473E-02
  3.7959183673E-07  6.1834585772E-02
  3.9183673469E-07  5.9436295994E-02
  4.0408163265E-07  5.6988906343E-02
  4.1632653061E-07  5.4494864109E-02
  4.2857142857E-07  5.1956463663E-02
  4.4081632653E-07  4.9376009135E-02
  4.5306122449E-07  4.6756230197E-02
  4.6530612245E-07  4.4099912166E-02
  4.7755102041E-07  4.1409345092E-02
  4.8979591837E-07  3.8687429065E-02
  5.0204081633E-07  3.5937263586E-02
  5.1428571429E-07  3.3161133064E-02
  5.2653061224E-07  3.0362363210E-02
  5.3877551020E-07  2.7542703980E-02
  5.5102040816E-07  2.4705916023E-02
  5.6326530612E-07  2.1860382529E-02
  5.7551020408E-07  1.8997102957E-02
  5.8775510204E-07  1.6111061374E-02
  6.0000000000E-07  1.3249383933E-02
 BLOCKEND
 $ X-AXIS = DISTANCE      Y-AXIS = W(C)
 BLOCK X=C1; Y=C2;       GOC=C3,WAD;
  0.0000000000E+00  7.6113475329E-03 M
  1.2244897959E-08  7.6105575185E-03
  2.4489795918E-08  7.6081885832E-03
  3.6734693878E-08  7.6042438535E-03
  4.8979591837E-08  7.5987278981E-03
  6.1224489796E-08  7.5916458811E-03
  7.3469387755E-08  7.5830024798E-03
  8.5714285714E-08  7.5728008494E-03
  9.7959183673E-08  7.5610420508E-03
  1.1020408163E-07  7.5477248750E-03
  1.2244897959E-07  7.5328461117E-03
  1.3469387755E-07  7.5164015261E-03
  1.4693877551E-07  7.4983873445E-03
  1.5918367347E-07  7.4788018661E-03
  1.7142857143E-07  7.4576468932E-03
  1.8367346939E-07  7.4349282656E-03
  1.9591836735E-07  7.4106549262E-03
  2.0816326531E-07  7.3848365101E-03
  2.2040816327E-07  7.3574795843E-03
  2.3265306122E-07  7.3285832794E-03
  2.4489795918E-07  7.2981361153E-03
  2.5714285714E-07  7.2661157225E-03
  2.6938775510E-07  7.2324927704E-03
  2.8163265306E-07  7.1972395465E-03
  2.9387755102E-07  7.1603405922E-03
  3.0612244898E-07  7.1217996031E-03
  3.1836734694E-07  7.0816362515E-03
  3.3061224490E-07  7.0398697593E-03
  3.4285714286E-07  6.9964934052E-03
  3.5510204082E-07  6.9514562926E-03
  3.6734693878E-07  6.9046758981E-03
  3.7959183673E-07  6.8560912695E-03
  3.9183673469E-07  6.8057241058E-03
  4.0408163265E-07  6.7536695410E-03
  4.1632653061E-07  6.6999632582E-03
  4.2857142857E-07  6.6444353465E-03
  4.4081632653E-07  6.5868742326E-03
  4.5306122449E-07  6.5274449844E-03
  4.6530612245E-07  6.4663216882E-03
  4.7755102041E-07  6.4031383425E-03
  4.8979591837E-07  6.3380998680E-03
  5.0204081633E-07  6.2715746716E-03
  5.1428571429E-07  6.2030830584E-03
  5.2653061224E-07  6.1331618467E-03
  5.3877551020E-07  6.0607429063E-03
  5.5102040816E-07  5.9867465471E-03
  5.6326530612E-07  5.9167258265E-03
  5.7551020408E-07  5.8388493047E-03
  5.8775510204E-07  5.7451781457E-03
  6.0000000000E-07  5.6798794517E-03
 BLOCKEND
 $ X-AXIS = DISTANCE      Y-AXIS = W(C)
 BLOCK X=C1; Y=C2;       GOC=C3,WAD;
  0.0000000000E+00  4.1620182971E-03 M
  1.2244897959E-08  4.1621173987E-03
  2.4489795918E-08  4.1624155308E-03
  3.6734693878E-08  4.1629149820E-03
  4.8979591837E-08  4.1636189342E-03
  6.1224489796E-08  4.1645306267E-03
  7.3469387755E-08  4.1656522859E-03
  8.5714285714E-08  4.1669840953E-03
  9.7959183673E-08  4.1685236193E-03
  1.1020408163E-07  4.1702656101E-03
  1.2244897959E-07  4.1722022452E-03
  1.3469387755E-07  4.1743240629E-03
  1.4693877551E-07  4.1766213966E-03
  1.5918367347E-07  4.1790859359E-03
  1.7142857143E-07  4.1817121106E-03
  1.8367346939E-07  4.1844975912E-03
  1.9591836735E-07  4.1874423335E-03
  2.0816326531E-07  4.1905461555E-03
  2.2040816327E-07  4.1938049629E-03
  2.3265306122E-07  4.1972063480E-03
  2.4489795918E-07  4.2007263445E-03
  2.5714285714E-07  4.2043290281E-03
  2.6938775510E-07  4.2079702738E-03
  2.8163265306E-07  4.2116061320E-03
  2.9387755102E-07  4.2152032657E-03
  3.0612244898E-07  4.2187457002E-03
  3.1836734694E-07  4.2222315667E-03
  3.3061224490E-07  4.2256566498E-03
  3.4285714286E-07  4.2289888519E-03
  3.5510204082E-07  4.2321497990E-03
  3.6734693878E-07  4.2350270505E-03
  3.7959183673E-07  4.2375268494E-03
  3.9183673469E-07  4.2396348543E-03
  4.0408163265E-07  4.2414068735E-03
  4.1632653061E-07  4.2428361259E-03
  4.2857142857E-07  4.2437069486E-03
  4.4081632653E-07  4.2437579568E-03
  4.5306122449E-07  4.2430996426E-03
  4.6530612245E-07  4.2418469277E-03
  4.7755102041E-07  4.2395700810E-03
  4.8979591837E-07  4.2364050216E-03
  5.0204081633E-07  4.2326461688E-03
  5.1428571429E-07  4.2277352767E-03
  5.2653061224E-07  4.2221255512E-03
  5.3877551020E-07  4.2146596858E-03
  5.5102040816E-07  4.2061617402E-03
  5.6326530612E-07  4.2020881310E-03
  5.7551020408E-07  4.1905136728E-03
  5.8775510204E-07  4.1633748918E-03
  6.0000000000E-07  4.1646936467E-03
 BLOCKEND
 $ X-AXIS = DISTANCE      Y-AXIS = W(C)
 BLOCK X=C1; Y=C2;       GOC=C3,WAD;
  0.0000000000E+00  4.1593106577E-03 M
  1.2244897959E-08  4.1594095319E-03
  2.4489795918E-08  4.1597069931E-03
  3.6734693878E-08  4.1602053643E-03
  4.8979591837E-08  4.1609078847E-03
  6.1224489796E-08  4.1618178748E-03
  7.3469387755E-08  4.1629376657E-03
  8.5714285714E-08  4.1642675700E-03
  9.7959183673E-08  4.1658053051E-03
  1.1020408163E-07  4.1675458001E-03
  1.2244897959E-07  4.1694814327E-03
  1.3469387755E-07  4.1716029638E-03
  1.4693877551E-07  4.1739009706E-03
  1.5918367347E-07  4.1763674068E-03
  1.7142857143E-07  4.1789969859E-03
  1.8367346939E-07  4.1817876806E-03
  1.9591836735E-07  4.1847397672E-03
  2.0816326531E-07  4.1878534028E-03
  2.2040816327E-07  4.1911248505E-03
  2.3265306122E-07  4.1945420779E-03
  2.4489795918E-07  4.1980815100E-03
  2.5714285714E-07  4.2017076278E-03
  2.6938775510E-07  4.2053767207E-03
  2.8163265306E-07  4.2090452584E-03
  2.9387755102E-07  4.2126803229E-03
  3.0612244898E-07  4.2162663546E-03
  3.1836734694E-07  4.2198018940E-03
  3.3061224490E-07  4.2232831289E-03
  3.4285714286E-07  4.2266783573E-03
  3.5510204082E-07  4.2299095899E-03
  3.6734693878E-07  4.2328647504E-03
  3.7959183673E-07  4.2354504142E-03
  3.9183673469E-07  4.2376525312E-03
  4.0408163265E-07  4.2395271571E-03
  4.1632653061E-07  4.2410677187E-03
  4.2857142857E-07  4.2420587183E-03
  4.4081632653E-07  4.2422388714E-03
  4.5306122449E-07  4.2417186840E-03
  4.6530612245E-07  4.2406130099E-03
  4.7755102041E-07  4.2384919720E-03
  4.8979591837E-07  4.2354912362E-03
  5.0204081633E-07  4.2319048709E-03
  5.1428571429E-07  4.2271741942E-03
  5.2653061224E-07  4.2217518634E-03
  5.3877551020E-07  4.2144799125E-03
  5.5102040816E-07  4.2061815664E-03
  5.6326530612E-07  4.2023123773E-03
  5.7551020408E-07  4.1909464716E-03
  5.8775510204E-07  4.1640188991E-03
  6.0000000000E-07  4.1655492457E-03
 BLOCKEND
