 PROLOGUE 1
 XSCALE        0.00000          0.200000E-06
 YSCALE       0.198623           2.28824    
 XTEXT DISTANCE
 YTEXT WEIGHT-PERCENT C
 XTYPE LINEAR
 YTYPE LINEAR
 XLENGTH        11.5000    
 YLENGTH        11.5000    
 TITLE   
 DATASET 1
 CLIP OFF
    0.00000    1.12000 NAM' TIME = 0,1E-04,.001,.01,.03,.1,.5,10,20
 1.05 1.05 MNA' CELL #   2
 CLIP ON
 $ X-AXIS = DISTANCE      Y-AXIS = W(C)
 BLOCK X=C1; Y=C2;       GOC=C3,WAD;
  0.0000000000E+00  3.0000000000E-01 M
  3.3898305085E-09  3.0000000000E-01
  6.7796610169E-09  3.0000000000E-01
  1.0169491525E-08  3.0000000000E-01
  1.3559322034E-08  3.0000000000E-01
  1.6949152542E-08  3.0000000000E-01
  2.0338983051E-08  3.0000000000E-01
  2.3728813559E-08  3.0000000000E-01
  2.7118644068E-08  3.0000000000E-01
  3.0508474576E-08  3.0000000000E-01
  3.3898305085E-08  3.0000000000E-01
  3.7288135593E-08  3.0000000000E-01
  4.0677966102E-08  3.0000000000E-01
  4.4067796610E-08  3.0000000000E-01
  4.7457627119E-08  3.0000000000E-01
  5.0847457627E-08  3.0000000000E-01
  5.4237288136E-08  3.0000000000E-01
  5.7627118644E-08  3.0000000000E-01
  6.1016949153E-08  3.0000000000E-01
  6.4406779661E-08  3.0000000000E-01
  6.7796610169E-08  3.0000000000E-01
  7.1186440678E-08  3.0000000000E-01
  7.4576271186E-08  3.0000000000E-01
  7.7966101695E-08  3.0000000000E-01
  8.1355932203E-08  3.0000000000E-01
  8.4745762712E-08  3.0000000000E-01
  8.8135593220E-08  3.0000000000E-01
  9.1525423729E-08  3.0000000000E-01
  9.4915254237E-08  3.0000000000E-01
  9.8305084746E-08  3.0000000000E-01
  1.0169491525E-07  3.0000000000E-01
  1.0508474576E-07  3.0000000000E-01
  1.0847457627E-07  3.0000000000E-01
  1.1186440678E-07  3.0000000000E-01
  1.1525423729E-07  3.0000000000E-01
  1.1864406780E-07  3.0000000000E-01
  1.2203389831E-07  3.0000000000E-01
  1.2542372881E-07  3.0000000000E-01
  1.2881355932E-07  3.0000000000E-01
  1.3220338983E-07  3.0000000000E-01
  1.3559322034E-07  3.0000000000E-01
  1.3898305085E-07  3.0000000000E-01
  1.4237288136E-07  3.0000000000E-01
  1.4576271186E-07  3.0000000000E-01
  1.4915254237E-07  3.0000000000E-01
  1.5254237288E-07  3.0000000000E-01
  1.5593220339E-07  3.0000000000E-01
  1.5932203390E-07  3.0000000000E-01
  1.6271186441E-07  3.0000000000E-01
  1.6610169492E-07  3.0000000000E-01
  1.6949152542E-07  3.0000000000E-01
  1.7288135593E-07  3.0000000000E-01
  1.7627118644E-07  3.0000000000E-01
  1.7966101695E-07  3.0000000000E-01
  1.8305084746E-07  3.0000000000E-01
  1.8644067797E-07  3.0000000000E-01
  1.8983050847E-07  3.0000000000E-01
  1.9322033898E-07  3.0000000000E-01
  1.9661016949E-07  3.0000000000E-01
  2.0000000000E-07  3.0000000000E-01
 BLOCKEND
 $ X-AXIS = DISTANCE      Y-AXIS = W(C)
 BLOCK X=C1; Y=C2;       GOC=C3,WAD;
  0.0000000000E+00  3.0000000000E-01 M
  3.3898305085E-09  3.0000000000E-01
  6.7796610169E-09  3.0000000000E-01
  1.0169491525E-08  3.0000000000E-01
  1.3559322034E-08  3.0000000000E-01
  1.6949152542E-08  3.0000000000E-01
  2.0338983051E-08  3.0000000000E-01
  2.3728813559E-08  3.0000000000E-01
  2.7118644068E-08  3.0000000000E-01
  3.0508474576E-08  3.0000000000E-01
  3.3898305085E-08  3.0000000000E-01
  3.7288135593E-08  3.0000000000E-01
  4.0677966102E-08  3.0000000000E-01
  4.4067796610E-08  3.0000000000E-01
  4.7457627119E-08  3.0000000000E-01
  5.0847457627E-08  3.0000000000E-01
  5.4237288136E-08  3.0000000000E-01
  5.7627118644E-08  3.0000000000E-01
  6.1016949153E-08  3.0000000000E-01
  6.4406779661E-08  3.0000000000E-01
  6.7796610169E-08  3.0000000000E-01
  7.1186440678E-08  3.0000000000E-01
  7.4576271186E-08  3.0000000000E-01
  7.7966101695E-08  3.0000000000E-01
  8.1355932203E-08  3.0000000000E-01
  8.4745762712E-08  3.0000000000E-01
  8.8135593220E-08  3.0000000000E-01
  9.1525423729E-08  3.0000000000E-01
  9.4915254237E-08  3.0000000000E-01
  9.8305084746E-08  3.0000000000E-01
  1.0169491525E-07  3.0000000000E-01
  1.0508474576E-07  3.0000000000E-01
  1.0847457627E-07  3.0000000000E-01
  1.1186440678E-07  3.0000000000E-01
  1.1525423729E-07  3.0000000000E-01
  1.1864406780E-07  3.0000000000E-01
  1.2203389831E-07  3.0000000000E-01
  1.2542372881E-07  3.0000000000E-01
  1.2881355932E-07  3.0000000000E-01
  1.3220338983E-07  3.0000000000E-01
  1.3559322034E-07  3.0000000000E-01
  1.3898305085E-07  3.0000000000E-01
  1.4237288136E-07  3.0000000000E-01
  1.4576271186E-07  2.9999999998E-01
  1.4915254237E-07  3.0000000025E-01
  1.5254237288E-07  2.9999999839E-01
  1.5593220339E-07  3.0000000878E-01
  1.5932203390E-07  2.9999995603E-01
  1.6271186441E-07  3.0000020904E-01
  1.6610169492E-07  2.9999904043E-01
  1.6949152542E-07  3.0000429195E-01
  1.7288135593E-07  2.9998118890E-01
  1.7627118644E-07  3.0008107951E-01
  1.7966101695E-07  2.9965547022E-01
  1.8305084746E-07  3.0144503849E-01
  1.8644067797E-07  2.9400400633E-01
  1.8983050847E-07  3.2450317794E-01
  1.9322033898E-07  1.9862275299E-01
  1.9661016949E-07  9.2591000063E-01
  2.0000000000E-07  2.1549106981E+00
 BLOCKEND
 $ X-AXIS = DISTANCE      Y-AXIS = W(C)
 BLOCK X=C1; Y=C2;       GOC=C3,WAD;
  0.0000000000E+00  3.0000000000E-01 M
  3.3898305085E-09  3.0000000000E-01
  6.7796610169E-09  3.0000000000E-01
  1.0169491525E-08  3.0000000000E-01
  1.3559322034E-08  3.0000000000E-01
  1.6949152542E-08  3.0000000000E-01
  2.0338983051E-08  3.0000000000E-01
  2.3728813559E-08  3.0000000000E-01
  2.7118644068E-08  3.0000000000E-01
  3.0508474576E-08  3.0000000000E-01
  3.3898305085E-08  3.0000000000E-01
  3.7288135593E-08  3.0000000000E-01
  4.0677966102E-08  3.0000000000E-01
  4.4067796610E-08  3.0000000000E-01
  4.7457627119E-08  3.0000000000E-01
  5.0847457627E-08  3.0000000000E-01
  5.4237288136E-08  3.0000000000E-01
  5.7627118644E-08  3.0000000000E-01
  6.1016949153E-08  3.0000000000E-01
  6.4406779661E-08  3.0000000000E-01
  6.7796610169E-08  3.0000000000E-01
  7.1186440678E-08  3.0000000000E-01
  7.4576271186E-08  3.0000000000E-01
  7.7966101695E-08  3.0000000000E-01
  8.1355932203E-08  3.0000000000E-01
  8.4745762712E-08  3.0000000000E-01
  8.8135593220E-08  3.0000000000E-01
  9.1525423729E-08  3.0000000000E-01
  9.4915254237E-08  3.0000000000E-01
  9.8305084746E-08  3.0000000000E-01
  1.0169491525E-07  3.0000000000E-01
  1.0508474576E-07  3.0000000000E-01
  1.0847457627E-07  3.0000000000E-01
  1.1186440678E-07  3.0000000000E-01
  1.1525423729E-07  3.0000000000E-01
  1.1864406780E-07  3.0000000000E-01
  1.2203389831E-07  3.0000000000E-01
  1.2542372881E-07  3.0000000000E-01
  1.2881355932E-07  3.0000000000E-01
  1.3220338983E-07  3.0000000000E-01
  1.3559322034E-07  2.9999999998E-01
  1.3898305085E-07  3.0000000006E-01
  1.4237288136E-07  2.9999999981E-01
  1.4576271186E-07  3.0000000055E-01
  1.4915254237E-07  2.9999999887E-01
  1.5254237288E-07  2.9999999962E-01
  1.5593220339E-07  3.0000002173E-01
  1.5932203390E-07  2.9999983997E-01
  1.6271186441E-07  3.0000085553E-01
  1.6610169492E-07  2.9999623222E-01
  1.6949152542E-07  3.0001354266E-01
  1.7288135593E-07  2.9996655564E-01
  1.7627118644E-07  2.9998440012E-01
  1.7966101695E-07  3.0091677248E-01
  1.8305084746E-07  2.9177001484E-01
  1.8644067797E-07  3.7443335423E-01
  1.8983050847E-07  7.9118314159E-01
  1.9322033898E-07  1.4787149186E+00
  1.9661016949E-07  1.9839290438E+00
  2.0000000000E-07  2.2856644010E+00
 BLOCKEND
 $ X-AXIS = DISTANCE      Y-AXIS = W(C)
 BLOCK X=C1; Y=C2;       GOC=C3,WAD;
  0.0000000000E+00  3.0000000000E-01 M
  3.3898305085E-09  3.0000000000E-01
  6.7796610169E-09  3.0000000000E-01
  1.0169491525E-08  3.0000000000E-01
  1.3559322034E-08  3.0000000000E-01
  1.6949152542E-08  3.0000000000E-01
  2.0338983051E-08  3.0000000000E-01
  2.3728813559E-08  3.0000000000E-01
  2.7118644068E-08  3.0000000000E-01
  3.0508474576E-08  3.0000000000E-01
  3.3898305085E-08  3.0000000000E-01
  3.7288135593E-08  3.0000000000E-01
  4.0677966102E-08  3.0000000000E-01
  4.4067796610E-08  3.0000000000E-01
  4.7457627119E-08  3.0000000000E-01
  5.0847457627E-08  3.0000000000E-01
  5.4237288136E-08  3.0000000000E-01
  5.7627118644E-08  3.0000000000E-01
  6.1016949153E-08  3.0000000000E-01
  6.4406779661E-08  3.0000000000E-01
  6.7796610169E-08  3.0000000000E-01
  7.1186440678E-08  3.0000000000E-01
  7.4576271186E-08  3.0000000000E-01
  7.7966101695E-08  3.0000000000E-01
  8.1355932203E-08  3.0000000000E-01
  8.4745762712E-08  3.0000000000E-01
  8.8135593220E-08  3.0000000000E-01
  9.1525423729E-08  3.0000000000E-01
  9.4915254237E-08  3.0000000000E-01
  9.8305084746E-08  3.0000000000E-01
  1.0169491525E-07  3.0000000000E-01
  1.0508474576E-07  3.0000000000E-01
  1.0847457627E-07  3.0000000000E-01
  1.1186440678E-07  3.0000000002E-01
  1.1525423729E-07  3.0000000010E-01
  1.1864406780E-07  3.0000000048E-01
  1.2203389831E-07  3.0000000230E-01
  1.2542372881E-07  3.0000001096E-01
  1.2881355932E-07  3.0000005211E-01
  1.3220338983E-07  3.0000024656E-01
  1.3559322034E-07  3.0000116056E-01
  1.3898305085E-07  3.0000542911E-01
  1.4237288136E-07  3.0002521883E-01
  1.4576271186E-07  3.0011611037E-01
  1.4915254237E-07  3.0052850628E-01
  1.5254237288E-07  3.0236322451E-01
  1.5593220339E-07  3.1019877948E-01
  1.5932203390E-07  3.4042187316E-01
  1.6271186441E-07  4.3333551719E-01
  1.6610169492E-07  6.3027606302E-01
  1.6949152542E-07  9.0151476113E-01
  1.7288135593E-07  1.1660903039E+00
  1.7627118644E-07  1.3970495597E+00
  1.7966101695E-07  1.6013763841E+00
  1.8305084746E-07  1.7682459642E+00
  1.8644067797E-07  1.9085344364E+00
  1.8983050847E-07  2.0256363134E+00
  1.9322033898E-07  2.1256519487E+00
  1.9661016949E-07  2.2119106901E+00
  2.0000000000E-07  2.2882352202E+00
 BLOCKEND
 $ X-AXIS = DISTANCE      Y-AXIS = W(C)
 BLOCK X=C1; Y=C2;       GOC=C3,WAD;
  0.0000000000E+00  3.0000000000E-01 M
  3.3898305085E-09  3.0000000000E-01
  6.7796610169E-09  3.0000000000E-01
  1.0169491525E-08  3.0000000000E-01
  1.3559322034E-08  3.0000000001E-01
  1.6949152542E-08  3.0000000001E-01
  2.0338983051E-08  3.0000000003E-01
  2.3728813559E-08  3.0000000006E-01
  2.7118644068E-08  3.0000000012E-01
  3.0508474576E-08  3.0000000025E-01
  3.3898305085E-08  3.0000000051E-01
  3.7288135593E-08  3.0000000104E-01
  4.0677966102E-08  3.0000000212E-01
  4.4067796610E-08  3.0000000433E-01
  4.7457627119E-08  3.0000000885E-01
  5.0847457627E-08  3.0000001807E-01
  5.4237288136E-08  3.0000003685E-01
  5.7627118644E-08  3.0000007507E-01
  6.1016949153E-08  3.0000015275E-01
  6.4406779661E-08  3.0000031046E-01
  6.7796610169E-08  3.0000063017E-01
  7.1186440678E-08  3.0000127736E-01
  7.4576271186E-08  3.0000258535E-01
  7.7966101695E-08  3.0000522429E-01
  8.1355932203E-08  3.0001053851E-01
  8.4745762712E-08  3.0002121827E-01
  8.8135593220E-08  3.0004263311E-01
  9.1525423729E-08  3.0008546367E-01
  9.4915254237E-08  3.0017086972E-01
  9.8305084746E-08  3.0034059195E-01
  1.0169491525E-07  3.0067648897E-01
  1.0508474576E-07  3.0133773320E-01
  1.0847457627E-07  3.0262993384E-01
  1.1186440678E-07  3.0512793695E-01
  1.1525423729E-07  3.0987601334E-01
  1.1864406780E-07  3.1866008678E-01
  1.2203389831E-07  3.3423066481E-01
  1.2542372881E-07  3.6011862039E-01
  1.2881355932E-07  3.9955708744E-01
  1.3220338983E-07  4.5363522935E-01
  1.3559322034E-07  5.2017382966E-01
  1.3898305085E-07  5.9511987334E-01
  1.4237288136E-07  6.7644079905E-01
  1.4576271186E-07  7.6825304062E-01
  1.4915254237E-07  8.8061671927E-01
  1.5254237288E-07  1.0203658663E+00
  1.5593220339E-07  1.1795795552E+00
  1.5932203390E-07  1.3375220888E+00
  1.6271186441E-07  1.4761627465E+00
  1.6610169492E-07  1.5938412845E+00
  1.6949152542E-07  1.6998790747E+00
  1.7288135593E-07  1.7948533694E+00
  1.7627118644E-07  1.8769801679E+00
  1.7966101695E-07  1.9527442672E+00
  1.8305084746E-07  2.0196992947E+00
  1.8644067797E-07  2.0818638688E+00
  1.8983050847E-07  2.1381134060E+00
  1.9322033898E-07  2.1897671752E+00
  1.9661016949E-07  2.2369522524E+00
  2.0000000000E-07  2.2813847736E+00
 BLOCKEND
 $ X-AXIS = DISTANCE      Y-AXIS = W(C)
 BLOCK X=C1; Y=C2;       GOC=C3,WAD;
  0.0000000000E+00  3.0034082148E-01 M
  3.3898305085E-09  3.0035983862E-01
  6.7796610169E-09  3.0041890324E-01
  1.0169491525E-08  3.0052425306E-01
  1.3559322034E-08  3.0068694073E-01
  1.6949152542E-08  3.0092384812E-01
  2.0338983051E-08  3.0125918939E-01
  2.3728813559E-08  3.0172656186E-01
  2.7118644068E-08  3.0237159432E-01
  3.0508474576E-08  3.0325518995E-01
  3.3898305085E-08  3.0445724206E-01
  3.7288135593E-08  3.0608048319E-01
  4.0677966102E-08  3.0825377748E-01
  4.4067796610E-08  3.1113369353E-01
  4.7457627119E-08  3.1490269783E-01
  5.0847457627E-08  3.1976209503E-01
  5.4237288136E-08  3.2591837265E-01
  5.7627118644E-08  3.3356341150E-01
  6.1016949153E-08  3.4285247262E-01
  6.4406779661E-08  3.5388794056E-01
  6.7796610169E-08  3.6671975569E-01
  7.1186440678E-08  3.8137358455E-01
  7.4576271186E-08  3.9791379292E-01
  7.7966101695E-08  4.1654178759E-01
  8.1355932203E-08  4.3772213529E-01
  8.4745762712E-08  4.6231720683E-01
  8.8135593220E-08  4.9169059823E-01
  9.1525423729E-08  5.2770756607E-01
  9.4915254237E-08  5.7253255495E-01
  9.8305084746E-08  6.2814733937E-01
  1.0169491525E-07  6.9564395710E-01
  1.0508474576E-07  7.7455363074E-01
  1.0847457627E-07  8.6257625614E-01
  1.1186440678E-07  9.5590843835E-01
  1.1525423729E-07  1.0500399208E+00
  1.1864406780E-07  1.1406955221E+00
  1.2203389831E-07  1.2246570875E+00
  1.2542372881E-07  1.3003455974E+00
  1.2881355932E-07  1.3680767559E+00
  1.3220338983E-07  1.4297963381E+00
  1.3559322034E-07  1.4880835503E+00
  1.3898305085E-07  1.5446219583E+00
  1.4237288136E-07  1.5990744096E+00
  1.4576271186E-07  1.6495120189E+00
  1.4915254237E-07  1.6945316008E+00
  1.5254237288E-07  1.7353463892E+00
  1.5593220339E-07  1.7749998782E+00
  1.5932203390E-07  1.8143623190E+00
  1.6271186441E-07  1.8505685806E+00
  1.6610169492E-07  1.8826243542E+00
  1.6949152542E-07  1.9143924434E+00
  1.7288135593E-07  1.9453040503E+00
  1.7627118644E-07  1.9726663714E+00
  1.7966101695E-07  2.0003735712E+00
  1.8305084746E-07  2.0252647579E+00
  1.8644067797E-07  2.0502180253E+00
  1.8983050847E-07  2.0733797749E+00
  1.9322033898E-07  2.0954698470E+00
  1.9661016949E-07  2.1160114686E+00
  2.0000000000E-07  2.1366363360E+00
 BLOCKEND
 $ X-AXIS = DISTANCE      Y-AXIS = W(C)
 BLOCK X=C1; Y=C2;       GOC=C3,WAD;
  0.0000000000E+00  7.7836561207E-01 M
  3.3898305085E-09  7.7969675211E-01
  6.7796610169E-09  7.8366728430E-01
  1.0169491525E-08  7.9022842817E-01
  1.3559322034E-08  7.9929746920E-01
  1.6949152542E-08  8.1074996379E-01
  2.0338983051E-08  8.2441399150E-01
  2.3728813559E-08  8.4006612308E-01
  2.7118644068E-08  8.5743073040E-01
  3.0508474576E-08  8.7618358589E-01
  3.3898305085E-08  8.9596050390E-01
  3.7288135593E-08  9.1637138618E-01
  4.0677966102E-08  9.3701965045E-01
  4.4067796610E-08  9.5752657751E-01
  4.7457627119E-08  9.7755948369E-01
  5.0847457627E-08  9.9686168556E-01
  5.4237288136E-08  1.0152808982E+00
  5.7627118644E-08  1.0327910617E+00
  6.1016949153E-08  1.0495009886E+00
  6.4406779661E-08  1.0656424982E+00
  6.7796610169E-08  1.0815321263E+00
  7.1186440678E-08  1.0975053038E+00
  7.4576271186E-08  1.1138303797E+00
  7.7966101695E-08  1.1306201911E+00
  8.1355932203E-08  1.1477669576E+00
  8.4745762712E-08  1.1649273120E+00
  8.8135593220E-08  1.1815757612E+00
  9.1525423729E-08  1.1971283863E+00
  9.4915254237E-08  1.2111181192E+00
  9.8305084746E-08  1.2233810075E+00
  1.0169491525E-07  1.2341906074E+00
  1.0508474576E-07  1.2442621739E+00
  1.0847457627E-07  1.2545610651E+00
  1.1186440678E-07  1.2659183771E+00
  1.1525423729E-07  1.2785804375E+00
  1.1864406780E-07  1.2919320882E+00
  1.2203389831E-07  1.3046326521E+00
  1.2542372881E-07  1.3152410473E+00
  1.2881355932E-07  1.3231320047E+00
  1.3220338983E-07  1.3291935976E+00
  1.3559322034E-07  1.3355974277E+00
  1.3898305085E-07  1.3442702096E+00
  1.4237288136E-07  1.3549051074E+00
  1.4576271186E-07  1.3645726638E+00
  1.4915254237E-07  1.3703472529E+00
  1.5254237288E-07  1.3732150829E+00
  1.5593220339E-07  1.3779687985E+00
  1.5932203390E-07  1.3862345322E+00
  1.6271186441E-07  1.3921668866E+00
  1.6610169492E-07  1.3929602821E+00
  1.6949152542E-07  1.3965642932E+00
  1.7288135593E-07  1.4015850105E+00
  1.7627118644E-07  1.4011302745E+00
  1.7966101695E-07  1.4045980105E+00
  1.8305084746E-07  1.4034642465E+00
  1.8644067797E-07  1.4052535562E+00
  1.8983050847E-07  1.4045614912E+00
  1.9322033898E-07  1.4031823909E+00
  1.9661016949E-07  1.3993295902E+00
  2.0000000000E-07  1.3980106724E+00
 BLOCKEND
 $ X-AXIS = DISTANCE      Y-AXIS = W(C)
 BLOCK X=C1; Y=C2;       GOC=C3,WAD;
  0.0000000000E+00  1.1786544333E+00 M
  3.3898305085E-09  1.1785710202E+00
  6.7796610169E-09  1.1783311530E+00
  1.0169491525E-08  1.1779649962E+00
  1.3559322034E-08  1.1775196965E+00
  1.6949152542E-08  1.1770551075E+00
  2.0338983051E-08  1.1766381182E+00
  2.3728813559E-08  1.1763342473E+00
  2.7118644068E-08  1.1761977731E+00
  3.0508474576E-08  1.1762618453E+00
  3.3898305085E-08  1.1765294276E+00
  3.7288135593E-08  1.1769669219E+00
  4.0677966102E-08  1.1775025401E+00
  4.4067796610E-08  1.1780311535E+00
  4.7457627119E-08  1.1784276070E+00
  5.0847457627E-08  1.1785682831E+00
  5.4237288136E-08  1.1783576764E+00
  5.7627118644E-08  1.1777570334E+00
  6.1016949153E-08  1.1768086261E+00
  6.4406779661E-08  1.1756480354E+00
  6.7796610169E-08  1.1744954633E+00
  7.1186440678E-08  1.1736206926E+00
  7.4576271186E-08  1.1732806817E+00
  7.7966101695E-08  1.1736405426E+00
  8.1355932203E-08  1.1746960978E+00
  8.4745762712E-08  1.1762282732E+00
  8.8135593220E-08  1.1778172754E+00
  9.1525423729E-08  1.1789292687E+00
  9.4915254237E-08  1.1790751253E+00
  9.8305084746E-08  1.1780124099E+00
  1.0169491525E-07  1.1759174811E+00
  1.0508474576E-07  1.1734471172E+00
  1.0847457627E-07  1.1715946762E+00
  1.1186440678E-07  1.1713027311E+00
  1.1525423729E-07  1.1729464635E+00
  1.1864406780E-07  1.1759506407E+00
  1.2203389831E-07  1.1788504844E+00
  1.2542372881E-07  1.1799502401E+00
  1.2881355932E-07  1.1784166031E+00
  1.3220338983E-07  1.1752173068E+00
  1.3559322034E-07  1.1729822751E+00
  1.3898305085E-07  1.1741888927E+00
  1.4237288136E-07  1.1785743214E+00
  1.4576271186E-07  1.1824535749E+00
  1.4915254237E-07  1.1819915823E+00
  1.5254237288E-07  1.1783890640E+00
  1.5593220339E-07  1.1779990398E+00
  1.5932203390E-07  1.1830836038E+00
  1.6271186441E-07  1.1857739051E+00
  1.6610169492E-07  1.1821929881E+00
  1.6949152542E-07  1.1832246184E+00
  1.7288135593E-07  1.1869483278E+00
  1.7627118644E-07  1.1837778707E+00
  1.7966101695E-07  1.1867542639E+00
  1.8305084746E-07  1.1839356473E+00
  1.8644067797E-07  1.1857703420E+00
  1.8983050847E-07  1.1846503094E+00
  1.9322033898E-07  1.1830079590E+00
  1.9661016949E-07  1.1782077648E+00
  2.0000000000E-07  1.1770870117E+00
 BLOCKEND
 $ X-AXIS = DISTANCE      Y-AXIS = W(C)
 BLOCK X=C1; Y=C2;       GOC=C3,WAD;
  0.0000000000E+00  1.1787128114E+00 M
  3.3898305085E-09  1.1786302333E+00
  6.7796610169E-09  1.1783927845E+00
  1.0169491525E-08  1.1780303812E+00
  1.3559322034E-08  1.1775897950E+00
  1.6949152542E-08  1.1771304252E+00
  2.0338983051E-08  1.1767186772E+00
  2.3728813559E-08  1.1764196317E+00
  2.7118644068E-08  1.1762872500E+00
  3.0508474576E-08  1.1763545412E+00
  3.3898305085E-08  1.1766245367E+00
  3.7288135593E-08  1.1770639181E+00
  4.0677966102E-08  1.1776013531E+00
  4.4067796610E-08  1.1781322649E+00
  4.7457627119E-08  1.1785320431E+00
  5.0847457627E-08  1.1786774906E+00
  5.4237288136E-08  1.1784732574E+00
  5.7627118644E-08  1.1778803807E+00
  6.1016949153E-08  1.1769405634E+00
  6.4406779661E-08  1.1757884354E+00
  6.7796610169E-08  1.1746428792E+00
  7.1186440678E-08  1.1737724048E+00
  7.4576271186E-08  1.1734330581E+00
  7.7966101695E-08  1.1737895837E+00
  8.1355932203E-08  1.1748381987E+00
  8.4745762712E-08  1.1763609805E+00
  8.8135593220E-08  1.1779397729E+00
  9.1525423729E-08  1.1790424115E+00
  9.4915254237E-08  1.1791809208E+00
  9.8305084746E-08  1.1781129793E+00
  1.0169491525E-07  1.1760137929E+00
  1.0508474576E-07  1.1735379189E+00
  1.0847457627E-07  1.1716761311E+00
  1.1186440678E-07  1.1713691020E+00
  1.1525423729E-07  1.1729918349E+00
  1.1864406780E-07  1.1759709661E+00
  1.2203389831E-07  1.1788447412E+00
  1.2542372881E-07  1.1799200480E+00
  1.2881355932E-07  1.1783644237E+00
  1.3220338983E-07  1.1751439332E+00
  1.3559322034E-07  1.1728857459E+00
  1.3898305085E-07  1.1740659562E+00
  1.4237288136E-07  1.1784233058E+00
  1.4576271186E-07  1.1822760362E+00
  1.4915254237E-07  1.1817911640E+00
  1.5254237288E-07  1.1781691601E+00
  1.5593220339E-07  1.1777625018E+00
  1.5932203390E-07  1.1828343962E+00
  1.6271186441E-07  1.1855169197E+00
  1.6610169492E-07  1.1819334569E+00
  1.6949152542E-07  1.1829705044E+00
  1.7288135593E-07  1.1867074452E+00
  1.7627118644E-07  1.1835564599E+00
  1.7966101695E-07  1.1865624422E+00
  1.8305084746E-07  1.1837805937E+00
  1.8644067797E-07  1.1856610382E+00
  1.8983050847E-07  1.1845948104E+00
  1.9322033898E-07  1.1830142662E+00
  1.9661016949E-07  1.1782822678E+00
  2.0000000000E-07  1.1772315276E+00
 BLOCKEND
