 PROLOGUE 1
 XSCALE        0.00000          0.300000E-05
 YSCALE       0.424507E-02      0.300000    
 XTEXT DISTANCE
 YTEXT WEIGHT-PERCENT C
 XTYPE LINEAR
 YTYPE LINEAR
 XLENGTH        11.5000    
 YLENGTH        11.5000    
 TITLE   
 DATASET 1
 CLIP OFF
    0.00000    1.12000 NAM' TIME = 0,.01,.1,.3,1,3,10,30
 1.05 1.05 MNA' CELL #   1
 CLIP ON
 $ X-AXIS = DISTANCE      Y-AXIS = W(C)
 BLOCK X=C1; Y=C2;       GOC=C3,WAD;
  0.0000000000E+00  3.0000000000E-01 M
  3.0303030303E-08  3.0000000000E-01
  6.0606060606E-08  3.0000000000E-01
  9.0909090909E-08  3.0000000000E-01
  1.2121212121E-07  3.0000000000E-01
  1.5151515152E-07  3.0000000000E-01
  1.8181818182E-07  3.0000000000E-01
  2.1212121212E-07  3.0000000000E-01
  2.4242424242E-07  3.0000000000E-01
  2.7272727273E-07  3.0000000000E-01
  3.0303030303E-07  3.0000000000E-01
  3.3333333333E-07  3.0000000000E-01
  3.6363636364E-07  3.0000000000E-01
  3.9393939394E-07  3.0000000000E-01
  4.2424242424E-07  3.0000000000E-01
  4.5454545455E-07  3.0000000000E-01
  4.8484848485E-07  3.0000000000E-01
  5.1515151515E-07  3.0000000000E-01
  5.4545454545E-07  3.0000000000E-01
  5.7575757576E-07  3.0000000000E-01
  6.0606060606E-07  3.0000000000E-01
  6.3636363636E-07  3.0000000000E-01
  6.6666666667E-07  3.0000000000E-01
  6.9696969697E-07  3.0000000000E-01
  7.2727272727E-07  3.0000000000E-01
  7.5757575758E-07  3.0000000000E-01
  7.8787878788E-07  3.0000000000E-01
  8.1818181818E-07  3.0000000000E-01
  8.4848484848E-07  3.0000000000E-01
  8.7878787879E-07  3.0000000000E-01
  9.0909090909E-07  3.0000000000E-01
  9.3939393939E-07  3.0000000000E-01
  9.6969696970E-07  3.0000000000E-01
  1.0000000000E-06  3.0000000000E-01
  1.0303030303E-06  3.0000000000E-01
  1.0606060606E-06  3.0000000000E-01
  1.0909090909E-06  3.0000000000E-01
  1.1212121212E-06  3.0000000000E-01
  1.1515151515E-06  3.0000000000E-01
  1.1818181818E-06  3.0000000000E-01
  1.2121212121E-06  3.0000000000E-01
  1.2424242424E-06  3.0000000000E-01
  1.2727272727E-06  3.0000000000E-01
  1.3030303030E-06  3.0000000000E-01
  1.3333333333E-06  3.0000000000E-01
  1.3636363636E-06  3.0000000000E-01
  1.3939393939E-06  3.0000000000E-01
  1.4242424242E-06  3.0000000000E-01
  1.4545454545E-06  3.0000000000E-01
  1.4848484848E-06  3.0000000000E-01
  1.5151515152E-06  3.0000000000E-01
  1.5454545455E-06  3.0000000000E-01
  1.5757575758E-06  3.0000000000E-01
  1.6060606061E-06  3.0000000000E-01
  1.6363636364E-06  3.0000000000E-01
  1.6666666667E-06  3.0000000000E-01
  1.6969696970E-06  3.0000000000E-01
  1.7272727273E-06  3.0000000000E-01
  1.7575757576E-06  3.0000000000E-01
  1.7878787879E-06  3.0000000000E-01
  1.8181818182E-06  3.0000000000E-01
  1.8484848485E-06  3.0000000000E-01
  1.8787878788E-06  3.0000000000E-01
  1.9090909091E-06  3.0000000000E-01
  1.9393939394E-06  3.0000000000E-01
  1.9696969697E-06  3.0000000000E-01
  2.0000000000E-06  3.0000000000E-01
  2.0303030303E-06  3.0000000000E-01
  2.0606060606E-06  3.0000000000E-01
  2.0909090909E-06  3.0000000000E-01
  2.1212121212E-06  3.0000000000E-01
  2.1515151515E-06  3.0000000000E-01
  2.1818181818E-06  3.0000000000E-01
  2.2121212121E-06  3.0000000000E-01
  2.2424242424E-06  3.0000000000E-01
  2.2727272727E-06  3.0000000000E-01
  2.3030303030E-06  3.0000000000E-01
  2.3333333333E-06  3.0000000000E-01
  2.3636363636E-06  3.0000000000E-01
  2.3939393939E-06  3.0000000000E-01
  2.4242424242E-06  3.0000000000E-01
  2.4545454545E-06  3.0000000000E-01
  2.4848484848E-06  3.0000000000E-01
  2.5151515152E-06  3.0000000000E-01
  2.5454545455E-06  3.0000000000E-01
  2.5757575758E-06  3.0000000000E-01
  2.6060606061E-06  3.0000000000E-01
  2.6363636364E-06  3.0000000000E-01
  2.6666666667E-06  3.0000000000E-01
  2.6969696970E-06  3.0000000000E-01
  2.7272727273E-06  3.0000000000E-01
  2.7575757576E-06  3.0000000000E-01
  2.7878787879E-06  3.0000000000E-01
  2.8181818182E-06  3.0000000000E-01
  2.8484848485E-06  3.0000000000E-01
  2.8787878788E-06  3.0000000000E-01
  2.9090909091E-06  3.0000000000E-01
  2.9393939394E-06  3.0000000000E-01
  2.9696969697E-06  3.0000000000E-01
  3.0000000000E-06  3.0000000000E-01
 BLOCKEND
 $ X-AXIS = DISTANCE      Y-AXIS = W(C)
 BLOCK X=C1; Y=C2;       GOC=C3,WAD;
  0.0000000000E+00  3.0000000000E-01 M
  3.0303030303E-08  3.0000000000E-01
  6.0606060606E-08  3.0000000000E-01
  9.0909090909E-08  3.0000000000E-01
  1.2121212121E-07  3.0000000000E-01
  1.5151515152E-07  3.0000000000E-01
  1.8181818182E-07  3.0000000000E-01
  2.1212121212E-07  3.0000000000E-01
  2.4242424242E-07  3.0000000000E-01
  2.7272727273E-07  3.0000000000E-01
  3.0303030303E-07  3.0000000000E-01
  3.3333333333E-07  3.0000000000E-01
  3.6363636364E-07  3.0000000000E-01
  3.9393939394E-07  3.0000000000E-01
  4.2424242424E-07  3.0000000000E-01
  4.5454545455E-07  3.0000000000E-01
  4.8484848485E-07  3.0000000000E-01
  5.1515151515E-07  3.0000000000E-01
  5.4545454545E-07  3.0000000000E-01
  5.7575757576E-07  3.0000000000E-01
  6.0606060606E-07  3.0000000000E-01
  6.3636363636E-07  3.0000000000E-01
  6.6666666667E-07  3.0000000000E-01
  6.9696969697E-07  3.0000000000E-01
  7.2727272727E-07  3.0000000000E-01
  7.5757575758E-07  3.0000000000E-01
  7.8787878788E-07  3.0000000000E-01
  8.1818181818E-07  3.0000000000E-01
  8.4848484848E-07  3.0000000000E-01
  8.7878787879E-07  3.0000000000E-01
  9.0909090909E-07  3.0000000000E-01
  9.3939393939E-07  3.0000000000E-01
  9.6969696970E-07  3.0000000000E-01
  1.0000000000E-06  3.0000000000E-01
  1.0303030303E-06  3.0000000000E-01
  1.0606060606E-06  3.0000000000E-01
  1.0909090909E-06  3.0000000000E-01
  1.1212121212E-06  3.0000000000E-01
  1.1515151515E-06  3.0000000000E-01
  1.1818181818E-06  3.0000000000E-01
  1.2121212121E-06  3.0000000000E-01
  1.2424242424E-06  3.0000000000E-01
  1.2727272727E-06  3.0000000000E-01
  1.3030303030E-06  3.0000000000E-01
  1.3333333333E-06  3.0000000000E-01
  1.3636363636E-06  3.0000000000E-01
  1.3939393939E-06  3.0000000000E-01
  1.4242424242E-06  3.0000000000E-01
  1.4545454545E-06  3.0000000000E-01
  1.4848484848E-06  3.0000000000E-01
  1.5151515152E-06  3.0000000000E-01
  1.5454545455E-06  3.0000000000E-01
  1.5757575758E-06  3.0000000000E-01
  1.6060606061E-06  3.0000000000E-01
  1.6363636364E-06  3.0000000000E-01
  1.6666666667E-06  3.0000000000E-01
  1.6969696970E-06  3.0000000000E-01
  1.7272727273E-06  3.0000000000E-01
  1.7575757576E-06  3.0000000000E-01
  1.7878787879E-06  3.0000000000E-01
  1.8181818182E-06  3.0000000000E-01
  1.8484848485E-06  3.0000000000E-01
  1.8787878788E-06  3.0000000000E-01
  1.9090909091E-06  3.0000000000E-01
  1.9393939394E-06  3.0000000000E-01
  1.9696969697E-06  3.0000000000E-01
  2.0000000000E-06  3.0000000000E-01
  2.0303030303E-06  3.0000000000E-01
  2.0606060606E-06  3.0000000000E-01
  2.0909090909E-06  3.0000000000E-01
  2.1212121212E-06  3.0000000000E-01
  2.1515151515E-06  3.0000000000E-01
  2.1818181818E-06  3.0000000000E-01
  2.2121212121E-06  3.0000000000E-01
  2.2424242424E-06  3.0000000000E-01
  2.2727272727E-06  3.0000000000E-01
  2.3030303030E-06  3.0000000000E-01
  2.3333333333E-06  3.0000000000E-01
  2.3636363636E-06  3.0000000000E-01
  2.3939393939E-06  2.9999999999E-01
  2.4242424242E-06  2.9999999995E-01
  2.4545454545E-06  2.9999999980E-01
  2.4848484848E-06  2.9999999906E-01
  2.5151515152E-06  2.9999999607E-01
  2.5454545455E-06  2.9999998191E-01
  2.5757575758E-06  2.9999992386E-01
  2.6060606061E-06  2.9999966194E-01
  2.6363636364E-06  2.9999858588E-01
  2.6666666667E-06  2.9999397582E-01
  2.6969696970E-06  2.9997532834E-01
  2.7272727273E-06  2.9990093722E-01
  2.7575757576E-06  2.9961376743E-01
  2.7878787879E-06  2.9860593419E-01
  2.8181818182E-06  2.9517283918E-01
  2.8484848485E-06  2.8647179492E-01
  2.8787878788E-06  2.6744744751E-01
  2.9090909091E-06  2.3222959141E-01
  2.9393939394E-06  1.7563838474E-01
  2.9696969697E-06  9.7555273359E-02
  3.0000000000E-06  5.0812735006E-03
 BLOCKEND
 $ X-AXIS = DISTANCE      Y-AXIS = W(C)
 BLOCK X=C1; Y=C2;       GOC=C3,WAD;
  0.0000000000E+00  3.0000000000E-01 M
  3.0303030303E-08  3.0000000000E-01
  6.0606060606E-08  3.0000000000E-01
  9.0909090909E-08  3.0000000000E-01
  1.2121212121E-07  3.0000000000E-01
  1.5151515152E-07  3.0000000000E-01
  1.8181818182E-07  3.0000000000E-01
  2.1212121212E-07  3.0000000000E-01
  2.4242424242E-07  3.0000000000E-01
  2.7272727273E-07  3.0000000000E-01
  3.0303030303E-07  3.0000000000E-01
  3.3333333333E-07  3.0000000000E-01
  3.6363636364E-07  3.0000000000E-01
  3.9393939394E-07  3.0000000000E-01
  4.2424242424E-07  3.0000000000E-01
  4.5454545455E-07  3.0000000000E-01
  4.8484848485E-07  3.0000000000E-01
  5.1515151515E-07  3.0000000000E-01
  5.4545454545E-07  2.9999999999E-01
  5.7575757576E-07  2.9999999999E-01
  6.0606060606E-07  2.9999999999E-01
  6.3636363636E-07  2.9999999998E-01
  6.6666666667E-07  2.9999999997E-01
  6.9696969697E-07  2.9999999996E-01
  7.2727272727E-07  2.9999999995E-01
  7.5757575758E-07  2.9999999993E-01
  7.8787878788E-07  2.9999999990E-01
  8.1818181818E-07  2.9999999986E-01
  8.4848484848E-07  2.9999999980E-01
  8.7878787879E-07  2.9999999972E-01
  9.0909090909E-07  2.9999999961E-01
  9.3939393939E-07  2.9999999946E-01
  9.6969696970E-07  2.9999999925E-01
  1.0000000000E-06  2.9999999896E-01
  1.0303030303E-06  2.9999999855E-01
  1.0606060606E-06  2.9999999798E-01
  1.0909090909E-06  2.9999999719E-01
  1.1212121212E-06  2.9999999609E-01
  1.1515151515E-06  2.9999999457E-01
  1.1818181818E-06  2.9999999247E-01
  1.2121212121E-06  2.9999998956E-01
  1.2424242424E-06  2.9999998553E-01
  1.2727272727E-06  2.9999997995E-01
  1.3030303030E-06  2.9999997226E-01
  1.3333333333E-06  2.9999996163E-01
  1.3636363636E-06  2.9999994697E-01
  1.3939393939E-06  2.9999992676E-01
  1.4242424242E-06  2.9999989892E-01
  1.4545454545E-06  2.9999986059E-01
  1.4848484848E-06  2.9999980785E-01
  1.5151515152E-06  2.9999973532E-01
  1.5454545455E-06  2.9999963564E-01
  1.5757575758E-06  2.9999949868E-01
  1.6060606061E-06  2.9999931056E-01
  1.6363636364E-06  2.9999905219E-01
  1.6666666667E-06  2.9999869733E-01
  1.6969696970E-06  2.9999820980E-01
  1.7272727273E-06  2.9999753970E-01
  1.7575757576E-06  2.9999661794E-01
  1.7878787879E-06  2.9999534870E-01
  1.8181818182E-06  2.9999359861E-01
  1.8484848485E-06  2.9999118137E-01
  1.8787878788E-06  2.9998783586E-01
  1.9090909091E-06  2.9998319466E-01
  1.9393939394E-06  2.9997673880E-01
  1.9696969697E-06  2.9996773267E-01
  2.0000000000E-06  2.9995513034E-01
  2.0303030303E-06  2.9993744096E-01
  2.0606060606E-06  2.9991253605E-01
  2.0909090909E-06  2.9987737520E-01
  2.1212121212E-06  2.9982761855E-01
  2.1515151515E-06  2.9975708529E-01
  2.1818181818E-06  2.9965700683E-01
  2.2121212121E-06  2.9951501518E-01
  2.2424242424E-06  2.9931380215E-01
  2.2727272727E-06  2.9902938864E-01
  2.3030303030E-06  2.9862896880E-01
  2.3333333333E-06  2.9806834155E-01
  2.3636363636E-06  2.9728902387E-01
  2.3939393939E-06  2.9621526717E-01
  2.4242424242E-06  2.9475133932E-01
  2.4545454545E-06  2.9277956385E-01
  2.4848484848E-06  2.9015964674E-01
  2.5151515152E-06  2.8672969408E-01
  2.5454545455E-06  2.8230900752E-01
  2.5757575758E-06  2.7670243496E-01
  2.6060606061E-06  2.6970613808E-01
  2.6363636364E-06  2.6111564147E-01
  2.6666666667E-06  2.5073753069E-01
  2.6969696970E-06  2.3840393015E-01
  2.7272727273E-06  2.2398023188E-01
  2.7575757576E-06  2.0735749410E-01
  2.7878787879E-06  1.8854523426E-01
  2.8181818182E-06  1.6750723102E-01
  2.8484848485E-06  1.4443719517E-01
  2.8787878788E-06  1.1941443914E-01
  2.9090909091E-06  9.2781613535E-02
  2.9393939394E-06  6.4768422248E-02
  2.9696969697E-06  3.5832953140E-02
  3.0000000000E-06  6.3672541925E-03
 BLOCKEND
 $ X-AXIS = DISTANCE      Y-AXIS = W(C)
 BLOCK X=C1; Y=C2;       GOC=C3,WAD;
  0.0000000000E+00  2.9999998952E-01 M
  3.0303030303E-08  2.9999998923E-01
  6.0606060606E-08  2.9999998835E-01
  9.0909090909E-08  2.9999998683E-01
  1.2121212121E-07  2.9999998459E-01
  1.5151515152E-07  2.9999998151E-01
  1.8181818182E-07  2.9999997743E-01
  2.1212121212E-07  2.9999997212E-01
  2.4242424242E-07  2.9999996530E-01
  2.7272727273E-07  2.9999995662E-01
  3.0303030303E-07  2.9999994560E-01
  3.3333333333E-07  2.9999993168E-01
  3.6363636364E-07  2.9999991412E-01
  3.9393939394E-07  2.9999989200E-01
  4.2424242424E-07  2.9999986416E-01
  4.5454545455E-07  2.9999982916E-01
  4.8484848485E-07  2.9999978520E-01
  5.1515151515E-07  2.9999973001E-01
  5.4545454545E-07  2.9999966076E-01
  5.7575757576E-07  2.9999957393E-01
  6.0606060606E-07  2.9999946512E-01
  6.3636363636E-07  2.9999932885E-01
  6.6666666667E-07  2.9999915830E-01
  6.9696969697E-07  2.9999894497E-01
  7.2727272727E-07  2.9999867831E-01
  7.5757575758E-07  2.9999834523E-01
  7.8787878788E-07  2.9999792947E-01
  8.1818181818E-07  2.9999741091E-01
  8.4848484848E-07  2.9999676461E-01
  8.7878787879E-07  2.9999595976E-01
  9.0909090909E-07  2.9999495833E-01
  9.3939393939E-07  2.9999371338E-01
  9.6969696970E-07  2.9999216713E-01
  1.0000000000E-06  2.9999024850E-01
  1.0303030303E-06  2.9998787020E-01
  1.0606060606E-06  2.9998492517E-01
  1.0909090909E-06  2.9998128238E-01
  1.1212121212E-06  2.9997678164E-01
  1.1515151515E-06  2.9997122753E-01
  1.1818181818E-06  2.9996438209E-01
  1.2121212121E-06  2.9995595608E-01
  1.2424242424E-06  2.9994559872E-01
  1.2727272727E-06  2.9993288544E-01
  1.3030303030E-06  2.9991730359E-01
  1.3333333333E-06  2.9989823563E-01
  1.3636363636E-06  2.9987493948E-01
  1.3939393939E-06  2.9984652565E-01
  1.4242424242E-06  2.9981193090E-01
  1.4545454545E-06  2.9976988833E-01
  1.4848484848E-06  2.9971889271E-01
  1.5151515152E-06  2.9965716058E-01
  1.5454545455E-06  2.9958258577E-01
  1.5757575758E-06  2.9949268997E-01
  1.6060606061E-06  2.9938456679E-01
  1.6363636364E-06  2.9925481944E-01
  1.6666666667E-06  2.9909949173E-01
  1.6969696970E-06  2.9891399376E-01
  1.7272727273E-06  2.9869302049E-01
  1.7575757576E-06  2.9843046175E-01
  1.7878787879E-06  2.9811930599E-01
  1.8181818182E-06  2.9775153621E-01
  1.8484848485E-06  2.9731801757E-01
  1.8787878788E-06  2.9680837650E-01
  1.9090909091E-06  2.9621087074E-01
  1.9393939394E-06  2.9551224895E-01
  1.9696969697E-06  2.9469759996E-01
  2.0000000000E-06  2.9375019324E-01
  2.0303030303E-06  2.9265131028E-01
  2.0606060606E-06  2.9138007346E-01
  2.0909090909E-06  2.8991327846E-01
  2.1212121212E-06  2.8822524050E-01
  2.1515151515E-06  2.8628767300E-01
  2.1818181818E-06  2.8406961828E-01
  2.2121212121E-06  2.8153745384E-01
  2.2424242424E-06  2.7865499803E-01
  2.2727272727E-06  2.7538373291E-01
  2.3030303030E-06  2.7168315160E-01
  2.3333333333E-06  2.6751122255E-01
  2.3636363636E-06  2.6282495158E-01
  2.3939393939E-06  2.5758102181E-01
  2.4242424242E-06  2.5173651360E-01
  2.4545454545E-06  2.4524974674E-01
  2.4848484848E-06  2.3808131854E-01
  2.5151515152E-06  2.3019537469E-01
  2.5454545455E-06  2.2156098171E-01
  2.5757575758E-06  2.1215325080E-01
  2.6060606061E-06  2.0195388274E-01
  2.6363636364E-06  1.9095171188E-01
  2.6666666667E-06  1.7914471134E-01
  2.6969696970E-06  1.6654378289E-01
  2.7272727273E-06  1.5317032195E-01
  2.7575757576E-06  1.3903636013E-01
  2.7878787879E-06  1.2422436883E-01
  2.8181818182E-06  1.0872170776E-01
  2.8484848485E-06  9.2677312164E-02
  2.8787878788E-06  7.6071649863E-02
  2.9090909091E-06  5.9075314254E-02
  2.9393939394E-06  4.1693560700E-02
  2.9696969697E-06  2.4098095917E-02
  3.0000000000E-06  6.3639470678E-03
 BLOCKEND
 $ X-AXIS = DISTANCE      Y-AXIS = W(C)
 BLOCK X=C1; Y=C2;       GOC=C3,WAD;
  0.0000000000E+00  2.9966743585E-01 M
  3.0303030303E-08  2.9966582309E-01
  6.0606060606E-08  2.9966097166E-01
  9.0909090909E-08  2.9965284197E-01
  1.2121212121E-07  2.9964136779E-01
  1.5151515152E-07  2.9962645575E-01
  1.8181818182E-07  2.9960798481E-01
  2.1212121212E-07  2.9958580532E-01
  2.4242424242E-07  2.9955973810E-01
  2.7272727273E-07  2.9952957350E-01
  3.0303030303E-07  2.9949506987E-01
  3.3333333333E-07  2.9945595184E-01
  3.6363636364E-07  2.9941190878E-01
  3.9393939394E-07  2.9936259272E-01
  4.2424242424E-07  2.9930761606E-01
  4.5454545455E-07  2.9924654905E-01
  4.8484848485E-07  2.9917891702E-01
  5.1515151515E-07  2.9910419730E-01
  5.4545454545E-07  2.9902181587E-01
  5.7575757576E-07  2.9893114332E-01
  6.0606060606E-07  2.9883149124E-01
  6.3636363636E-07  2.9872210810E-01
  6.6666666667E-07  2.9860217385E-01
  6.9696969697E-07  2.9847079485E-01
  7.2727272727E-07  2.9832699816E-01
  7.5757575758E-07  2.9816972542E-01
  7.8787878788E-07  2.9799782667E-01
  8.1818181818E-07  2.9781005318E-01
  8.4848484848E-07  2.9760504979E-01
  8.7878787879E-07  2.9738134663E-01
  9.0909090909E-07  2.9713735079E-01
  9.3939393939E-07  2.9687133797E-01
  9.6969696970E-07  2.9658144264E-01
  1.0000000000E-06  2.9626564780E-01
  1.0303030303E-06  2.9592177561E-01
  1.0606060606E-06  2.9554747689E-01
  1.0909090909E-06  2.9514022047E-01
  1.1212121212E-06  2.9469728263E-01
  1.1515151515E-06  2.9421573679E-01
  1.1818181818E-06  2.9369244253E-01
  1.2121212121E-06  2.9312403711E-01
  1.2424242424E-06  2.9250692705E-01
  1.2727272727E-06  2.9183727906E-01
  1.3030303030E-06  2.9111101341E-01
  1.3333333333E-06  2.9032379877E-01
  1.3636363636E-06  2.8947104858E-01
  1.3939393939E-06  2.8854791956E-01
  1.4242424242E-06  2.8754931231E-01
  1.4545454545E-06  2.8646987438E-01
  1.4848484848E-06  2.8530400594E-01
  1.5151515152E-06  2.8404586814E-01
  1.5454545455E-06  2.8268939423E-01
  1.5757575758E-06  2.8122830344E-01
  1.6060606061E-06  2.7965611761E-01
  1.6363636364E-06  2.7796618053E-01
  1.6666666667E-06  2.7615167978E-01
  1.6969696970E-06  2.7420567098E-01
  1.7272727273E-06  2.7212110439E-01
  1.7575757576E-06  2.6989085403E-01
  1.7878787879E-06  2.6750774940E-01
  1.8181818182E-06  2.6496460978E-01
  1.8484848485E-06  2.6225428176E-01
  1.8787878788E-06  2.5936968015E-01
  1.9090909091E-06  2.5630383251E-01
  1.9393939394E-06  2.5304992738E-01
  1.9696969697E-06  2.4960136567E-01
  2.0000000000E-06  2.4595181460E-01
  2.0303030303E-06  2.4209526259E-01
  2.0606060606E-06  2.3802607321E-01
  2.0909090909E-06  2.3373903619E-01
  2.1212121212E-06  2.2922941404E-01
  2.1515151515E-06  2.2449298454E-01
  2.1818181818E-06  2.1952608019E-01
  2.2121212121E-06  2.1432562878E-01
  2.2424242424E-06  2.0888920024E-01
  2.2727272727E-06  2.0321506379E-01
  2.3030303030E-06  1.9730225404E-01
  2.3333333333E-06  1.9115063632E-01
  2.3636363636E-06  1.8476095272E-01
  2.3939393939E-06  1.7813482837E-01
  2.4242424242E-06  1.7127473499E-01
  2.4545454545E-06  1.6418394536E-01
  2.4848484848E-06  1.5686655327E-01
  2.5151515152E-06  1.4932762343E-01
  2.5454545455E-06  1.4157340426E-01
  2.5757575758E-06  1.3361132708E-01
  2.6060606061E-06  1.2544947562E-01
  2.6363636364E-06  1.1709602340E-01
  2.6666666667E-06  1.0856007316E-01
  2.6969696970E-06  9.9854532179E-02
  2.7272727273E-06  9.0993422862E-02
  2.7575757576E-06  8.1971126701E-02
  2.7878787879E-06  7.2841135511E-02
  2.8181818182E-06  6.3553086737E-02
  2.8484848485E-06  5.4205218553E-02
  2.8787878788E-06  4.4721332786E-02
  2.9090909091E-06  3.5203054181E-02
  2.9393939394E-06  2.5581728345E-02
  2.9696969697E-06  1.5944516858E-02
  3.0000000000E-06  6.2800327323E-03
 BLOCKEND
 $ X-AXIS = DISTANCE      Y-AXIS = W(C)
 BLOCK X=C1; Y=C2;       GOC=C3,WAD;
  0.0000000000E+00  2.8530369423E-01 M
  3.0303030303E-08  2.8528265843E-01
  6.0606060606E-08  2.8521952911E-01
  9.0909090909E-08  2.8511424005E-01
  1.2121212121E-07  2.8496668051E-01
  1.5151515152E-07  2.8477669611E-01
  1.8181818182E-07  2.8454408819E-01
  2.1212121212E-07  2.8426861505E-01
  2.4242424242E-07  2.8394999315E-01
  2.7272727273E-07  2.8358789657E-01
  3.0303030303E-07  2.8318195777E-01
  3.3333333333E-07  2.8273176837E-01
  3.6363636364E-07  2.8223688004E-01
  3.9393939394E-07  2.8169680543E-01
  4.2424242424E-07  2.8111101918E-01
  4.5454545455E-07  2.8047895893E-01
  4.8484848485E-07  2.7980002658E-01
  5.1515151515E-07  2.7907358952E-01
  5.4545454545E-07  2.7829898199E-01
  5.7575757576E-07  2.7747550643E-01
  6.0606060606E-07  2.7660243517E-01
  6.3636363636E-07  2.7567901218E-01
  6.6666666667E-07  2.7470445462E-01
  6.9696969697E-07  2.7367795478E-01
  7.2727272727E-07  2.7259868205E-01
  7.5757575758E-07  2.7146578501E-01
  7.8787878788E-07  2.7027839364E-01
  8.1818181818E-07  2.6903562156E-01
  8.4848484848E-07  2.6773656849E-01
  8.7878787879E-07  2.6638032268E-01
  9.0909090909E-07  2.6496596359E-01
  9.3939393939E-07  2.6349256453E-01
  9.6969696970E-07  2.6195919535E-01
  1.0000000000E-06  2.6036492525E-01
  1.0303030303E-06  2.5870882555E-01
  1.0606060606E-06  2.5698997260E-01
  1.0909090909E-06  2.5520745057E-01
  1.1212121212E-06  2.5336035435E-01
  1.1515151515E-06  2.5144779237E-01
  1.1818181818E-06  2.4946888937E-01
  1.2121212121E-06  2.4742278919E-01
  1.2424242424E-06  2.4530865747E-01
  1.2727272727E-06  2.4312568444E-01
  1.3030303030E-06  2.4087308768E-01
  1.3333333333E-06  2.3855011491E-01
  1.3636363636E-06  2.3615604687E-01
  1.3939393939E-06  2.3369020025E-01
  1.4242424242E-06  2.3115193077E-01
  1.4545454545E-06  2.2854063643E-01
  1.4848484848E-06  2.2585576080E-01
  1.5151515152E-06  2.2309679660E-01
  1.5454545455E-06  2.2026328920E-01
  1.5757575758E-06  2.1735484017E-01
  1.6060606061E-06  2.1437111081E-01
  1.6363636364E-06  2.1131182542E-01
  1.6666666667E-06  2.0817677433E-01
  1.6969696970E-06  2.0496581632E-01
  1.7272727273E-06  2.0167888054E-01
  1.7575757576E-06  1.9831596796E-01
  1.7878787879E-06  1.9487715234E-01
  1.8181818182E-06  1.9136258087E-01
  1.8484848485E-06  1.8777247490E-01
  1.8787878788E-06  1.8410713112E-01
  1.9090909091E-06  1.8036692356E-01
  1.9393939394E-06  1.7655230662E-01
  1.9696969697E-06  1.7266381921E-01
  2.0000000000E-06  1.6870208974E-01
  2.0303030303E-06  1.6466784105E-01
  2.0606060606E-06  1.6056189398E-01
  2.0909090909E-06  1.5638516811E-01
  2.1212121212E-06  1.5213867878E-01
  2.1515151515E-06  1.4782353032E-01
  2.1818181818E-06  1.4344090698E-01
  2.2121212121E-06  1.3899206505E-01
  2.2424242424E-06  1.3447833162E-01
  2.2727272727E-06  1.2990111422E-01
  2.3030303030E-06  1.2526192151E-01
  2.3333333333E-06  1.2056238712E-01
  2.3636363636E-06  1.1580428010E-01
  2.3939393939E-06  1.1098948262E-01
  2.4242424242E-06  1.0611993032E-01
  2.4545454545E-06  1.0119754580E-01
  2.4848484848E-06  9.6224236235E-02
  2.5151515152E-06  9.1202021472E-02
  2.5454545455E-06  8.6133234367E-02
  2.5757575758E-06  8.1020527521E-02
  2.6060606061E-06  7.5866365665E-02
  2.6363636364E-06  7.0672472334E-02
  2.6666666667E-06  6.5440648012E-02
  2.6969696970E-06  6.0175664970E-02
  2.7272727273E-06  5.4882729015E-02
  2.7575757576E-06  4.9546617621E-02
  2.7878787879E-06  4.4210390962E-02
  2.8181818182E-06  3.8812939751E-02
  2.8484848485E-06  3.3440592910E-02
  2.8787878788E-06  2.8005538577E-02
  2.9090909091E-06  2.2596530877E-02
  2.9393939394E-06  1.7132303990E-02
  2.9696969697E-06  1.1685966078E-02
  3.0000000000E-06  6.2325203055E-03
 BLOCKEND
 $ X-AXIS = DISTANCE      Y-AXIS = W(C)
 BLOCK X=C1; Y=C2;       GOC=C3,WAD;
  0.0000000000E+00  1.7562713719E-01 M
  3.0303030303E-08  1.7560626725E-01
  6.0606060606E-08  1.7554366187E-01
  9.0909090909E-08  1.7543933433E-01
  1.2121212121E-07  1.7529330676E-01
  1.5151515152E-07  1.7510560954E-01
  1.8181818182E-07  1.7487628195E-01
  2.1212121212E-07  1.7460537270E-01
  2.4242424242E-07  1.7429293916E-01
  2.7272727273E-07  1.7393904747E-01
  3.0303030303E-07  1.7354377254E-01
  3.3333333333E-07  1.7310719813E-01
  3.6363636364E-07  1.7262941680E-01
  3.9393939394E-07  1.7211052988E-01
  4.2424242424E-07  1.7155064752E-01
  4.5454545455E-07  1.7094988865E-01
  4.8484848485E-07  1.7030838091E-01
  5.1515151515E-07  1.6962626069E-01
  5.4545454545E-07  1.6890367307E-01
  5.7575757576E-07  1.6814077180E-01
  6.0606060606E-07  1.6733771924E-01
  6.3636363636E-07  1.6649468637E-01
  6.6666666667E-07  1.6561185273E-01
  6.9696969697E-07  1.6468940644E-01
  7.2727272727E-07  1.6372754424E-01
  7.5757575758E-07  1.6272647149E-01
  7.8787878788E-07  1.6168640219E-01
  8.1818181818E-07  1.6060755900E-01
  8.4848484848E-07  1.5949017339E-01
  8.7878787879E-07  1.5833448562E-01
  9.0909090909E-07  1.5714074497E-01
  9.3939393939E-07  1.5590920974E-01
  9.6969696970E-07  1.5464014742E-01
  1.0000000000E-06  1.5333383473E-01
  1.0303030303E-06  1.5199055774E-01
  1.0606060606E-06  1.5061061189E-01
  1.0909090909E-06  1.4919430205E-01
  1.1212121212E-06  1.4774194254E-01
  1.1515151515E-06  1.4625385701E-01
  1.1818181818E-06  1.4473037837E-01
  1.2121212121E-06  1.4317184858E-01
  1.2424242424E-06  1.4157861842E-01
  1.2727272727E-06  1.3995104724E-01
  1.3030303030E-06  1.3828950273E-01
  1.3333333333E-06  1.3659436066E-01
  1.3636363636E-06  1.3486600464E-01
  1.3939393939E-06  1.3310482598E-01
  1.4242424242E-06  1.3131122365E-01
  1.4545454545E-06  1.2948560435E-01
  1.4848484848E-06  1.2762838269E-01
  1.5151515152E-06  1.2573998162E-01
  1.5454545455E-06  1.2382083283E-01
  1.5757575758E-06  1.2187137724E-01
  1.6060606061E-06  1.1989206555E-01
  1.6363636364E-06  1.1788335868E-01
  1.6666666667E-06  1.1584572795E-01
  1.6969696970E-06  1.1377965496E-01
  1.7272727273E-06  1.1168563093E-01
  1.7575757576E-06  1.0956415581E-01
  1.7878787879E-06  1.0741573703E-01
  1.8181818182E-06  1.0524088790E-01
  1.8484848485E-06  1.0304012630E-01
  1.8787878788E-06  1.0081397373E-01
  1.9090909091E-06  9.8562955334E-02
  1.9393939394E-06  9.6287600894E-02
  1.9696969697E-06  9.3988447105E-02
  2.0000000000E-06  9.1666040757E-02
  2.0303030303E-06  8.9320942170E-02
  2.0606060606E-06  8.6953727572E-02
  2.0909090909E-06  8.4564989015E-02
  2.1212121212E-06  8.2155330946E-02
  2.1515151515E-06  7.9725363317E-02
  2.1818181818E-06  7.7275692490E-02
  2.2121212121E-06  7.4806913329E-02
  2.2424242424E-06  7.2319607635E-02
  2.2727272727E-06  6.9814353381E-02
  2.3030303030E-06  6.7291744952E-02
  2.3333333333E-06  6.4752417081E-02
  2.3636363636E-06  6.2197056353E-02
  2.3939393939E-06  5.9626381101E-02
  2.4242424242E-06  5.7041084489E-02
  2.4545454545E-06  5.4441770186E-02
  2.4848484848E-06  5.1828950495E-02
  2.5151515152E-06  4.9203173751E-02
  2.5454545455E-06  4.6565225439E-02
  2.5757575758E-06  4.3916140257E-02
  2.6060606061E-06  4.1256702375E-02
  2.6363636364E-06  3.8586893722E-02
  2.6666666667E-06  3.5906703544E-02
  2.6969696970E-06  3.3219028922E-02
  2.7272727273E-06  3.0527177868E-02
  2.7575757576E-06  2.7813937700E-02
  2.7878787879E-06  2.5120350561E-02
  2.8181818182E-06  2.2383256065E-02
  2.8484848485E-06  1.9686826961E-02
  2.8787878788E-06  1.6941212765E-02
  2.9090909091E-06  1.4232943548E-02
  2.9393939394E-06  1.1478645092E-02
  2.9696969697E-06  8.7489728753E-03
  3.0000000000E-06  6.0166635330E-03
 BLOCKEND
 $ X-AXIS = DISTANCE      Y-AXIS = W(C)
 BLOCK X=C1; Y=C2;       GOC=C3,WAD;
  0.0000000000E+00  3.9448140694E-02 M
  3.0303030303E-08  3.9443750638E-02
  6.0606060606E-08  3.9430581527E-02
  9.0909090909E-08  3.9408636527E-02
  1.2121212121E-07  3.9377920899E-02
  1.5151515152E-07  3.9338442007E-02
  1.8181818182E-07  3.9290209320E-02
  2.1212121212E-07  3.9233234445E-02
  2.4242424242E-07  3.9167531130E-02
  2.7272727273E-07  3.9093115231E-02
  3.0303030303E-07  3.9010004728E-02
  3.3333333333E-07  3.8918219742E-02
  3.6363636364E-07  3.8817782515E-02
  3.9393939394E-07  3.8708717407E-02
  4.2424242424E-07  3.8591050895E-02
  4.5454545455E-07  3.8464811557E-02
  4.8484848485E-07  3.8330030050E-02
  5.1515151515E-07  3.8186739092E-02
  5.4545454545E-07  3.8034973443E-02
  5.7575757576E-07  3.7874769877E-02
  6.0606060606E-07  3.7706167129E-02
  6.3636363636E-07  3.7529205858E-02
  6.6666666667E-07  3.7343928626E-02
  6.9696969697E-07  3.7150379871E-02
  7.2727272727E-07  3.6948605901E-02
  7.5757575758E-07  3.6738654881E-02
  7.8787878788E-07  3.6520576799E-02
  8.1818181818E-07  3.6294423471E-02
  8.4848484848E-07  3.6060248553E-02
  8.7878787879E-07  3.5818107569E-02
  9.0909090909E-07  3.5568057973E-02
  9.3939393939E-07  3.5310159185E-02
  9.6969696970E-07  3.5044472641E-02
  1.0000000000E-06  3.4771061827E-02
  1.0303030303E-06  3.4489992325E-02
  1.0606060606E-06  3.4201331852E-02
  1.0909090909E-06  3.3905150305E-02
  1.1212121212E-06  3.3601519765E-02
  1.1515151515E-06  3.3290514457E-02
  1.1818181818E-06  3.2972210687E-02
  1.2121212121E-06  3.2646686721E-02
  1.2424242424E-06  3.2314022612E-02
  1.2727272727E-06  3.1974300036E-02
  1.3030303030E-06  3.1627602124E-02
  1.3333333333E-06  3.1274013266E-02
  1.3636363636E-06  3.0913618913E-02
  1.3939393939E-06  3.0546505430E-02
  1.4242424242E-06  3.0172760046E-02
  1.4545454545E-06  2.9792470881E-02
  1.4848484848E-06  2.9405727063E-02
  1.5151515152E-06  2.9012618997E-02
  1.5454545455E-06  2.8613238719E-02
  1.5757575758E-06  2.8207680284E-02
  1.6060606061E-06  2.7796040204E-02
  1.6363636364E-06  2.7378417885E-02
  1.6666666667E-06  2.6954915892E-02
  1.6969696970E-06  2.6525639865E-02
  1.7272727273E-06  2.6090698108E-02
  1.7575757576E-06  2.5650200925E-02
  1.7878787879E-06  2.5204259591E-02
  1.8181818182E-06  2.4752985077E-02
  1.8484848485E-06  2.4296486823E-02
  1.8787878788E-06  2.3834871948E-02
  1.9090909091E-06  2.3368245122E-02
  1.9393939394E-06  2.2896709392E-02
  1.9696969697E-06  2.2420368137E-02
  2.0000000000E-06  2.1939327931E-02
  2.0303030303E-06  2.1453701742E-02
  2.0606060606E-06  2.0963611317E-02
  2.0909090909E-06  2.0469187385E-02
  2.1212121212E-06  1.9970566819E-02
  2.1515151515E-06  1.9467886521E-02
  2.1818181818E-06  1.8961275033E-02
  2.2121212121E-06  1.8450844972E-02
  2.2424242424E-06  1.7936691193E-02
  2.2727272727E-06  1.7418899128E-02
  2.3030303030E-06  1.6897563838E-02
  2.3333333333E-06  1.6372813167E-02
  2.3636363636E-06  1.5844819652E-02
  2.3939393939E-06  1.5313782280E-02
  2.4242424242E-06  1.4779872096E-02
  2.4545454545E-06  1.4243169206E-02
  2.4848484848E-06  1.3703659223E-02
  2.5151515152E-06  1.3161356458E-02
  2.5454545455E-06  1.2616502656E-02
  2.5757575758E-06  1.2069583829E-02
  2.6060606061E-06  1.1520840139E-02
  2.6363636364E-06  1.0969713787E-02
  2.6666666667E-06  1.0415639127E-02
  2.6969696970E-06  9.8609419348E-03
  2.7272727273E-06  9.3084070954E-03
  2.7575757576E-06  8.7402686465E-03
  2.7878787879E-06  8.1969570076E-03
  2.8181818182E-06  7.6148602758E-03
  2.8484848485E-06  7.0774233443E-03
  2.8787878788E-06  6.4944845480E-03
  2.9090909091E-06  5.9518795963E-03
  2.9393939394E-06  5.3658758162E-03
  2.9696969697E-06  4.8062133867E-03
  3.0000000000E-06  4.2450674433E-03
 BLOCKEND
