 PROLOGUE 1
 XSCALE        0.00000          0.100000E-05
 YSCALE       0.136853           2.69464    
 XTEXT DISTANCE
 YTEXT WEIGHT-PERCENT C
 XTYPE LINEAR
 YTYPE LINEAR
 XLENGTH        11.5000    
 YLENGTH        11.5000    
 TITLE   
 DATASET 1
 CLIP OFF
    0.00000    1.12000 NAM' TIME = 0,.01,.1,.3,1,3,10,30
 1.05 1.05 MNA' CELL #   2
 CLIP ON
 $ X-AXIS = DISTANCE      Y-AXIS = W(C)
 BLOCK X=C1; Y=C2;       GOC=C3,WAD;
  0.0000000000E+00  3.0000000000E-01 M
  1.0101010101E-08  3.0000000000E-01
  2.0202020202E-08  3.0000000000E-01
  3.0303030303E-08  3.0000000000E-01
  4.0404040404E-08  3.0000000000E-01
  5.0505050505E-08  3.0000000000E-01
  6.0606060606E-08  3.0000000000E-01
  7.0707070707E-08  3.0000000000E-01
  8.0808080808E-08  3.0000000000E-01
  9.0909090909E-08  3.0000000000E-01
  1.0101010101E-07  3.0000000000E-01
  1.1111111111E-07  3.0000000000E-01
  1.2121212121E-07  3.0000000000E-01
  1.3131313131E-07  3.0000000000E-01
  1.4141414141E-07  3.0000000000E-01
  1.5151515152E-07  3.0000000000E-01
  1.6161616162E-07  3.0000000000E-01
  1.7171717172E-07  3.0000000000E-01
  1.8181818182E-07  3.0000000000E-01
  1.9191919192E-07  3.0000000000E-01
  2.0202020202E-07  3.0000000000E-01
  2.1212121212E-07  3.0000000000E-01
  2.2222222222E-07  3.0000000000E-01
  2.3232323232E-07  3.0000000000E-01
  2.4242424242E-07  3.0000000000E-01
  2.5252525253E-07  3.0000000000E-01
  2.6262626263E-07  3.0000000000E-01
  2.7272727273E-07  3.0000000000E-01
  2.8282828283E-07  3.0000000000E-01
  2.9292929293E-07  3.0000000000E-01
  3.0303030303E-07  3.0000000000E-01
  3.1313131313E-07  3.0000000000E-01
  3.2323232323E-07  3.0000000000E-01
  3.3333333333E-07  3.0000000000E-01
  3.4343434343E-07  3.0000000000E-01
  3.5353535354E-07  3.0000000000E-01
  3.6363636364E-07  3.0000000000E-01
  3.7373737374E-07  3.0000000000E-01
  3.8383838384E-07  3.0000000000E-01
  3.9393939394E-07  3.0000000000E-01
  4.0404040404E-07  3.0000000000E-01
  4.1414141414E-07  3.0000000000E-01
  4.2424242424E-07  3.0000000000E-01
  4.3434343434E-07  3.0000000000E-01
  4.4444444444E-07  3.0000000000E-01
  4.5454545455E-07  3.0000000000E-01
  4.6464646465E-07  3.0000000000E-01
  4.7474747475E-07  3.0000000000E-01
  4.8484848485E-07  3.0000000000E-01
  4.9494949495E-07  3.0000000000E-01
  5.0505050505E-07  3.0000000000E-01
  5.1515151515E-07  3.0000000000E-01
  5.2525252525E-07  3.0000000000E-01
  5.3535353535E-07  3.0000000000E-01
  5.4545454545E-07  3.0000000000E-01
  5.5555555556E-07  3.0000000000E-01
  5.6565656566E-07  3.0000000000E-01
  5.7575757576E-07  3.0000000000E-01
  5.8585858586E-07  3.0000000000E-01
  5.9595959596E-07  3.0000000000E-01
  6.0606060606E-07  3.0000000000E-01
  6.1616161616E-07  3.0000000000E-01
  6.2626262626E-07  3.0000000000E-01
  6.3636363636E-07  3.0000000000E-01
  6.4646464646E-07  3.0000000000E-01
  6.5656565657E-07  3.0000000000E-01
  6.6666666667E-07  3.0000000000E-01
  6.7676767677E-07  3.0000000000E-01
  6.8686868687E-07  3.0000000000E-01
  6.9696969697E-07  3.0000000000E-01
  7.0707070707E-07  3.0000000000E-01
  7.1717171717E-07  3.0000000000E-01
  7.2727272727E-07  3.0000000000E-01
  7.3737373737E-07  3.0000000000E-01
  7.4747474747E-07  3.0000000000E-01
  7.5757575758E-07  3.0000000000E-01
  7.6767676768E-07  3.0000000000E-01
  7.7777777778E-07  3.0000000000E-01
  7.8787878788E-07  3.0000000000E-01
  7.9797979798E-07  3.0000000000E-01
  8.0808080808E-07  3.0000000000E-01
  8.1818181818E-07  3.0000000000E-01
  8.2828282828E-07  3.0000000000E-01
  8.3838383838E-07  3.0000000000E-01
  8.4848484848E-07  3.0000000000E-01
  8.5858585859E-07  3.0000000000E-01
  8.6868686869E-07  3.0000000000E-01
  8.7878787879E-07  3.0000000000E-01
  8.8888888889E-07  3.0000000000E-01
  8.9898989899E-07  3.0000000000E-01
  9.0909090909E-07  3.0000000000E-01
  9.1919191919E-07  3.0000000000E-01
  9.2929292929E-07  3.0000000000E-01
  9.3939393939E-07  3.0000000000E-01
  9.4949494949E-07  3.0000000000E-01
  9.5959595960E-07  3.0000000000E-01
  9.6969696970E-07  3.0000000000E-01
  9.7979797980E-07  3.0000000000E-01
  9.8989898990E-07  3.0000000000E-01
  1.0000000000E-06  3.0000000000E-01
 BLOCKEND
 $ X-AXIS = DISTANCE      Y-AXIS = W(C)
 BLOCK X=C1; Y=C2;       GOC=C3,WAD;
  0.0000000000E+00  3.0000000000E-01 M
  1.0101010101E-08  3.0000000000E-01
  2.0202020202E-08  3.0000000000E-01
  3.0303030303E-08  3.0000000000E-01
  4.0404040404E-08  3.0000000000E-01
  5.0505050505E-08  3.0000000000E-01
  6.0606060606E-08  3.0000000000E-01
  7.0707070707E-08  3.0000000000E-01
  8.0808080808E-08  3.0000000000E-01
  9.0909090909E-08  3.0000000000E-01
  1.0101010101E-07  3.0000000000E-01
  1.1111111111E-07  3.0000000000E-01
  1.2121212121E-07  3.0000000000E-01
  1.3131313131E-07  3.0000000000E-01
  1.4141414141E-07  3.0000000000E-01
  1.5151515152E-07  3.0000000000E-01
  1.6161616162E-07  3.0000000000E-01
  1.7171717172E-07  3.0000000000E-01
  1.8181818182E-07  3.0000000000E-01
  1.9191919192E-07  3.0000000000E-01
  2.0202020202E-07  3.0000000000E-01
  2.1212121212E-07  3.0000000000E-01
  2.2222222222E-07  3.0000000000E-01
  2.3232323232E-07  3.0000000000E-01
  2.4242424242E-07  3.0000000000E-01
  2.5252525253E-07  3.0000000000E-01
  2.6262626263E-07  3.0000000000E-01
  2.7272727273E-07  3.0000000000E-01
  2.8282828283E-07  3.0000000000E-01
  2.9292929293E-07  3.0000000000E-01
  3.0303030303E-07  3.0000000000E-01
  3.1313131313E-07  3.0000000000E-01
  3.2323232323E-07  3.0000000000E-01
  3.3333333333E-07  3.0000000000E-01
  3.4343434343E-07  3.0000000000E-01
  3.5353535354E-07  3.0000000000E-01
  3.6363636364E-07  3.0000000000E-01
  3.7373737374E-07  3.0000000000E-01
  3.8383838384E-07  3.0000000000E-01
  3.9393939394E-07  3.0000000000E-01
  4.0404040404E-07  3.0000000000E-01
  4.1414141414E-07  3.0000000000E-01
  4.2424242424E-07  3.0000000000E-01
  4.3434343434E-07  3.0000000000E-01
  4.4444444444E-07  3.0000000000E-01
  4.5454545455E-07  3.0000000000E-01
  4.6464646465E-07  3.0000000000E-01
  4.7474747475E-07  3.0000000000E-01
  4.8484848485E-07  3.0000000000E-01
  4.9494949495E-07  3.0000000000E-01
  5.0505050505E-07  3.0000000000E-01
  5.1515151515E-07  3.0000000000E-01
  5.2525252525E-07  3.0000000000E-01
  5.3535353535E-07  3.0000000000E-01
  5.4545454545E-07  3.0000000000E-01
  5.5555555556E-07  3.0000000000E-01
  5.6565656566E-07  3.0000000000E-01
  5.7575757576E-07  3.0000000000E-01
  5.8585858586E-07  3.0000000000E-01
  5.9595959596E-07  3.0000000000E-01
  6.0606060606E-07  3.0000000000E-01
  6.1616161616E-07  3.0000000000E-01
  6.2626262626E-07  3.0000000000E-01
  6.3636363636E-07  3.0000000000E-01
  6.4646464646E-07  3.0000000000E-01
  6.5656565657E-07  3.0000000000E-01
  6.6666666667E-07  3.0000000000E-01
  6.7676767677E-07  3.0000000000E-01
  6.8686868687E-07  3.0000000000E-01
  6.9696969697E-07  3.0000000000E-01
  7.0707070707E-07  3.0000000000E-01
  7.1717171717E-07  3.0000000000E-01
  7.2727272727E-07  3.0000000000E-01
  7.3737373737E-07  3.0000000000E-01
  7.4747474747E-07  3.0000000000E-01
  7.5757575758E-07  3.0000000000E-01
  7.6767676768E-07  3.0000000000E-01
  7.7777777778E-07  3.0000000000E-01
  7.8787878788E-07  3.0000000000E-01
  7.9797979798E-07  3.0000000000E-01
  8.0808080808E-07  3.0000000001E-01
  8.1818181818E-07  2.9999999996E-01
  8.2828282828E-07  3.0000000018E-01
  8.3838383838E-07  2.9999999927E-01
  8.4848484848E-07  3.0000000294E-01
  8.5858585859E-07  2.9999998817E-01
  8.6868686869E-07  3.0000004734E-01
  8.7878787879E-07  2.9999981127E-01
  8.8888888889E-07  3.0000074954E-01
  8.9898989899E-07  2.9999703342E-01
  9.0909090909E-07  3.0001170363E-01
  9.1919191919E-07  2.9995396596E-01
  9.2929292929E-07  3.0018054995E-01
  9.3939393939E-07  2.9929373523E-01
  9.4949494949E-07  3.0275512722E-01
  9.5959595960E-07  2.8927145573E-01
  9.6969696970E-07  3.4156939969E-01
  9.7979797980E-07  1.3685281365E-01
  9.8989898990E-07  1.2509989097E+00
  1.0000000000E-06  2.4813736576E+00
 BLOCKEND
 $ X-AXIS = DISTANCE      Y-AXIS = W(C)
 BLOCK X=C1; Y=C2;       GOC=C3,WAD;
  0.0000000000E+00  3.0000000000E-01 M
  1.0101010101E-08  3.0000000000E-01
  2.0202020202E-08  3.0000000000E-01
  3.0303030303E-08  3.0000000000E-01
  4.0404040404E-08  3.0000000000E-01
  5.0505050505E-08  3.0000000000E-01
  6.0606060606E-08  3.0000000000E-01
  7.0707070707E-08  3.0000000000E-01
  8.0808080808E-08  3.0000000000E-01
  9.0909090909E-08  3.0000000000E-01
  1.0101010101E-07  3.0000000000E-01
  1.1111111111E-07  3.0000000000E-01
  1.2121212121E-07  3.0000000000E-01
  1.3131313131E-07  3.0000000000E-01
  1.4141414141E-07  3.0000000000E-01
  1.5151515152E-07  3.0000000000E-01
  1.6161616162E-07  3.0000000000E-01
  1.7171717172E-07  3.0000000000E-01
  1.8181818182E-07  3.0000000000E-01
  1.9191919192E-07  3.0000000000E-01
  2.0202020202E-07  3.0000000000E-01
  2.1212121212E-07  3.0000000000E-01
  2.2222222222E-07  3.0000000000E-01
  2.3232323232E-07  3.0000000000E-01
  2.4242424242E-07  3.0000000000E-01
  2.5252525253E-07  3.0000000000E-01
  2.6262626263E-07  3.0000000000E-01
  2.7272727273E-07  3.0000000000E-01
  2.8282828283E-07  3.0000000000E-01
  2.9292929293E-07  3.0000000000E-01
  3.0303030303E-07  3.0000000000E-01
  3.1313131313E-07  3.0000000000E-01
  3.2323232323E-07  3.0000000000E-01
  3.3333333333E-07  3.0000000000E-01
  3.4343434343E-07  3.0000000000E-01
  3.5353535354E-07  3.0000000000E-01
  3.6363636364E-07  3.0000000000E-01
  3.7373737374E-07  3.0000000000E-01
  3.8383838384E-07  3.0000000000E-01
  3.9393939394E-07  3.0000000000E-01
  4.0404040404E-07  3.0000000000E-01
  4.1414141414E-07  3.0000000000E-01
  4.2424242424E-07  3.0000000000E-01
  4.3434343434E-07  3.0000000000E-01
  4.4444444444E-07  3.0000000000E-01
  4.5454545455E-07  3.0000000000E-01
  4.6464646465E-07  3.0000000000E-01
  4.7474747475E-07  3.0000000000E-01
  4.8484848485E-07  3.0000000000E-01
  4.9494949495E-07  3.0000000000E-01
  5.0505050505E-07  3.0000000000E-01
  5.1515151515E-07  3.0000000000E-01
  5.2525252525E-07  3.0000000000E-01
  5.3535353535E-07  3.0000000000E-01
  5.4545454545E-07  3.0000000000E-01
  5.5555555556E-07  3.0000000000E-01
  5.6565656566E-07  3.0000000000E-01
  5.7575757576E-07  3.0000000000E-01
  5.8585858586E-07  3.0000000000E-01
  5.9595959596E-07  3.0000000000E-01
  6.0606060606E-07  3.0000000000E-01
  6.1616161616E-07  3.0000000000E-01
  6.2626262626E-07  3.0000000000E-01
  6.3636363636E-07  3.0000000000E-01
  6.4646464646E-07  3.0000000000E-01
  6.5656565657E-07  3.0000000000E-01
  6.6666666667E-07  3.0000000000E-01
  6.7676767677E-07  3.0000000000E-01
  6.8686868687E-07  3.0000000000E-01
  6.9696969697E-07  3.0000000000E-01
  7.0707070707E-07  3.0000000000E-01
  7.1717171717E-07  3.0000000000E-01
  7.2727272727E-07  3.0000000000E-01
  7.3737373737E-07  3.0000000000E-01
  7.4747474747E-07  3.0000000000E-01
  7.5757575758E-07  3.0000000000E-01
  7.6767676768E-07  3.0000000000E-01
  7.7777777778E-07  3.0000000000E-01
  7.8787878788E-07  3.0000000000E-01
  7.9797979798E-07  3.0000000002E-01
  8.0808080808E-07  2.9999999993E-01
  8.1818181818E-07  3.0000000029E-01
  8.2828282828E-07  2.9999999888E-01
  8.3838383838E-07  3.0000000425E-01
  8.4848484848E-07  2.9999998437E-01
  8.5858585859E-07  3.0000005527E-01
  8.6868686869E-07  2.9999981473E-01
  8.7878787879E-07  3.0000057238E-01
  8.8888888889E-07  2.9999847790E-01
  8.9898989899E-07  3.0000269618E-01
  9.0909090909E-07  3.0000383204E-01
  9.1919191919E-07  2.9992316030E-01
  9.2929292929E-07  3.0055918447E-01
  9.3939393939E-07  2.9675015472E-01
  9.4949494949E-07  3.1681868137E-01
  9.5959595960E-07  2.4142318016E-01
  9.6969696970E-07  1.0035688811E+00
  9.7979797980E-07  1.9588863337E+00
  9.8989898990E-07  2.4453654105E+00
  1.0000000000E-06  2.6946436777E+00
 BLOCKEND
 $ X-AXIS = DISTANCE      Y-AXIS = W(C)
 BLOCK X=C1; Y=C2;       GOC=C3,WAD;
  0.0000000000E+00  3.0000000000E-01 M
  1.0101010101E-08  3.0000000000E-01
  2.0202020202E-08  3.0000000000E-01
  3.0303030303E-08  3.0000000000E-01
  4.0404040404E-08  3.0000000000E-01
  5.0505050505E-08  3.0000000000E-01
  6.0606060606E-08  3.0000000000E-01
  7.0707070707E-08  3.0000000000E-01
  8.0808080808E-08  3.0000000000E-01
  9.0909090909E-08  3.0000000000E-01
  1.0101010101E-07  3.0000000000E-01
  1.1111111111E-07  3.0000000000E-01
  1.2121212121E-07  3.0000000000E-01
  1.3131313131E-07  3.0000000000E-01
  1.4141414141E-07  3.0000000000E-01
  1.5151515152E-07  3.0000000000E-01
  1.6161616162E-07  3.0000000000E-01
  1.7171717172E-07  3.0000000000E-01
  1.8181818182E-07  3.0000000000E-01
  1.9191919192E-07  3.0000000000E-01
  2.0202020202E-07  3.0000000000E-01
  2.1212121212E-07  3.0000000000E-01
  2.2222222222E-07  3.0000000000E-01
  2.3232323232E-07  3.0000000000E-01
  2.4242424242E-07  3.0000000000E-01
  2.5252525253E-07  3.0000000000E-01
  2.6262626263E-07  3.0000000000E-01
  2.7272727273E-07  3.0000000000E-01
  2.8282828283E-07  3.0000000000E-01
  2.9292929293E-07  3.0000000000E-01
  3.0303030303E-07  3.0000000000E-01
  3.1313131313E-07  3.0000000000E-01
  3.2323232323E-07  3.0000000000E-01
  3.3333333333E-07  3.0000000000E-01
  3.4343434343E-07  3.0000000000E-01
  3.5353535354E-07  3.0000000000E-01
  3.6363636364E-07  3.0000000000E-01
  3.7373737374E-07  3.0000000000E-01
  3.8383838384E-07  3.0000000000E-01
  3.9393939394E-07  3.0000000000E-01
  4.0404040404E-07  3.0000000000E-01
  4.1414141414E-07  3.0000000000E-01
  4.2424242424E-07  3.0000000000E-01
  4.3434343434E-07  3.0000000000E-01
  4.4444444444E-07  3.0000000000E-01
  4.5454545455E-07  3.0000000000E-01
  4.6464646465E-07  3.0000000000E-01
  4.7474747475E-07  3.0000000000E-01
  4.8484848485E-07  3.0000000000E-01
  4.9494949495E-07  3.0000000000E-01
  5.0505050505E-07  3.0000000000E-01
  5.1515151515E-07  3.0000000000E-01
  5.2525252525E-07  3.0000000000E-01
  5.3535353535E-07  3.0000000000E-01
  5.4545454545E-07  3.0000000000E-01
  5.5555555556E-07  3.0000000000E-01
  5.6565656566E-07  3.0000000000E-01
  5.7575757576E-07  3.0000000000E-01
  5.8585858586E-07  3.0000000000E-01
  5.9595959596E-07  3.0000000000E-01
  6.0606060606E-07  3.0000000000E-01
  6.1616161616E-07  3.0000000000E-01
  6.2626262626E-07  3.0000000000E-01
  6.3636363636E-07  3.0000000000E-01
  6.4646464646E-07  3.0000000000E-01
  6.5656565657E-07  3.0000000000E-01
  6.6666666667E-07  3.0000000000E-01
  6.7676767677E-07  3.0000000000E-01
  6.8686868687E-07  3.0000000000E-01
  6.9696969697E-07  3.0000000000E-01
  7.0707070707E-07  3.0000000000E-01
  7.1717171717E-07  3.0000000000E-01
  7.2727272727E-07  3.0000000000E-01
  7.3737373737E-07  3.0000000000E-01
  7.4747474747E-07  3.0000000000E-01
  7.5757575758E-07  3.0000000000E-01
  7.6767676768E-07  3.0000000000E-01
  7.7777777778E-07  3.0000000000E-01
  7.8787878788E-07  3.0000000000E-01
  7.9797979798E-07  2.9999999998E-01
  8.0808080808E-07  3.0000000012E-01
  8.1818181818E-07  2.9999999940E-01
  8.2828282828E-07  3.0000000281E-01
  8.3838383838E-07  2.9999998732E-01
  8.4848484848E-07  3.0000005532E-01
  8.5858585859E-07  2.9999976463E-01
  8.6868686869E-07  3.0000098503E-01
  8.7878787879E-07  2.9999588382E-01
  8.8888888889E-07  3.0001761175E-01
  8.9898989899E-07  2.9992012471E-01
  9.0909090909E-07  3.0039433015E-01
  9.1919191919E-07  2.9788197215E-01
  9.2929292929E-07  3.1407214112E-01
  9.3939393939E-07  5.8247016004E-01
  9.4949494949E-07  9.7820546151E-01
  9.5959595960E-07  1.5893018094E+00
  9.6969696970E-07  2.0745169676E+00
  9.7979797980E-07  2.3716931413E+00
  9.8989898990E-07  2.5603351525E+00
  1.0000000000E-06  2.6941369897E+00
 BLOCKEND
 $ X-AXIS = DISTANCE      Y-AXIS = W(C)
 BLOCK X=C1; Y=C2;       GOC=C3,WAD;
  0.0000000000E+00  3.0000000000E-01 M
  1.0101010101E-08  3.0000000000E-01
  2.0202020202E-08  3.0000000000E-01
  3.0303030303E-08  3.0000000000E-01
  4.0404040404E-08  3.0000000000E-01
  5.0505050505E-08  3.0000000000E-01
  6.0606060606E-08  3.0000000000E-01
  7.0707070707E-08  3.0000000000E-01
  8.0808080808E-08  3.0000000000E-01
  9.0909090909E-08  3.0000000000E-01
  1.0101010101E-07  3.0000000000E-01
  1.1111111111E-07  3.0000000000E-01
  1.2121212121E-07  3.0000000000E-01
  1.3131313131E-07  3.0000000000E-01
  1.4141414141E-07  3.0000000000E-01
  1.5151515152E-07  3.0000000000E-01
  1.6161616162E-07  3.0000000000E-01
  1.7171717172E-07  3.0000000000E-01
  1.8181818182E-07  3.0000000000E-01
  1.9191919192E-07  3.0000000000E-01
  2.0202020202E-07  3.0000000000E-01
  2.1212121212E-07  3.0000000000E-01
  2.2222222222E-07  3.0000000000E-01
  2.3232323232E-07  3.0000000000E-01
  2.4242424242E-07  3.0000000000E-01
  2.5252525253E-07  3.0000000000E-01
  2.6262626263E-07  3.0000000000E-01
  2.7272727273E-07  3.0000000000E-01
  2.8282828283E-07  3.0000000000E-01
  2.9292929293E-07  3.0000000000E-01
  3.0303030303E-07  3.0000000000E-01
  3.1313131313E-07  3.0000000000E-01
  3.2323232323E-07  3.0000000000E-01
  3.3333333333E-07  3.0000000000E-01
  3.4343434343E-07  3.0000000000E-01
  3.5353535354E-07  3.0000000000E-01
  3.6363636364E-07  3.0000000000E-01
  3.7373737374E-07  3.0000000000E-01
  3.8383838384E-07  3.0000000000E-01
  3.9393939394E-07  3.0000000000E-01
  4.0404040404E-07  3.0000000000E-01
  4.1414141414E-07  3.0000000000E-01
  4.2424242424E-07  3.0000000000E-01
  4.3434343434E-07  3.0000000000E-01
  4.4444444444E-07  3.0000000000E-01
  4.5454545455E-07  3.0000000000E-01
  4.6464646465E-07  3.0000000000E-01
  4.7474747475E-07  3.0000000000E-01
  4.8484848485E-07  3.0000000000E-01
  4.9494949495E-07  3.0000000000E-01
  5.0505050505E-07  3.0000000000E-01
  5.1515151515E-07  3.0000000000E-01
  5.2525252525E-07  3.0000000000E-01
  5.3535353535E-07  3.0000000000E-01
  5.4545454545E-07  3.0000000000E-01
  5.5555555556E-07  3.0000000000E-01
  5.6565656566E-07  3.0000000000E-01
  5.7575757576E-07  3.0000000000E-01
  5.8585858586E-07  3.0000000000E-01
  5.9595959596E-07  3.0000000000E-01
  6.0606060606E-07  3.0000000000E-01
  6.1616161616E-07  3.0000000000E-01
  6.2626262626E-07  3.0000000000E-01
  6.3636363636E-07  3.0000000000E-01
  6.4646464646E-07  3.0000000000E-01
  6.5656565657E-07  3.0000000000E-01
  6.6666666667E-07  3.0000000000E-01
  6.7676767677E-07  3.0000000000E-01
  6.8686868687E-07  3.0000000000E-01
  6.9696969697E-07  3.0000000000E-01
  7.0707070707E-07  3.0000000000E-01
  7.1717171717E-07  3.0000000000E-01
  7.2727272727E-07  3.0000000000E-01
  7.3737373737E-07  3.0000000000E-01
  7.4747474747E-07  3.0000000000E-01
  7.5757575758E-07  3.0000000000E-01
  7.6767676768E-07  3.0000000002E-01
  7.7777777778E-07  3.0000000016E-01
  7.8787878788E-07  3.0000000153E-01
  7.9797979798E-07  3.0000001419E-01
  8.0808080808E-07  3.0000013480E-01
  8.1818181818E-07  3.0000126131E-01
  8.2828282828E-07  3.0001182434E-01
  8.3838383838E-07  3.0010984654E-01
  8.4848484848E-07  3.0099347644E-01
  8.5858585859E-07  3.0785651342E-01
  8.6868686869E-07  3.4241849108E-01
  8.7878787879E-07  4.3047208065E-01
  8.8888888889E-07  5.4776248379E-01
  8.9898989899E-07  6.6126805579E-01
  9.0909090909E-07  8.8915664572E-01
  9.1919191919E-07  1.3321164308E+00
  9.2929292929E-07  1.7436597648E+00
  9.3939393939E-07  1.9960886370E+00
  9.4949494949E-07  2.1878923490E+00
  9.5959595960E-07  2.3253173559E+00
  9.6969696970E-07  2.4389856634E+00
  9.7979797980E-07  2.5349006853E+00
  9.8989898990E-07  2.6131376443E+00
  1.0000000000E-06  2.6814573382E+00
 BLOCKEND
 $ X-AXIS = DISTANCE      Y-AXIS = W(C)
 BLOCK X=C1; Y=C2;       GOC=C3,WAD;
  0.0000000000E+00  3.0000000000E-01 M
  1.0101010101E-08  3.0000000000E-01
  2.0202020202E-08  3.0000000000E-01
  3.0303030303E-08  3.0000000000E-01
  4.0404040404E-08  3.0000000000E-01
  5.0505050505E-08  3.0000000000E-01
  6.0606060606E-08  3.0000000000E-01
  7.0707070707E-08  3.0000000000E-01
  8.0808080808E-08  3.0000000000E-01
  9.0909090909E-08  3.0000000000E-01
  1.0101010101E-07  3.0000000000E-01
  1.1111111111E-07  3.0000000000E-01
  1.2121212121E-07  3.0000000000E-01
  1.3131313131E-07  3.0000000000E-01
  1.4141414141E-07  3.0000000000E-01
  1.5151515152E-07  3.0000000000E-01
  1.6161616162E-07  3.0000000000E-01
  1.7171717172E-07  3.0000000000E-01
  1.8181818182E-07  3.0000000000E-01
  1.9191919192E-07  3.0000000000E-01
  2.0202020202E-07  3.0000000000E-01
  2.1212121212E-07  3.0000000000E-01
  2.2222222222E-07  3.0000000000E-01
  2.3232323232E-07  3.0000000000E-01
  2.4242424242E-07  3.0000000000E-01
  2.5252525253E-07  3.0000000000E-01
  2.6262626263E-07  3.0000000000E-01
  2.7272727273E-07  3.0000000000E-01
  2.8282828283E-07  3.0000000000E-01
  2.9292929293E-07  3.0000000000E-01
  3.0303030303E-07  3.0000000000E-01
  3.1313131313E-07  3.0000000000E-01
  3.2323232323E-07  3.0000000000E-01
  3.3333333333E-07  3.0000000000E-01
  3.4343434343E-07  3.0000000000E-01
  3.5353535354E-07  3.0000000000E-01
  3.6363636364E-07  3.0000000000E-01
  3.7373737374E-07  3.0000000000E-01
  3.8383838384E-07  3.0000000000E-01
  3.9393939394E-07  3.0000000000E-01
  4.0404040404E-07  3.0000000000E-01
  4.1414141414E-07  3.0000000000E-01
  4.2424242424E-07  3.0000000000E-01
  4.3434343434E-07  3.0000000000E-01
  4.4444444444E-07  3.0000000000E-01
  4.5454545455E-07  3.0000000000E-01
  4.6464646465E-07  3.0000000000E-01
  4.7474747475E-07  3.0000000000E-01
  4.8484848485E-07  3.0000000000E-01
  4.9494949495E-07  3.0000000000E-01
  5.0505050505E-07  3.0000000000E-01
  5.1515151515E-07  3.0000000000E-01
  5.2525252525E-07  3.0000000000E-01
  5.3535353535E-07  3.0000000000E-01
  5.4545454545E-07  3.0000000000E-01
  5.5555555556E-07  3.0000000000E-01
  5.6565656566E-07  3.0000000000E-01
  5.7575757576E-07  3.0000000000E-01
  5.8585858586E-07  3.0000000000E-01
  5.9595959596E-07  3.0000000000E-01
  6.0606060606E-07  3.0000000000E-01
  6.1616161616E-07  3.0000000000E-01
  6.2626262626E-07  3.0000000000E-01
  6.3636363636E-07  3.0000000000E-01
  6.4646464646E-07  3.0000000002E-01
  6.5656565657E-07  3.0000000008E-01
  6.6666666667E-07  3.0000000032E-01
  6.7676767677E-07  3.0000000129E-01
  6.8686868687E-07  3.0000000521E-01
  6.9696969697E-07  3.0000002099E-01
  7.0707070707E-07  3.0000008440E-01
  7.1717171717E-07  3.0000033895E-01
  7.2727272727E-07  3.0000135937E-01
  7.3737373737E-07  3.0000544362E-01
  7.4747474747E-07  3.0002176369E-01
  7.5757575758E-07  3.0008684652E-01
  7.6767676768E-07  3.0034564710E-01
  7.7777777778E-07  3.0136913226E-01
  7.8787878788E-07  3.0535723496E-01
  7.9797979798E-07  3.2020731486E-01
  8.0808080808E-07  3.6908656712E-01
  8.1818181818E-07  4.9422046909E-01
  8.2828282828E-07  7.1871372443E-01
  8.3838383838E-07  1.0016708231E+00
  8.4848484848E-07  1.2742771569E+00
  8.5858585859E-07  1.4944345168E+00
  8.6868686869E-07  1.6609587113E+00
  8.7878787879E-07  1.8023729617E+00
  8.8888888889E-07  1.9415091379E+00
  8.9898989899E-07  2.0709490756E+00
  9.0909090909E-07  2.1696347496E+00
  9.1919191919E-07  2.2486388996E+00
  9.2929292929E-07  2.3271146839E+00
  9.3939393939E-07  2.3890276591E+00
  9.4949494949E-07  2.4506398279E+00
  9.5959595960E-07  2.5015532894E+00
  9.6969696970E-07  2.5505926058E+00
  9.7979797980E-07  2.5969115716E+00
  9.8989898990E-07  2.6366733873E+00
  1.0000000000E-06  2.6742098078E+00
 BLOCKEND
 $ X-AXIS = DISTANCE      Y-AXIS = W(C)
 BLOCK X=C1; Y=C2;       GOC=C3,WAD;
  0.0000000000E+00  3.0000000000E-01 M
  1.0101010101E-08  3.0000000000E-01
  2.0202020202E-08  3.0000000000E-01
  3.0303030303E-08  3.0000000000E-01
  4.0404040404E-08  3.0000000000E-01
  5.0505050505E-08  3.0000000000E-01
  6.0606060606E-08  3.0000000000E-01
  7.0707070707E-08  3.0000000000E-01
  8.0808080808E-08  3.0000000000E-01
  9.0909090909E-08  3.0000000000E-01
  1.0101010101E-07  3.0000000000E-01
  1.1111111111E-07  3.0000000000E-01
  1.2121212121E-07  3.0000000000E-01
  1.3131313131E-07  3.0000000000E-01
  1.4141414141E-07  3.0000000000E-01
  1.5151515152E-07  3.0000000000E-01
  1.6161616162E-07  3.0000000000E-01
  1.7171717172E-07  3.0000000000E-01
  1.8181818182E-07  3.0000000000E-01
  1.9191919192E-07  3.0000000000E-01
  2.0202020202E-07  3.0000000000E-01
  2.1212121212E-07  3.0000000000E-01
  2.2222222222E-07  3.0000000000E-01
  2.3232323232E-07  3.0000000000E-01
  2.4242424242E-07  3.0000000000E-01
  2.5252525253E-07  3.0000000000E-01
  2.6262626263E-07  3.0000000000E-01
  2.7272727273E-07  3.0000000000E-01
  2.8282828283E-07  3.0000000000E-01
  2.9292929293E-07  3.0000000000E-01
  3.0303030303E-07  3.0000000000E-01
  3.1313131313E-07  3.0000000000E-01
  3.2323232323E-07  3.0000000001E-01
  3.3333333333E-07  3.0000000002E-01
  3.4343434343E-07  3.0000000004E-01
  3.5353535354E-07  3.0000000008E-01
  3.6363636364E-07  3.0000000016E-01
  3.7373737374E-07  3.0000000033E-01
  3.8383838384E-07  3.0000000069E-01
  3.9393939394E-07  3.0000000144E-01
  4.0404040404E-07  3.0000000300E-01
  4.1414141414E-07  3.0000000624E-01
  4.2424242424E-07  3.0000001296E-01
  4.3434343434E-07  3.0000002691E-01
  4.4444444444E-07  3.0000005586E-01
  4.5454545455E-07  3.0000011585E-01
  4.6464646465E-07  3.0000024016E-01
  4.7474747475E-07  3.0000049756E-01
  4.8484848485E-07  3.0000103017E-01
  4.9494949495E-07  3.0000213152E-01
  5.0505050505E-07  3.0000440728E-01
  5.1515151515E-07  3.0000910618E-01
  5.2525252525E-07  3.0001880053E-01
  5.3535353535E-07  3.0003878419E-01
  5.4545454545E-07  3.0007994133E-01
  5.5555555556E-07  3.0016461195E-01
  5.6565656566E-07  3.0033854816E-01
  5.7575757576E-07  3.0069523646E-01
  5.8585858586E-07  3.0142492247E-01
  5.9595959596E-07  3.0291182526E-01
  6.0606060606E-07  3.0592130659E-01
  6.1616161616E-07  3.1193858386E-01
  6.2626262626E-07  3.2370594713E-01
  6.3636363636E-07  3.4583881490E-01
  6.4646464646E-07  3.8490403309E-01
  6.5656565657E-07  4.4775667873E-01
  6.6666666667E-07  5.3771997030E-01
  6.7676767677E-07  6.5119344972E-01
  6.8686868687E-07  7.7838185654E-01
  6.9696969697E-07  9.0768502859E-01
  7.0707070707E-07  1.0299372371E+00
  7.1717171717E-07  1.1404977236E+00
  7.2727272727E-07  1.2397966676E+00
  7.3737373737E-07  1.3328812550E+00
  7.4747474747E-07  1.4268842609E+00
  7.5757575758E-07  1.5263315840E+00
  7.6767676768E-07  1.6304720041E+00
  7.7777777778E-07  1.7349143892E+00
  7.8787878788E-07  1.8340803386E+00
  7.9797979798E-07  1.9225364645E+00
  8.0808080808E-07  1.9962973449E+00
  8.1818181818E-07  2.0547819883E+00
  8.2828282828E-07  2.1026012973E+00
  8.3838383838E-07  2.1480842755E+00
  8.4848484848E-07  2.1967530779E+00
  8.5858585859E-07  2.2456954073E+00
  8.6868686869E-07  2.2870992421E+00
  8.7878787879E-07  2.3196026286E+00
  8.8888888889E-07  2.3527013725E+00
  8.9898989899E-07  2.3902507727E+00
  9.0909090909E-07  2.4214073538E+00
  9.1919191919E-07  2.4476761460E+00
  9.2929292929E-07  2.4791601341E+00
  9.3939393939E-07  2.5032345116E+00
  9.4949494949E-07  2.5310829834E+00
  9.5959595960E-07  2.5533668677E+00
  9.6969696970E-07  2.5769879740E+00
  9.7979797980E-07  2.6008373276E+00
  9.8989898990E-07  2.6207172397E+00
  1.0000000000E-06  2.6405148837E+00
 BLOCKEND
 $ X-AXIS = DISTANCE      Y-AXIS = W(C)
 BLOCK X=C1; Y=C2;       GOC=C3,WAD;
  0.0000000000E+00  3.0000000000E-01 M
  1.0101010101E-08  3.0000000000E-01
  2.0202020202E-08  3.0000000000E-01
  3.0303030303E-08  3.0000000000E-01
  4.0404040404E-08  3.0000000001E-01
  5.0505050505E-08  3.0000000001E-01
  6.0606060606E-08  3.0000000002E-01
  7.0707070707E-08  3.0000000005E-01
  8.0808080808E-08  3.0000000009E-01
  9.0909090909E-08  3.0000000017E-01
  1.0101010101E-07  3.0000000031E-01
  1.1111111111E-07  3.0000000059E-01
  1.2121212121E-07  3.0000000112E-01
  1.3131313131E-07  3.0000000210E-01
  1.4141414141E-07  3.0000000393E-01
  1.5151515152E-07  3.0000000737E-01
  1.6161616162E-07  3.0000001377E-01
  1.7171717172E-07  3.0000002569E-01
  1.8181818182E-07  3.0000004782E-01
  1.9191919192E-07  3.0000008885E-01
  2.0202020202E-07  3.0000016471E-01
  2.1212121212E-07  3.0000030466E-01
  2.2222222222E-07  3.0000056224E-01
  2.3232323232E-07  3.0000103513E-01
  2.4242424242E-07  3.0000190101E-01
  2.5252525253E-07  3.0000348221E-01
  2.6262626263E-07  3.0000636147E-01
  2.7272727273E-07  3.0001158895E-01
  2.8282828283E-07  3.0002105053E-01
  2.9292929293E-07  3.0003812041E-01
  3.0303030303E-07  3.0006881258E-01
  3.1313131313E-07  3.0012380233E-01
  3.2323232323E-07  3.0022193895E-01
  3.3333333333E-07  3.0039630799E-01
  3.4343434343E-07  3.0070466754E-01
  3.5353535354E-07  3.0124711705E-01
  3.6363636364E-07  3.0219542664E-01
  3.7373737374E-07  3.0384055621E-01
  3.8383838384E-07  3.0666626071E-01
  3.9393939394E-07  3.1145476677E-01
  4.0404040404E-07  3.1941810654E-01
  4.1414141414E-07  3.3231372011E-01
  4.2424242424E-07  3.5243816899E-01
  4.3434343434E-07  3.8233297968E-01
  4.4444444444E-07  4.2410224170E-01
  4.5454545455E-07  4.7855426906E-01
  4.6464646465E-07  5.4474733025E-01
  4.7474747475E-07  6.2038369216E-01
  4.8484848485E-07  7.0273771737E-01
  4.9494949495E-07  7.8928729642E-01
  5.0505050505E-07  8.7766725518E-01
  5.1515151515E-07  9.6540020428E-01
  5.2525252525E-07  1.0500322996E+00
  5.3535353535E-07  1.1297231454E+00
  5.4545454545E-07  1.2037666445E+00
  5.5555555556E-07  1.2725145636E+00
  5.6565656566E-07  1.3366975534E+00
  5.7575757576E-07  1.3967019908E+00
  5.8585858586E-07  1.4524067874E+00
  5.9595959596E-07  1.5036390414E+00
  6.0606060606E-07  1.5507306273E+00
  6.1616161616E-07  1.5946083356E+00
  6.2626262626E-07  1.6363106880E+00
  6.3636363636E-07  1.6763451109E+00
  6.4646464646E-07  1.7144373461E+00
  6.5656565657E-07  1.7498819813E+00
  6.6666666667E-07  1.7822148581E+00
  6.7676767677E-07  1.8117159257E+00
  6.8686868687E-07  1.8394077497E+00
  6.9696969697E-07  1.8665493160E+00
  7.0707070707E-07  1.8939213009E+00
  7.1717171717E-07  1.9213301043E+00
  7.2727272727E-07  1.9476465236E+00
  7.3737373737E-07  1.9714116480E+00
  7.4747474747E-07  1.9917806189E+00
  7.5757575758E-07  2.0093295289E+00
  7.6767676768E-07  2.0260747905E+00
  7.7777777778E-07  2.0443692433E+00
  7.8787878788E-07  2.0651985682E+00
  7.9797979798E-07  2.0871131831E+00
  8.0808080808E-07  2.1067975750E+00
  8.1818181818E-07  2.1213828845E+00
  8.2828282828E-07  2.1315570590E+00
  8.3838383838E-07  2.1423742312E+00
  8.4848484848E-07  2.1585542880E+00
  8.5858585859E-07  2.1779185490E+00
  8.6868686869E-07  2.1923571174E+00
  8.7878787879E-07  2.1992469821E+00
  8.8888888889E-07  2.2087869294E+00
  8.9898989899E-07  2.2259339760E+00
  9.0909090909E-07  2.2367438721E+00
  9.1919191919E-07  2.2426243908E+00
  9.2929292929E-07  2.2576920723E+00
  9.3939393939E-07  2.2633602976E+00
  9.4949494949E-07  2.2764187276E+00
  9.5959595960E-07  2.2821668768E+00
  9.6969696970E-07  2.2914669593E+00
  9.7979797980E-07  2.3026131381E+00
  9.8989898990E-07  2.3084399310E+00
  1.0000000000E-06  2.3154843547E+00
 BLOCKEND
