 PROLOGUE 1
 XSCALE        0.00000          0.200000E-06
 YSCALE       0.292387           2.69741    
 XTEXT DISTANCE
 YTEXT WEIGHT-PERCENT C
 XTYPE LINEAR
 YTYPE LINEAR
 XLENGTH        11.5000    
 YLENGTH        11.5000    
 TITLE   
 DATASET 1
 CLIP OFF
    0.00000    1.12000 NAM' TIME = 0,.01,.1,.3,1,3,10,30
 1.05 1.05 MNA' CELL #   2
 CLIP ON
 $ X-AXIS = DISTANCE      Y-AXIS = W(C)
 BLOCK X=C1; Y=C2;       GOC=C3,WAD;
  0.0000000000E+00  3.0000000000E-01 M
  2.0202020202E-09  3.0000000000E-01
  4.0404040404E-09  3.0000000000E-01
  6.0606060606E-09  3.0000000000E-01
  8.0808080808E-09  3.0000000000E-01
  1.0101010101E-08  3.0000000000E-01
  1.2121212121E-08  3.0000000000E-01
  1.4141414141E-08  3.0000000000E-01
  1.6161616162E-08  3.0000000000E-01
  1.8181818182E-08  3.0000000000E-01
  2.0202020202E-08  3.0000000000E-01
  2.2222222222E-08  3.0000000000E-01
  2.4242424242E-08  3.0000000000E-01
  2.6262626263E-08  3.0000000000E-01
  2.8282828283E-08  3.0000000000E-01
  3.0303030303E-08  3.0000000000E-01
  3.2323232323E-08  3.0000000000E-01
  3.4343434343E-08  3.0000000000E-01
  3.6363636364E-08  3.0000000000E-01
  3.8383838384E-08  3.0000000000E-01
  4.0404040404E-08  3.0000000000E-01
  4.2424242424E-08  3.0000000000E-01
  4.4444444444E-08  3.0000000000E-01
  4.6464646465E-08  3.0000000000E-01
  4.8484848485E-08  3.0000000000E-01
  5.0505050505E-08  3.0000000000E-01
  5.2525252525E-08  3.0000000000E-01
  5.4545454545E-08  3.0000000000E-01
  5.6565656566E-08  3.0000000000E-01
  5.8585858586E-08  3.0000000000E-01
  6.0606060606E-08  3.0000000000E-01
  6.2626262626E-08  3.0000000000E-01
  6.4646464646E-08  3.0000000000E-01
  6.6666666667E-08  3.0000000000E-01
  6.8686868687E-08  3.0000000000E-01
  7.0707070707E-08  3.0000000000E-01
  7.2727272727E-08  3.0000000000E-01
  7.4747474747E-08  3.0000000000E-01
  7.6767676768E-08  3.0000000000E-01
  7.8787878788E-08  3.0000000000E-01
  8.0808080808E-08  3.0000000000E-01
  8.2828282828E-08  3.0000000000E-01
  8.4848484848E-08  3.0000000000E-01
  8.6868686869E-08  3.0000000000E-01
  8.8888888889E-08  3.0000000000E-01
  9.0909090909E-08  3.0000000000E-01
  9.2929292929E-08  3.0000000000E-01
  9.4949494949E-08  3.0000000000E-01
  9.6969696970E-08  3.0000000000E-01
  9.8989898990E-08  3.0000000000E-01
  1.0101010101E-07  3.0000000000E-01
  1.0303030303E-07  3.0000000000E-01
  1.0505050505E-07  3.0000000000E-01
  1.0707070707E-07  3.0000000000E-01
  1.0909090909E-07  3.0000000000E-01
  1.1111111111E-07  3.0000000000E-01
  1.1313131313E-07  3.0000000000E-01
  1.1515151515E-07  3.0000000000E-01
  1.1717171717E-07  3.0000000000E-01
  1.1919191919E-07  3.0000000000E-01
  1.2121212121E-07  3.0000000000E-01
  1.2323232323E-07  3.0000000000E-01
  1.2525252525E-07  3.0000000000E-01
  1.2727272727E-07  3.0000000000E-01
  1.2929292929E-07  3.0000000000E-01
  1.3131313131E-07  3.0000000000E-01
  1.3333333333E-07  3.0000000000E-01
  1.3535353535E-07  3.0000000000E-01
  1.3737373737E-07  3.0000000000E-01
  1.3939393939E-07  3.0000000000E-01
  1.4141414141E-07  3.0000000000E-01
  1.4343434343E-07  3.0000000000E-01
  1.4545454545E-07  3.0000000000E-01
  1.4747474747E-07  3.0000000000E-01
  1.4949494949E-07  3.0000000000E-01
  1.5151515152E-07  3.0000000000E-01
  1.5353535354E-07  3.0000000000E-01
  1.5555555556E-07  3.0000000000E-01
  1.5757575758E-07  3.0000000000E-01
  1.5959595960E-07  3.0000000000E-01
  1.6161616162E-07  3.0000000000E-01
  1.6363636364E-07  3.0000000000E-01
  1.6565656566E-07  3.0000000000E-01
  1.6767676768E-07  3.0000000000E-01
  1.6969696970E-07  3.0000000000E-01
  1.7171717172E-07  3.0000000000E-01
  1.7373737374E-07  3.0000000000E-01
  1.7575757576E-07  3.0000000000E-01
  1.7777777778E-07  3.0000000000E-01
  1.7979797980E-07  3.0000000000E-01
  1.8181818182E-07  3.0000000000E-01
  1.8383838384E-07  3.0000000000E-01
  1.8585858586E-07  3.0000000000E-01
  1.8787878788E-07  3.0000000000E-01
  1.8989898990E-07  3.0000000000E-01
  1.9191919192E-07  3.0000000000E-01
  1.9393939394E-07  3.0000000000E-01
  1.9595959596E-07  3.0000000000E-01
  1.9797979798E-07  3.0000000000E-01
  2.0000000000E-07  3.0000000000E-01
 BLOCKEND
 $ X-AXIS = DISTANCE      Y-AXIS = W(C)
 BLOCK X=C1; Y=C2;       GOC=C3,WAD;
  0.0000000000E+00  3.0000000000E-01 M
  2.0202020202E-09  3.0000000000E-01
  4.0404040404E-09  3.0000000000E-01
  6.0606060606E-09  3.0000000000E-01
  8.0808080808E-09  3.0000000000E-01
  1.0101010101E-08  3.0000000000E-01
  1.2121212121E-08  3.0000000000E-01
  1.4141414141E-08  3.0000000000E-01
  1.6161616162E-08  3.0000000000E-01
  1.8181818182E-08  3.0000000000E-01
  2.0202020202E-08  3.0000000000E-01
  2.2222222222E-08  3.0000000000E-01
  2.4242424242E-08  3.0000000000E-01
  2.6262626263E-08  3.0000000000E-01
  2.8282828283E-08  3.0000000000E-01
  3.0303030303E-08  3.0000000000E-01
  3.2323232323E-08  3.0000000000E-01
  3.4343434343E-08  3.0000000000E-01
  3.6363636364E-08  3.0000000000E-01
  3.8383838384E-08  3.0000000000E-01
  4.0404040404E-08  3.0000000000E-01
  4.2424242424E-08  3.0000000000E-01
  4.4444444444E-08  3.0000000000E-01
  4.6464646465E-08  3.0000000000E-01
  4.8484848485E-08  3.0000000000E-01
  5.0505050505E-08  3.0000000000E-01
  5.2525252525E-08  3.0000000000E-01
  5.4545454545E-08  3.0000000000E-01
  5.6565656566E-08  3.0000000000E-01
  5.8585858586E-08  3.0000000000E-01
  6.0606060606E-08  3.0000000000E-01
  6.2626262626E-08  3.0000000000E-01
  6.4646464646E-08  3.0000000000E-01
  6.6666666667E-08  3.0000000000E-01
  6.8686868687E-08  3.0000000000E-01
  7.0707070707E-08  3.0000000000E-01
  7.2727272727E-08  3.0000000000E-01
  7.4747474747E-08  3.0000000000E-01
  7.6767676768E-08  3.0000000000E-01
  7.8787878788E-08  3.0000000000E-01
  8.0808080808E-08  3.0000000000E-01
  8.2828282828E-08  3.0000000000E-01
  8.4848484848E-08  3.0000000000E-01
  8.6868686869E-08  3.0000000000E-01
  8.8888888889E-08  3.0000000000E-01
  9.0909090909E-08  3.0000000000E-01
  9.2929292929E-08  3.0000000000E-01
  9.4949494949E-08  3.0000000000E-01
  9.6969696970E-08  3.0000000000E-01
  9.8989898990E-08  3.0000000000E-01
  1.0101010101E-07  3.0000000000E-01
  1.0303030303E-07  3.0000000000E-01
  1.0505050505E-07  3.0000000000E-01
  1.0707070707E-07  3.0000000000E-01
  1.0909090909E-07  3.0000000000E-01
  1.1111111111E-07  3.0000000000E-01
  1.1313131313E-07  3.0000000000E-01
  1.1515151515E-07  3.0000000000E-01
  1.1717171717E-07  3.0000000000E-01
  1.1919191919E-07  3.0000000000E-01
  1.2121212121E-07  3.0000000000E-01
  1.2323232323E-07  3.0000000000E-01
  1.2525252525E-07  3.0000000000E-01
  1.2727272727E-07  3.0000000000E-01
  1.2929292929E-07  3.0000000000E-01
  1.3131313131E-07  3.0000000000E-01
  1.3333333333E-07  3.0000000000E-01
  1.3535353535E-07  3.0000000000E-01
  1.3737373737E-07  3.0000000000E-01
  1.3939393939E-07  3.0000000000E-01
  1.4141414141E-07  3.0000000000E-01
  1.4343434343E-07  3.0000000000E-01
  1.4545454545E-07  3.0000000000E-01
  1.4747474747E-07  3.0000000000E-01
  1.4949494949E-07  3.0000000000E-01
  1.5151515152E-07  3.0000000000E-01
  1.5353535354E-07  3.0000000000E-01
  1.5555555556E-07  3.0000000000E-01
  1.5757575758E-07  3.0000000001E-01
  1.5959595960E-07  2.9999999997E-01
  1.6161616162E-07  3.0000000014E-01
  1.6363636364E-07  2.9999999942E-01
  1.6565656566E-07  3.0000000230E-01
  1.6767676768E-07  2.9999999130E-01
  1.6969696970E-07  3.0000003102E-01
  1.7171717172E-07  2.9999989852E-01
  1.7373737374E-07  3.0000028403E-01
  1.7575757576E-07  2.9999948221E-01
  1.7777777778E-07  2.9999903111E-01
  1.7979797980E-07  3.0001881667E-01
  1.8181818182E-07  2.9984774148E-01
  1.8383838384E-07  3.0104487159E-01
  1.8585858586E-07  2.9238697132E-01
  1.8787878788E-07  4.3146904438E-01
  1.8989898990E-07  7.4055006135E-01
  1.9191919192E-07  1.3433499902E+00
  1.9393939394E-07  1.9659994140E+00
  1.9595959596E-07  2.3280174410E+00
  1.9797979798E-07  2.5471727407E+00
  2.0000000000E-07  2.6974095241E+00
 BLOCKEND
 $ X-AXIS = DISTANCE      Y-AXIS = W(C)
 BLOCK X=C1; Y=C2;       GOC=C3,WAD;
  0.0000000000E+00  3.0000000000E-01 M
  2.0202020202E-09  3.0000000000E-01
  4.0404040404E-09  3.0000000000E-01
  6.0606060606E-09  3.0000000000E-01
  8.0808080808E-09  3.0000000000E-01
  1.0101010101E-08  3.0000000000E-01
  1.2121212121E-08  3.0000000000E-01
  1.4141414141E-08  3.0000000000E-01
  1.6161616162E-08  3.0000000000E-01
  1.8181818182E-08  3.0000000000E-01
  2.0202020202E-08  3.0000000000E-01
  2.2222222222E-08  3.0000000000E-01
  2.4242424242E-08  3.0000000000E-01
  2.6262626263E-08  3.0000000000E-01
  2.8282828283E-08  3.0000000000E-01
  3.0303030303E-08  3.0000000000E-01
  3.2323232323E-08  3.0000000000E-01
  3.4343434343E-08  3.0000000000E-01
  3.6363636364E-08  3.0000000000E-01
  3.8383838384E-08  3.0000000000E-01
  4.0404040404E-08  3.0000000000E-01
  4.2424242424E-08  3.0000000000E-01
  4.4444444444E-08  3.0000000000E-01
  4.6464646465E-08  3.0000000000E-01
  4.8484848485E-08  3.0000000000E-01
  5.0505050505E-08  3.0000000000E-01
  5.2525252525E-08  3.0000000000E-01
  5.4545454545E-08  3.0000000000E-01
  5.6565656566E-08  3.0000000000E-01
  5.8585858586E-08  3.0000000000E-01
  6.0606060606E-08  3.0000000000E-01
  6.2626262626E-08  3.0000000000E-01
  6.4646464646E-08  3.0000000000E-01
  6.6666666667E-08  3.0000000000E-01
  6.8686868687E-08  3.0000000000E-01
  7.0707070707E-08  3.0000000000E-01
  7.2727272727E-08  3.0000000000E-01
  7.4747474747E-08  3.0000000000E-01
  7.6767676768E-08  3.0000000000E-01
  7.8787878788E-08  3.0000000000E-01
  8.0808080808E-08  3.0000000000E-01
  8.2828282828E-08  3.0000000000E-01
  8.4848484848E-08  3.0000000000E-01
  8.6868686869E-08  3.0000000000E-01
  8.8888888889E-08  3.0000000000E-01
  9.0909090909E-08  3.0000000000E-01
  9.2929292929E-08  3.0000000000E-01
  9.4949494949E-08  3.0000000000E-01
  9.6969696970E-08  3.0000000000E-01
  9.8989898990E-08  3.0000000000E-01
  1.0101010101E-07  3.0000000000E-01
  1.0303030303E-07  3.0000000000E-01
  1.0505050505E-07  3.0000000000E-01
  1.0707070707E-07  3.0000000000E-01
  1.0909090909E-07  3.0000000000E-01
  1.1111111111E-07  3.0000000000E-01
  1.1313131313E-07  3.0000000000E-01
  1.1515151515E-07  3.0000000000E-01
  1.1717171717E-07  3.0000000000E-01
  1.1919191919E-07  3.0000000000E-01
  1.2121212121E-07  3.0000000000E-01
  1.2323232323E-07  3.0000000000E-01
  1.2525252525E-07  3.0000000000E-01
  1.2727272727E-07  3.0000000000E-01
  1.2929292929E-07  3.0000000000E-01
  1.3131313131E-07  3.0000000000E-01
  1.3333333333E-07  3.0000000001E-01
  1.3535353535E-07  3.0000000006E-01
  1.3737373737E-07  3.0000000026E-01
  1.3939393939E-07  3.0000000117E-01
  1.4141414141E-07  3.0000000525E-01
  1.4343434343E-07  3.0000002345E-01
  1.4545454545E-07  3.0000010460E-01
  1.4747474747E-07  3.0000046594E-01
  1.4949494949E-07  3.0000207224E-01
  1.5151515152E-07  3.0000919997E-01
  1.5353535354E-07  3.0004076643E-01
  1.5555555556E-07  3.0018019434E-01
  1.5757575758E-07  3.0079293194E-01
  1.5959595960E-07  3.0344949063E-01
  1.6161616162E-07  3.1446964365E-01
  1.6363636364E-07  3.5464034134E-01
  1.6565656566E-07  4.6573436231E-01
  1.6767676768E-07  6.7241567930E-01
  1.6969696970E-07  9.3284584256E-01
  1.7171717172E-07  1.1787111577E+00
  1.7373737374E-07  1.3761051212E+00
  1.7575757576E-07  1.5459151620E+00
  1.7777777778E-07  1.7278576158E+00
  1.7979797980E-07  1.9140949964E+00
  1.8181818182E-07  2.0654154874E+00
  1.8383838384E-07  2.1714895969E+00
  1.8585858586E-07  2.2673733094E+00
  1.8787878788E-07  2.3475669392E+00
  1.8989898990E-07  2.4183466350E+00
  1.9191919192E-07  2.4792276261E+00
  1.9393939394E-07  2.5369396951E+00
  1.9595959596E-07  2.5881921259E+00
  1.9797979798E-07  2.6326108746E+00
  2.0000000000E-07  2.6752795917E+00
 BLOCKEND
 $ X-AXIS = DISTANCE      Y-AXIS = W(C)
 BLOCK X=C1; Y=C2;       GOC=C3,WAD;
  0.0000000000E+00  3.0000000000E-01 M
  2.0202020202E-09  3.0000000000E-01
  4.0404040404E-09  3.0000000000E-01
  6.0606060606E-09  3.0000000000E-01
  8.0808080808E-09  3.0000000000E-01
  1.0101010101E-08  3.0000000000E-01
  1.2121212121E-08  3.0000000000E-01
  1.4141414141E-08  3.0000000000E-01
  1.6161616162E-08  3.0000000000E-01
  1.8181818182E-08  3.0000000000E-01
  2.0202020202E-08  3.0000000000E-01
  2.2222222222E-08  3.0000000000E-01
  2.4242424242E-08  3.0000000000E-01
  2.6262626263E-08  3.0000000000E-01
  2.8282828283E-08  3.0000000000E-01
  3.0303030303E-08  3.0000000000E-01
  3.2323232323E-08  3.0000000000E-01
  3.4343434343E-08  3.0000000000E-01
  3.6363636364E-08  3.0000000000E-01
  3.8383838384E-08  3.0000000000E-01
  4.0404040404E-08  3.0000000000E-01
  4.2424242424E-08  3.0000000000E-01
  4.4444444444E-08  3.0000000000E-01
  4.6464646465E-08  3.0000000000E-01
  4.8484848485E-08  3.0000000000E-01
  5.0505050505E-08  3.0000000000E-01
  5.2525252525E-08  3.0000000000E-01
  5.4545454545E-08  3.0000000000E-01
  5.6565656566E-08  3.0000000000E-01
  5.8585858586E-08  3.0000000000E-01
  6.0606060606E-08  3.0000000000E-01
  6.2626262626E-08  3.0000000001E-01
  6.4646464646E-08  3.0000000001E-01
  6.6666666667E-08  3.0000000003E-01
  6.8686868687E-08  3.0000000005E-01
  7.0707070707E-08  3.0000000010E-01
  7.2727272727E-08  3.0000000020E-01
  7.4747474747E-08  3.0000000041E-01
  7.6767676768E-08  3.0000000081E-01
  7.8787878788E-08  3.0000000163E-01
  8.0808080808E-08  3.0000000325E-01
  8.2828282828E-08  3.0000000649E-01
  8.4848484848E-08  3.0000001295E-01
  8.6868686869E-08  3.0000002583E-01
  8.8888888889E-08  3.0000005151E-01
  9.0909090909E-08  3.0000010270E-01
  9.2929292929E-08  3.0000020466E-01
  9.4949494949E-08  3.0000040770E-01
  9.6969696970E-08  3.0000081179E-01
  9.8989898990E-08  3.0000161570E-01
  1.0101010101E-07  3.0000321417E-01
  1.0303030303E-07  3.0000639094E-01
  1.0505050505E-07  3.0001270098E-01
  1.0707070707E-07  3.0002522757E-01
  1.0909090909E-07  3.0005008050E-01
  1.1111111111E-07  3.0009934785E-01
  1.1313131313E-07  3.0019689544E-01
  1.1515151515E-07  3.0038975244E-01
  1.1717171717E-07  3.0077023133E-01
  1.1919191919E-07  3.0151815169E-01
  1.2121212121E-07  3.0297904806E-01
  1.2323232323E-07  3.0580014553E-01
  1.2525252525E-07  3.1113756491E-01
  1.2727272727E-07  3.2088551466E-01
  1.2929292929E-07  3.3770601293E-01
  1.3131313131E-07  3.6443830198E-01
  1.3333333333E-07  4.0270833063E-01
  1.3535353535E-07  4.5156057100E-01
  1.3737373737E-07  5.0747528908E-01
  1.3939393939E-07  5.6588006472E-01
  1.4141414141E-07  6.2290376414E-01
  1.4343434343E-07  6.7655592813E-01
  1.4545454545E-07  7.2768756322E-01
  1.4747474747E-07  7.8154684566E-01
  1.4949494949E-07  8.4964487201E-01
  1.5151515152E-07  9.4781693185E-01
  1.5353535354E-07  1.0852789543E+00
  1.5555555556E-07  1.2535807162E+00
  1.5757575758E-07  1.4314945415E+00
  1.5959595960E-07  1.5984623877E+00
  1.6161616162E-07  1.7414300428E+00
  1.6363636364E-07  1.8551230265E+00
  1.6565656566E-07  1.9415080664E+00
  1.6767676768E-07  2.0099986436E+00
  1.6969696970E-07  2.0738223755E+00
  1.7171717172E-07  2.1399739513E+00
  1.7373737374E-07  2.2030808015E+00
  1.7575757576E-07  2.2540511771E+00
  1.7777777778E-07  2.2959611954E+00
  1.7979797980E-07  2.3412137146E+00
  1.8181818182E-07  2.3862067071E+00
  1.8383838384E-07  2.4207897551E+00
  1.8585858586E-07  2.4579508381E+00
  1.8787878788E-07  2.4915386637E+00
  1.8989898990E-07  2.5236950800E+00
  1.9191919192E-07  2.5524181558E+00
  1.9393939394E-07  2.5822773417E+00
  1.9595959596E-07  2.6096715193E+00
  1.9797979798E-07  2.6334328549E+00
  2.0000000000E-07  2.6579734258E+00
 BLOCKEND
 $ X-AXIS = DISTANCE      Y-AXIS = W(C)
 BLOCK X=C1; Y=C2;       GOC=C3,WAD;
  0.0000000000E+00  3.0000004449E-01 M
  2.0202020202E-09  3.0000004771E-01
  4.0404040404E-09  3.0000005784E-01
  6.0606060606E-09  3.0000007633E-01
  8.0808080808E-09  3.0000010582E-01
  1.0101010101E-08  3.0000015056E-01
  1.2121212121E-08  3.0000021691E-01
  1.4141414141E-08  3.0000031437E-01
  1.6161616162E-08  3.0000045679E-01
  1.8181818182E-08  3.0000066444E-01
  2.0202020202E-08  3.0000096674E-01
  2.2222222222E-08  3.0000140646E-01
  2.4242424242E-08  3.0000204566E-01
  2.6262626263E-08  3.0000297430E-01
  2.8282828283E-08  3.0000432277E-01
  3.0303030303E-08  3.0000627985E-01
  3.2323232323E-08  3.0000911875E-01
  3.4343434343E-08  3.0001323464E-01
  3.6363636364E-08  3.0001919862E-01
  3.8383838384E-08  3.0002783559E-01
  4.0404040404E-08  3.0004033441E-01
  4.2424242424E-08  3.0005840711E-01
  4.4444444444E-08  3.0008451960E-01
  4.6464646465E-08  3.0012221460E-01
  4.8484848485E-08  3.0017657501E-01
  5.0505050505E-08  3.0025488253E-01
  5.2525252525E-08  3.0036753436E-01
  5.4545454545E-08  3.0052932584E-01
  5.6565656566E-08  3.0076121472E-01
  5.8585858586E-08  3.0109270415E-01
  6.0606060606E-08  3.0156497577E-01
  6.2626262626E-08  3.0223484544E-01
  6.4646464646E-08  3.0317944429E-01
  6.6666666667E-08  3.0450116909E-01
  6.8686868687E-08  3.0633181786E-01
  7.0707070707E-08  3.0883391990E-01
  7.2727272727E-08  3.1219632967E-01
  7.4747474747E-08  3.1662087760E-01
  7.6767676768E-08  3.2229845822E-01
  7.8787878788E-08  3.2937727316E-01
  8.0808080808E-08  3.3793219836E-01
  8.2828282828E-08  3.4794920696E-01
  8.4848484848E-08  3.5933781547E-01
  8.6868686869E-08  3.7197704571E-01
  8.8888888889E-08  3.8579161335E-01
  9.0909090909E-08  4.0085033084E-01
  9.2929292929E-08  4.1747991595E-01
  9.4949494949E-08  4.3638873945E-01
  9.6969696970E-08  4.5878722302E-01
  9.8989898990E-08  4.8646603577E-01
  1.0101010101E-07  5.2175051981E-01
  1.0303030303E-07  5.6721762956E-01
  1.0505050505E-07  6.2510801335E-01
  1.0707070707E-07  6.9654857802E-01
  1.0909090909E-07  7.8093373404E-01
  1.1111111111E-07  8.7584097601E-01
  1.1313131313E-07  9.7755127380E-01
  1.1515151515E-07  1.0818697620E+00
  1.1717171717E-07  1.1848502463E+00
  1.1919191919E-07  1.2832198537E+00
  1.2121212121E-07  1.3745232674E+00
  1.2323232323E-07  1.4571015084E+00
  1.2525252525E-07  1.5300131585E+00
  1.2727272727E-07  1.5929725602E+00
  1.2929292929E-07  1.6463500936E+00
  1.3131313131E-07  1.6912374233E+00
  1.3333333333E-07  1.7295050628E+00
  1.3535353535E-07  1.7636987630E+00
  1.3737373737E-07  1.7966266021E+00
  1.3939393939E-07  1.8306465965E+00
  1.4141414141E-07  1.8669070994E+00
  1.4343434343E-07  1.9049345480E+00
  1.4545454545E-07  1.9428336367E+00
  1.4747474747E-07  1.9780249908E+00
  1.4949494949E-07  2.0082355551E+00
  1.5151515152E-07  2.0325228456E+00
  1.5353535354E-07  2.0520775952E+00
  1.5555555556E-07  2.0701682380E+00
  1.5757575758E-07  2.0905837171E+00
  1.5959595960E-07  2.1150778331E+00
  1.6161616162E-07  2.1417333679E+00
  1.6363636364E-07  2.1659312926E+00
  1.6565656566E-07  2.1837986765E+00
  1.6767676768E-07  2.1963185060E+00
  1.6969696970E-07  2.2098569015E+00
  1.7171717172E-07  2.2294330584E+00
  1.7373737374E-07  2.2510729886E+00
  1.7575757576E-07  2.2658414391E+00
  1.7777777778E-07  2.2749637968E+00
  1.7979797980E-07  2.2904513665E+00
  1.8181818182E-07  2.3086993053E+00
  1.8383838384E-07  2.3175482886E+00
  1.8585858586E-07  2.3319491940E+00
  1.8787878788E-07  2.3441365680E+00
  1.8989898990E-07  2.3566058781E+00
  1.9191919192E-07  2.3663422236E+00
  1.9393939394E-07  2.3796455674E+00
  1.9595959596E-07  2.3911947012E+00
  1.9797979798E-07  2.3988962010E+00
  2.0000000000E-07  2.4094211721E+00
 BLOCKEND
 $ X-AXIS = DISTANCE      Y-AXIS = W(C)
 BLOCK X=C1; Y=C2;       GOC=C3,WAD;
  0.0000000000E+00  3.0183003205E-01 M
  2.0202020202E-09  3.0188458088E-01
  4.0404040404E-09  3.0205150941E-01
  6.0606060606E-09  3.0234081500E-01
  8.0808080808E-09  3.0276979172E-01
  1.0101010101E-08  3.0336402420E-01
  1.2121212121E-08  3.0415873016E-01
  1.4141414141E-08  3.0520061237E-01
  1.6161616162E-08  3.0655022000E-01
  1.8181818182E-08  3.0828485023E-01
  2.0202020202E-08  3.1050199820E-01
  2.2222222222E-08  3.1332331403E-01
  2.4242424242E-08  3.1689893759E-01
  2.6262626263E-08  3.2141193282E-01
  2.8282828283E-08  3.2708233691E-01
  3.0303030303E-08  3.3417006890E-01
  3.2323232323E-08  3.4297560408E-01
  3.4343434343E-08  3.5383697989E-01
  3.6363636364E-08  3.6712146342E-01
  3.8383838384E-08  3.8321025185E-01
  4.0404040404E-08  4.0247511202E-01
  4.2424242424E-08  4.2524706967E-01
  4.4444444444E-08  4.5177913843E-01
  4.6464646465E-08  4.8220730441E-01
  4.8484848485E-08  5.1651585764E-01
  5.0505050505E-08  5.5451382278E-01
  5.2525252525E-08  5.9582805837E-01
  5.4545454545E-08  6.3991562966E-01
  5.6565656566E-08  6.8609421255E-01
  5.8585858586E-08  7.3358587521E-01
  6.0606060606E-08  7.8156772149E-01
  6.2626262626E-08  8.2922294759E-01
  6.4646464646E-08  8.7578744922E-01
  6.6666666667E-08  9.2058940016E-01
  6.8686868687E-08  9.6308137237E-01
  7.0707070707E-08  1.0028659756E+00
  7.2727272727E-08  1.0397163070E+00
  7.4747474747E-08  1.0735915388E+00
  7.6767676768E-08  1.1046457764E+00
  7.8787878788E-08  1.1332253628E+00
  8.0808080808E-08  1.1598472624E+00
  8.2828282828E-08  1.1851508880E+00
  8.4848484848E-08  1.2098196546E+00
  8.6868686869E-08  1.2344773157E+00
  8.8888888889E-08  1.2595757583E+00
  9.0909090909E-08  1.2853004705E+00
  9.2929292929E-08  1.3115213019E+00
  9.4949494949E-08  1.3378063293E+00
  9.6969696970E-08  1.3634990297E+00
  9.8989898990E-08  1.3878422946E+00
  1.0101010101E-07  1.4101248689E+00
  1.0303030303E-07  1.4298270055E+00
  1.0505050505E-07  1.4467460022E+00
  1.0707070707E-07  1.4610821570E+00
  1.0909090909E-07  1.4734615122E+00
  1.1111111111E-07  1.4848707558E+00
  1.1313131313E-07  1.4964905655E+00
  1.1515151515E-07  1.5094407713E+00
  1.1717171717E-07  1.5244898345E+00
  1.1919191919E-07  1.5418150005E+00
  1.2121212121E-07  1.5609001053E+00
  1.2323232323E-07  1.5806112573E+00
  1.2525252525E-07  1.5994239473E+00
  1.2727272727E-07  1.6157403594E+00
  1.2929292929E-07  1.6282517792E+00
  1.3131313131E-07  1.6363264737E+00
  1.3333333333E-07  1.6403730242E+00
  1.3535353535E-07  1.6420292902E+00
  1.3737373737E-07  1.6439462975E+00
  1.3939393939E-07  1.6490129885E+00
  1.4141414141E-07  1.6591688619E+00
  1.4343434343E-07  1.6743486979E+00
  1.4545454545E-07  1.6922095100E+00
  1.4747474747E-07  1.7088553863E+00
  1.4949494949E-07  1.7202599592E+00
  1.5151515152E-07  1.7240433712E+00
  1.5353535354E-07  1.7212445512E+00
  1.5555555556E-07  1.7169805871E+00
  1.5757575758E-07  1.7182821543E+00
  1.5959595960E-07  1.7290790133E+00
  1.6161616162E-07  1.7460807484E+00
  1.6363636364E-07  1.7599984839E+00
  1.6565656566E-07  1.7622763542E+00
  1.6767676768E-07  1.7540549831E+00
  1.6969696970E-07  1.7489491846E+00
  1.7171717172E-07  1.7589447516E+00
  1.7373737374E-07  1.7752770902E+00
  1.7575757576E-07  1.7764037450E+00
  1.7777777778E-07  1.7643998001E+00
  1.7979797980E-07  1.7694239572E+00
  1.8181818182E-07  1.7827585211E+00
  1.8383838384E-07  1.7721275215E+00
  1.8585858586E-07  1.7773681143E+00
  1.8787878788E-07  1.7773651329E+00
  1.8989898990E-07  1.7790047592E+00
  1.9191919192E-07  1.7734660319E+00
  1.9393939394E-07  1.7792472898E+00
  1.9595959596E-07  1.7806205251E+00
  1.9797979798E-07  1.7708026223E+00
  2.0000000000E-07  1.7704262647E+00
 BLOCKEND
 $ X-AXIS = DISTANCE      Y-AXIS = W(C)
 BLOCK X=C1; Y=C2;       GOC=C3,WAD;
  0.0000000000E+00  9.2756368674E-01 M
  2.0202020202E-09  9.2787277467E-01
  4.0404040404E-09  9.2879970447E-01
  6.0606060606E-09  9.3034552014E-01
  8.0808080808E-09  9.3251129106E-01
  1.0101010101E-08  9.3529678463E-01
  1.2121212121E-08  9.3869833375E-01
  1.4141414141E-08  9.4270725103E-01
  1.6161616162E-08  9.4730816148E-01
  1.8181818182E-08  9.5247632811E-01
  2.0202020202E-08  9.5817586481E-01
  2.2222222222E-08  9.6435838609E-01
  2.4242424242E-08  9.7096236602E-01
  2.6262626263E-08  9.7791346064E-01
  2.8282828283E-08  9.8512601097E-01
  3.0303030303E-08  9.9250588017E-01
  3.2323232323E-08  9.9995468350E-01
  3.4343434343E-08  1.0073753486E+00
  3.6363636364E-08  1.0146787985E+00
  3.8383838384E-08  1.0217913838E+00
  4.0404040404E-08  1.0286624995E+00
  4.2424242424E-08  1.0352716219E+00
  4.4444444444E-08  1.0416337934E+00
  4.6464646465E-08  1.0478024256E+00
  4.8484848485E-08  1.0538682322E+00
  5.0505050505E-08  1.0599532488E+00
  5.2525252525E-08  1.0661993178E+00
  5.4545454545E-08  1.0727511826E+00
  5.6565656566E-08  1.0797353926E+00
  5.8585858586E-08  1.0872374172E+00
  6.0606060606E-08  1.0952804044E+00
  6.2626262626E-08  1.1038095536E+00
  6.4646464646E-08  1.1126858270E+00
  6.6666666667E-08  1.1216916752E+00
  6.8686868687E-08  1.1305498443E+00
  7.0707070707E-08  1.1389545890E+00
  7.2727272727E-08  1.1466130508E+00
  7.4747474747E-08  1.1532931794E+00
  7.6767676768E-08  1.1588730029E+00
  7.8787878788E-08  1.1633839365E+00
  8.0808080808E-08  1.1670382679E+00
  8.2828282828E-08  1.1702290632E+00
  8.4848484848E-08  1.1734915213E+00
  8.6868686869E-08  1.1774205420E+00
  8.8888888889E-08  1.1825510459E+00
  9.0909090909E-08  1.1892232485E+00
  9.2929292929E-08  1.1974681625E+00
  9.4949494949E-08  1.2069504568E+00
  9.6969696970E-08  1.2169922282E+00
  9.8989898990E-08  1.2266779530E+00
  1.0101010101E-07  1.2350204757E+00
  1.0303030303E-07  1.2411590030E+00
  1.0505050505E-07  1.2445600058E+00
  1.0707070707E-07  1.2451922839E+00
  1.0909090909E-07  1.2436374570E+00
  1.1111111111E-07  1.2410904766E+00
  1.1313131313E-07  1.2392021344E+00
  1.1515151515E-07  1.2397375821E+00
  1.1717171717E-07  1.2440979461E+00
  1.1919191919E-07  1.2528413980E+00
  1.2121212121E-07  1.2653909772E+00
  1.2323232323E-07  1.2800630853E+00
  1.2525252525E-07  1.2943978692E+00
  1.2727272727E-07  1.3056704344E+00
  1.2929292929E-07  1.3114822270E+00
  1.3131313131E-07  1.3104148421E+00
  1.3333333333E-07  1.3027291974E+00
  1.3535353535E-07  1.2909221628E+00
  1.3737373737E-07  1.2796787302E+00
  1.3939393939E-07  1.2746502767E+00
  1.4141414141E-07  1.2800090139E+00
  1.4343434343E-07  1.2959429615E+00
  1.4545454545E-07  1.3179127655E+00
  1.4747474747E-07  1.3382690977E+00
  1.4949494949E-07  1.3491439821E+00
  1.5151515152E-07  1.3456560444E+00
  1.5353535354E-07  1.3292761912E+00
  1.5555555556E-07  1.3099474914E+00
  1.5757575758E-07  1.3026749917E+00
  1.5959595960E-07  1.3163780154E+00
  1.6161616162E-07  1.3439254852E+00
  1.6363636364E-07  1.3654724372E+00
  1.6565656566E-07  1.3630997676E+00
  1.6767676768E-07  1.3386121404E+00
  1.6969696970E-07  1.3211717206E+00
  1.7171717172E-07  1.3377288407E+00
  1.7373737374E-07  1.3686364732E+00
  1.7575757576E-07  1.3668759243E+00
  1.7777777778E-07  1.3365892945E+00
  1.7979797980E-07  1.3447639297E+00
  1.8181818182E-07  1.3719298435E+00
  1.8383838384E-07  1.3462588139E+00
  1.8585858586E-07  1.3565901639E+00
  1.8787878788E-07  1.3556352665E+00
  1.8989898990E-07  1.3588286902E+00
  1.9191919192E-07  1.3463289409E+00
  1.9393939394E-07  1.3595179366E+00
  1.9595959596E-07  1.3632177916E+00
  1.9797979798E-07  1.3421289031E+00
  2.0000000000E-07  1.3424139990E+00
 BLOCKEND
 $ X-AXIS = DISTANCE      Y-AXIS = W(C)
 BLOCK X=C1; Y=C2;       GOC=C3,WAD;
  0.0000000000E+00  1.1856335770E+00 M
  2.0202020202E-09  1.1856139402E+00
  4.0404040404E-09  1.1855567324E+00
  6.0606060606E-09  1.1854669756E+00
  8.0808080808E-09  1.1853527952E+00
  1.0101010101E-08  1.1852250563E+00
  1.2121212121E-08  1.1850968182E+00
  1.4141414141E-08  1.1849825807E+00
  1.6161616162E-08  1.1848973099E+00
  1.8181818182E-08  1.1848552561E+00
  2.0202020202E-08  1.1848685954E+00
  2.2222222222E-08  1.1849459679E+00
  2.4242424242E-08  1.1850910270E+00
  2.6262626263E-08  1.1853011516E+00
  2.8282828283E-08  1.1855664986E+00
  3.0303030303E-08  1.1858696028E+00
  3.2323232323E-08  1.1861857010E+00
  3.4343434343E-08  1.1864840331E+00
  3.6363636364E-08  1.1867302343E+00
  3.8383838384E-08  1.1868896615E+00
  4.0404040404E-08  1.1869316518E+00
  4.2424242424E-08  1.1868344465E+00
  4.4444444444E-08  1.1865901929E+00
  4.6464646465E-08  1.1862093135E+00
  4.8484848485E-08  1.1857233814E+00
  5.0505050505E-08  1.1851855602E+00
  5.2525252525E-08  1.1846677430E+00
  5.4545454545E-08  1.1842546487E+00
  5.6565656566E-08  1.1840343649E+00
  5.8585858586E-08  1.1840848443E+00
  6.0606060606E-08  1.1844591321E+00
  6.2626262626E-08  1.1851708652E+00
  6.4646464646E-08  1.1861821264E+00
  6.6666666667E-08  1.1873986819E+00
  6.8686868687E-08  1.1886736547E+00
  7.0707070707E-08  1.1898191512E+00
  7.2727272727E-08  1.1906291118E+00
  7.4747474747E-08  1.1909135635E+00
  7.6767676768E-08  1.1905380910E+00
  7.8787878788E-08  1.1894637292E+00
  8.0808080808E-08  1.1877801343E+00
  8.2828282828E-08  1.1857215160E+00
  8.4848484848E-08  1.1836537471E+00
  8.6868686869E-08  1.1820261341E+00
  8.8888888889E-08  1.1812865199E+00
  9.0909090909E-08  1.1817746420E+00
  9.2929292929E-08  1.1836186039E+00
  9.4949494949E-08  1.1866598338E+00
  9.6969696970E-08  1.1904370078E+00
  9.8989898990E-08  1.1942405809E+00
  1.0101010101E-07  1.1972312134E+00
  1.0303030303E-07  1.1986045286E+00
  1.0505050505E-07  1.1977807709E+00
  1.0707070707E-07  1.1945823808E+00
  1.0909090909E-07  1.1893674686E+00
  1.1111111111E-07  1.1830745474E+00
  1.1313131313E-07  1.1771209645E+00
  1.1515151515E-07  1.1731333030E+00
  1.1717171717E-07  1.1725255774E+00
  1.1919191919E-07  1.1760370418E+00
  1.2121212121E-07  1.1833922698E+00
  1.2323232323E-07  1.1932195005E+00
  1.2525252525E-07  1.2032692389E+00
  1.2727272727E-07  1.2108504154E+00
  1.2929292929E-07  1.2134062359E+00
  1.3131313131E-07  1.2092149676E+00
  1.3333333333E-07  1.1981951117E+00
  1.3535353535E-07  1.1826179212E+00
  1.3737373737E-07  1.1672288926E+00
  1.3939393939E-07  1.1581070753E+00
  1.4141414141E-07  1.1600562730E+00
  1.4343434343E-07  1.1736873412E+00
  1.4545454545E-07  1.1943104384E+00
  1.4747474747E-07  1.2135160685E+00
  1.4949494949E-07  1.2223118652E+00
  1.5151515152E-07  1.2147301526E+00
  1.5353535354E-07  1.1918981112E+00
  1.5555555556E-07  1.1651718234E+00
  1.5757575758E-07  1.1528405371E+00
  1.5959595960E-07  1.1663887262E+00
  1.6161616162E-07  1.1972920972E+00
  1.6363636364E-07  1.2209883822E+00
  1.6565656566E-07  1.2149709561E+00
  1.6767676768E-07  1.1807851875E+00
  1.6969696970E-07  1.1555771652E+00
  1.7171717172E-07  1.1750606082E+00
  1.7373737374E-07  1.2135282886E+00
  1.7575757576E-07  1.2093485252E+00
  1.7777777778E-07  1.1675155550E+00
  1.7979797980E-07  1.1775589988E+00
  1.8181818182E-07  1.2133314272E+00
  1.8383838384E-07  1.1783672219E+00
  1.8585858586E-07  1.1925783900E+00
  1.8787878788E-07  1.1918274808E+00
  1.8989898990E-07  1.1972387516E+00
  1.9191919192E-07  1.1819450963E+00
  1.9393939394E-07  1.2015431266E+00
  1.9595959596E-07  1.2091156478E+00
  1.9797979798E-07  1.1845123222E+00
  2.0000000000E-07  1.1886745628E+00
 BLOCKEND
