 PROLOGUE 1
 XSCALE        0.00000          0.600000E-06
 YSCALE       0.102978E-02      0.300000    
 XTEXT DISTANCE
 YTEXT WEIGHT-PERCENT C
 XTYPE LINEAR
 YTYPE LINEAR
 XLENGTH        11.5000    
 YLENGTH        11.5000    
 TITLE   
 DATASET 1
 CLIP OFF
    0.00000    1.12000 NAM' TIME = 0,.01,.1,.3,1,3,10,30
 1.05 1.05 MNA' CELL #   1
 CLIP ON
 $ X-AXIS = DISTANCE      Y-AXIS = W(C)
 BLOCK X=C1; Y=C2;       GOC=C3,WAD;
  0.0000000000E+00  3.0000000000E-01 M
  1.0169491525E-08  3.0000000000E-01
  2.0338983051E-08  3.0000000000E-01
  3.0508474576E-08  3.0000000000E-01
  4.0677966102E-08  3.0000000000E-01
  5.0847457627E-08  3.0000000000E-01
  6.1016949153E-08  3.0000000000E-01
  7.1186440678E-08  3.0000000000E-01
  8.1355932203E-08  3.0000000000E-01
  9.1525423729E-08  3.0000000000E-01
  1.0169491525E-07  3.0000000000E-01
  1.1186440678E-07  3.0000000000E-01
  1.2203389831E-07  3.0000000000E-01
  1.3220338983E-07  3.0000000000E-01
  1.4237288136E-07  3.0000000000E-01
  1.5254237288E-07  3.0000000000E-01
  1.6271186441E-07  3.0000000000E-01
  1.7288135593E-07  3.0000000000E-01
  1.8305084746E-07  3.0000000000E-01
  1.9322033898E-07  3.0000000000E-01
  2.0338983051E-07  3.0000000000E-01
  2.1355932203E-07  3.0000000000E-01
  2.2372881356E-07  3.0000000000E-01
  2.3389830508E-07  3.0000000000E-01
  2.4406779661E-07  3.0000000000E-01
  2.5423728814E-07  3.0000000000E-01
  2.6440677966E-07  3.0000000000E-01
  2.7457627119E-07  3.0000000000E-01
  2.8474576271E-07  3.0000000000E-01
  2.9491525424E-07  3.0000000000E-01
  3.0508474576E-07  3.0000000000E-01
  3.1525423729E-07  3.0000000000E-01
  3.2542372881E-07  3.0000000000E-01
  3.3559322034E-07  3.0000000000E-01
  3.4576271186E-07  3.0000000000E-01
  3.5593220339E-07  3.0000000000E-01
  3.6610169492E-07  3.0000000000E-01
  3.7627118644E-07  3.0000000000E-01
  3.8644067797E-07  3.0000000000E-01
  3.9661016949E-07  3.0000000000E-01
  4.0677966102E-07  3.0000000000E-01
  4.1694915254E-07  3.0000000000E-01
  4.2711864407E-07  3.0000000000E-01
  4.3728813559E-07  3.0000000000E-01
  4.4745762712E-07  3.0000000000E-01
  4.5762711864E-07  3.0000000000E-01
  4.6779661017E-07  3.0000000000E-01
  4.7796610169E-07  3.0000000000E-01
  4.8813559322E-07  3.0000000000E-01
  4.9830508475E-07  3.0000000000E-01
  5.0847457627E-07  3.0000000000E-01
  5.1864406780E-07  3.0000000000E-01
  5.2881355932E-07  3.0000000000E-01
  5.3898305085E-07  3.0000000000E-01
  5.4915254237E-07  3.0000000000E-01
  5.5932203390E-07  3.0000000000E-01
  5.6949152542E-07  3.0000000000E-01
  5.7966101695E-07  3.0000000000E-01
  5.8983050847E-07  3.0000000000E-01
  6.0000000000E-07  3.0000000000E-01
 BLOCKEND
 $ X-AXIS = DISTANCE      Y-AXIS = W(C)
 BLOCK X=C1; Y=C2;       GOC=C3,WAD;
  0.0000000000E+00  2.9999999814E-01 M
  1.0169491525E-08  2.9999999797E-01
  2.0338983051E-08  2.9999999744E-01
  3.0508474576E-08  2.9999999645E-01
  4.0677966102E-08  2.9999999482E-01
  5.0847457627E-08  2.9999999227E-01
  6.1016949153E-08  2.9999998835E-01
  7.1186440678E-08  2.9999998237E-01
  8.1355932203E-08  2.9999997331E-01
  9.1525423729E-08  2.9999995959E-01
  1.0169491525E-07  2.9999993887E-01
  1.1186440678E-07  2.9999990762E-01
  1.2203389831E-07  2.9999986056E-01
  1.3220338983E-07  2.9999978979E-01
  1.4237288136E-07  2.9999968356E-01
  1.5254237288E-07  2.9999952436E-01
  1.6271186441E-07  2.9999928624E-01
  1.7288135593E-07  2.9999893077E-01
  1.8305084746E-07  2.9999840125E-01
  1.9322033898E-07  2.9999761427E-01
  2.0338983051E-07  2.9999644755E-01
  2.1355932203E-07  2.9999472248E-01
  2.2372881356E-07  2.9999217919E-01
  2.3389830508E-07  2.9998844126E-01
  2.4406779661E-07  2.9998296600E-01
  2.5423728814E-07  2.9997497505E-01
  2.6440677966E-07  2.9996335831E-01
  2.7457627119E-07  2.9994654220E-01
  2.8474576271E-07  2.9992231094E-01
  2.9491525424E-07  2.9988756664E-01
  3.0508474576E-07  2.9983801166E-01
  3.1525423729E-07  2.9976773365E-01
  3.2542372881E-07  2.9966867003E-01
  3.3559322034E-07  2.9952992785E-01
  3.4576271186E-07  2.9933693126E-01
  3.5593220339E-07  2.9907036483E-01
  3.6610169492E-07  2.9870487671E-01
  3.7627118644E-07  2.9820749391E-01
  3.8644067797E-07  2.9753568512E-01
  3.9661016949E-07  2.9663498545E-01
  4.0677966102E-07  2.9543608756E-01
  4.1694915254E-07  2.9385133085E-01
  4.2711864407E-07  2.9177065031E-01
  4.3728813559E-07  2.8905734706E-01
  4.4745762712E-07  2.8554452102E-01
  4.5762711864E-07  2.8103349012E-01
  4.6779661017E-07  2.7529555714E-01
  4.7796610169E-07  2.6807749728E-01
  4.8813559322E-07  2.5911029224E-01
  4.9830508475E-07  2.4812280984E-01
  5.0847457627E-07  2.3486150661E-01
  5.1864406780E-07  2.1911141181E-01
  5.2881355932E-07  2.0071868621E-01
  5.3898305085E-07  1.7961470494E-01
  5.4915254237E-07  1.5583457434E-01
  5.5932203390E-07  1.2953167541E-01
  5.6949152542E-07  1.0098749167E-01
  5.7966101695E-07  7.0599317199E-02
  5.8983050847E-07  3.8856584553E-02
  6.0000000000E-07  6.3858085279E-03
 BLOCKEND
 $ X-AXIS = DISTANCE      Y-AXIS = W(C)
 BLOCK X=C1; Y=C2;       GOC=C3,WAD;
  0.0000000000E+00  2.9091878176E-01 M
  1.0169491525E-08  2.9087265936E-01
  2.0338983051E-08  2.9073406456E-01
  3.0508474576E-08  2.9050231360E-01
  4.0677966102E-08  2.9017626943E-01
  5.0847457627E-08  2.8975434617E-01
  6.1016949153E-08  2.8923451227E-01
  7.1186440678E-08  2.8861429654E-01
  8.1355932203E-08  2.8789079522E-01
  9.1525423729E-08  2.8706068022E-01
  1.0169491525E-07  2.8612020869E-01
  1.1186440678E-07  2.8506523448E-01
  1.2203389831E-07  2.8389122117E-01
  1.3220338983E-07  2.8259325653E-01
  1.4237288136E-07  2.8116606967E-01
  1.5254237288E-07  2.7960405069E-01
  1.6271186441E-07  2.7790127340E-01
  1.7288135593E-07  2.7605152148E-01
  1.8305084746E-07  2.7404831850E-01
  1.9322033898E-07  2.7188496201E-01
  2.0338983051E-07  2.6955456178E-01
  2.1355932203E-07  2.6705008201E-01
  2.2372881356E-07  2.6436438733E-01
  2.3389830508E-07  2.6149029189E-01
  2.4406779661E-07  2.5842061079E-01
  2.5423728814E-07  2.5514821323E-01
  2.6440677966E-07  2.5166607691E-01
  2.7457627119E-07  2.4796734365E-01
  2.8474576271E-07  2.4404537693E-01
  2.9491525424E-07  2.3989382247E-01
  3.0508474576E-07  2.3550667375E-01
  3.1525423729E-07  2.3087834337E-01
  3.2542372881E-07  2.2600374075E-01
  3.3559322034E-07  2.2087835396E-01
  3.4576271186E-07  2.1549833041E-01
  3.5593220339E-07  2.0986054936E-01
  3.6610169492E-07  2.0396267953E-01
  3.7627118644E-07  1.9780322075E-01
  3.8644067797E-07  1.9138153910E-01
  3.9661016949E-07  1.8469791468E-01
  4.0677966102E-07  1.7775362143E-01
  4.1694915254E-07  1.7055103527E-01
  4.2711864407E-07  1.6309372172E-01
  4.3728813559E-07  1.5538642457E-01
  4.4745762712E-07  1.4743493872E-01
  4.5762711864E-07  1.3924603286E-01
  4.6779661017E-07  1.3082770652E-01
  4.7796610169E-07  1.2218952083E-01
  4.8813559322E-07  1.1334207137E-01
  4.9830508475E-07  1.0429661199E-01
  5.0847457627E-07  9.5066095472E-02
  5.1864406780E-07  8.5664567672E-02
  5.2881355932E-07  7.6106519573E-02
  5.3898305085E-07  6.6407967707E-02
  5.4915254237E-07  5.6585229416E-02
  5.5932203390E-07  4.6655040590E-02
  5.6949152542E-07  3.6638380821E-02
  5.7966101695E-07  2.6553717687E-02
  5.8983050847E-07  1.6404015287E-02
  6.0000000000E-07  6.2395134778E-03
 BLOCKEND
 $ X-AXIS = DISTANCE      Y-AXIS = W(C)
 BLOCK X=C1; Y=C2;       GOC=C3,WAD;
  0.0000000000E+00  2.1358211614E-01 M
  1.0169491525E-08  2.1351261908E-01
  2.0338983051E-08  2.1330415317E-01
  3.0508474576E-08  2.1295679537E-01
  4.0677966102E-08  2.1247067539E-01
  5.0847457627E-08  2.1184597600E-01
  6.1016949153E-08  2.1108293424E-01
  7.1186440678E-08  2.1018184284E-01
  8.1355932203E-08  2.0914305175E-01
  9.1525423729E-08  2.0796696978E-01
  1.0169491525E-07  2.0665406624E-01
  1.1186440678E-07  2.0520487245E-01
  1.2203389831E-07  2.0361998320E-01
  1.3220338983E-07  2.0190005809E-01
  1.4237288136E-07  2.0004582290E-01
  1.5254237288E-07  1.9805807100E-01
  1.6271186441E-07  1.9593766477E-01
  1.7288135593E-07  1.9368553759E-01
  1.8305084746E-07  1.9130269612E-01
  1.9322033898E-07  1.8879022337E-01
  2.0338983051E-07  1.8614928211E-01
  2.1355932203E-07  1.8338111898E-01
  2.2372881356E-07  1.8048706867E-01
  2.3389830508E-07  1.7746855804E-01
  2.4406779661E-07  1.7432710939E-01
  2.5423728814E-07  1.7106434241E-01
  2.6440677966E-07  1.6768197451E-01
  2.7457627119E-07  1.6418181950E-01
  2.8474576271E-07  1.6056578509E-01
  2.9491525424E-07  1.5683587074E-01
  3.0508474576E-07  1.5299416727E-01
  3.1525423729E-07  1.4904285996E-01
  3.2542372881E-07  1.4498423608E-01
  3.3559322034E-07  1.4082069588E-01
  3.4576271186E-07  1.3655476312E-01
  3.5593220339E-07  1.3218908958E-01
  3.6610169492E-07  1.2772644760E-01
  3.7627118644E-07  1.2316970978E-01
  3.8644067797E-07  1.1852182442E-01
  3.9661016949E-07  1.1378580506E-01
  4.0677966102E-07  1.0896475394E-01
  4.1694915254E-07  1.0406191837E-01
  4.2711864407E-07  9.9080735915E-02
  4.3728813559E-07  9.4024792724E-02
  4.4745762712E-07  8.8897675512E-02
  4.5762711864E-07  8.3702874610E-02
  4.6779661017E-07  7.8444020954E-02
  4.7796610169E-07  7.3125211146E-02
  4.8813559322E-07  6.7750498904E-02
  4.9830508475E-07  6.2323540832E-02
  5.0847457627E-07  5.6848655698E-02
  5.1864406780E-07  5.1330264837E-02
  5.2881355932E-07  4.5772303372E-02
  5.3898305085E-07  4.0179354015E-02
  5.4915254237E-07  3.4555493270E-02
  5.5932203390E-07  2.8904466443E-02
  5.6949152542E-07  2.3233603645E-02
  5.7966101695E-07  1.7547288045E-02
  5.8983050847E-07  1.1833871960E-02
  6.0000000000E-07  6.1281314034E-03
 BLOCKEND
 $ X-AXIS = DISTANCE      Y-AXIS = W(C)
 BLOCK X=C1; Y=C2;       GOC=C3,WAD;
  0.0000000000E+00  5.9603411670E-02 M
  1.0169491525E-08  5.9584138376E-02
  2.0338983051E-08  5.9526330992E-02
  3.0508474576E-08  5.9430027155E-02
  4.0677966102E-08  5.9295289835E-02
  5.0847457627E-08  5.9122207543E-02
  6.1016949153E-08  5.8910894688E-02
  7.1186440678E-08  5.8661491925E-02
  8.1355932203E-08  5.8374166419E-02
  9.1525423729E-08  5.8049112023E-02
  1.0169491525E-07  5.7686549309E-02
  1.1186440678E-07  5.7286725365E-02
  1.2203389831E-07  5.6849913322E-02
  1.3220338983E-07  5.6376411720E-02
  1.4237288136E-07  5.5866543715E-02
  1.5254237288E-07  5.5320656170E-02
  1.6271186441E-07  5.4739118744E-02
  1.7288135593E-07  5.4122323189E-02
  1.8305084746E-07  5.3470683053E-02
  1.9322033898E-07  5.2784633824E-02
  2.0338983051E-07  5.2064633536E-02
  2.1355932203E-07  5.1311163867E-02
  2.2372881356E-07  5.0524731458E-02
  2.3389830508E-07  4.9705869181E-02
  2.4406779661E-07  4.8855136757E-02
  2.5423728814E-07  4.7973120207E-02
  2.6440677966E-07  4.7060429893E-02
  2.7457627119E-07  4.6117697083E-02
  2.8474576271E-07  4.5145569462E-02
  2.9491525424E-07  4.4144706934E-02
  3.0508474576E-07  4.3115779200E-02
  3.1525423729E-07  4.2059466704E-02
  3.2542372881E-07  4.0976466061E-02
  3.3559322034E-07  3.9867499010E-02
  3.4576271186E-07  3.8733321456E-02
  3.5593220339E-07  3.7574727057E-02
  3.6610169492E-07  3.6392539551E-02
  3.7627118644E-07  3.5187592798E-02
  3.8644067797E-07  3.3960706587E-02
  3.9661016949E-07  3.2712676180E-02
  4.0677966102E-07  3.1444295226E-02
  4.1694915254E-07  3.0156411856E-02
  4.2711864407E-07  2.8849974825E-02
  4.3728813559E-07  2.7525994678E-02
  4.4745762712E-07  2.6185399215E-02
  4.5762711864E-07  2.4828938277E-02
  4.6779661017E-07  2.3457420761E-02
  4.7796610169E-07  2.2072041884E-02
  4.8813559322E-07  2.0673879567E-02
  4.9830508475E-07  1.9263544090E-02
  5.0847457627E-07  1.7842240776E-02
  5.1864406780E-07  1.6411215322E-02
  5.2881355932E-07  1.4971172145E-02
  5.3898305085E-07  1.3523413779E-02
  5.4915254237E-07  1.2068691001E-02
  5.5932203390E-07  1.0607376713E-02
  5.6949152542E-07  9.1433939418E-03
  5.7966101695E-07  7.6777313571E-03
  5.8983050847E-07  6.1952906844E-03
  6.0000000000E-07  4.7272172426E-03
 BLOCKEND
 $ X-AXIS = DISTANCE      Y-AXIS = W(C)
 BLOCK X=C1; Y=C2;       GOC=C3,WAD;
  0.0000000000E+00  3.2634456814E-03 M
  1.0169491525E-08  3.2631504390E-03
  2.0338983051E-08  3.2622643517E-03
  3.0508474576E-08  3.2607864081E-03
  4.0677966102E-08  3.2587151079E-03
  5.0847457627E-08  3.2560487294E-03
  6.1016949153E-08  3.2527857205E-03
  7.1186440678E-08  3.2489250917E-03
  8.1355932203E-08  3.2444667421E-03
  9.1525423729E-08  3.2394117240E-03
  1.0169491525E-07  3.2337623879E-03
  1.1186440678E-07  3.2275223134E-03
  1.2203389831E-07  3.2206960043E-03
  1.3220338983E-07  3.2132884354E-03
  1.4237288136E-07  3.2053044699E-03
  1.5254237288E-07  3.1967481618E-03
  1.6271186441E-07  3.1876220652E-03
  1.7288135593E-07  3.1779267488E-03
  1.8305084746E-07  3.1676607177E-03
  1.9322033898E-07  3.1568207561E-03
  2.0338983051E-07  3.1454027445E-03
  2.1355932203E-07  3.1334029661E-03
  2.2372881356E-07  3.1208196619E-03
  2.3389830508E-07  3.1076545588E-03
  2.4406779661E-07  3.0939138093E-03
  2.5423728814E-07  3.0796078078E-03
  2.6440677966E-07  3.0647496593E-03
  2.7457627119E-07  3.0493521982E-03
  2.8474576271E-07  3.0334239711E-03
  2.9491525424E-07  3.0169654646E-03
  3.0508474576E-07  2.9999670697E-03
  3.1525423729E-07  2.9824103125E-03
  3.2542372881E-07  2.9642735328E-03
  3.3559322034E-07  2.9455410680E-03
  3.4576271186E-07  2.9262126089E-03
  3.5593220339E-07  2.9063072514E-03
  3.6610169492E-07  2.8858564537E-03
  3.7627118644E-07  2.8648848034E-03
  3.8644067797E-07  2.8433864799E-03
  3.9661016949E-07  2.8213152215E-03
  4.0677966102E-07  2.7986074026E-03
  4.1694915254E-07  2.7752382523E-03
  4.2711864407E-07  2.7512684818E-03
  4.3728813559E-07  2.7268064859E-03
  4.4745762712E-07  2.7018649615E-03
  4.5762711864E-07  2.6762661167E-03
  4.6779661017E-07  2.6498784443E-03
  4.7796610169E-07  2.6229444378E-03
  4.8813559322E-07  2.5955781978E-03
  4.9830508475E-07  2.5674158635E-03
  5.0847457627E-07  2.5386789762E-03
  5.1864406780E-07  2.5096207671E-03
  5.2881355932E-07  2.4799461680E-03
  5.3898305085E-07  2.4499525091E-03
  5.4915254237E-07  2.4193800064E-03
  5.5932203390E-07  2.3875843364E-03
  5.6949152542E-07  2.3574686745E-03
  5.7966101695E-07  2.3290141551E-03
  5.8983050847E-07  2.2860993113E-03
  6.0000000000E-07  2.2587975649E-03
 BLOCKEND
 $ X-AXIS = DISTANCE      Y-AXIS = W(C)
 BLOCK X=C1; Y=C2;       GOC=C3,WAD;
  0.0000000000E+00  1.3655602693E-03 M
  1.0169491525E-08  1.3655709069E-03
  2.0338983051E-08  1.3656023594E-03
  3.0508474576E-08  1.3656533136E-03
  4.0677966102E-08  1.3657217625E-03
  5.0847457627E-08  1.3658052660E-03
  6.1016949153E-08  1.3659013362E-03
  7.1186440678E-08  1.3660078221E-03
  8.1355932203E-08  1.3661232303E-03
  9.1525423729E-08  1.3662469850E-03
  1.0169491525E-07  1.3663795724E-03
  1.1186440678E-07  1.3665224722E-03
  1.2203389831E-07  1.3666778582E-03
  1.3220338983E-07  1.3668481513E-03
  1.4237288136E-07  1.3670354439E-03
  1.5254237288E-07  1.3672408091E-03
  1.6271186441E-07  1.3674636129E-03
  1.7288135593E-07  1.3677010270E-03
  1.8305084746E-07  1.3679479428E-03
  1.9322033898E-07  1.3681972996E-03
  2.0338983051E-07  1.3684408822E-03
  2.1355932203E-07  1.3686706045E-03
  2.2372881356E-07  1.3688800419E-03
  2.3389830508E-07  1.3690659431E-03
  2.4406779661E-07  1.3692291612E-03
  2.5423728814E-07  1.3693744745E-03
  2.6440677966E-07  1.3695090698E-03
  2.7457627119E-07  1.3696395823E-03
  2.8474576271E-07  1.3697680976E-03
  2.9491525424E-07  1.3698883857E-03
  3.0508474576E-07  1.3699838473E-03
  3.1525423729E-07  1.3700286983E-03
  3.2542372881E-07  1.3699935788E-03
  3.3559322034E-07  1.3698546572E-03
  3.4576271186E-07  1.3696029256E-03
  3.5593220339E-07  1.3692482306E-03
  3.6610169492E-07  1.3688122596E-03
  3.7627118644E-07  1.3683093652E-03
  3.8644067797E-07  1.3677230603E-03
  3.9661016949E-07  1.3669959364E-03
  4.0677966102E-07  1.3660525909E-03
  4.1694915254E-07  1.3648556644E-03
  4.2711864407E-07  1.3634523947E-03
  4.3728813559E-07  1.3619369427E-03
  4.4745762712E-07  1.3603072112E-03
  4.5762711864E-07  1.3583699982E-03
  4.6779661017E-07  1.3559773588E-03
  4.7796610169E-07  1.3533540976E-03
  4.8813559322E-07  1.3505957418E-03
  4.9830508475E-07  1.3473190561E-03
  5.0847457627E-07  1.3437249467E-03
  5.1864406780E-07  1.3400450175E-03
  5.2881355932E-07  1.3359619331E-03
  5.3898305085E-07  1.3317498979E-03
  5.4915254237E-07  1.3271252741E-03
  5.5932203390E-07  1.3214184440E-03
  5.6949152542E-07  1.3175062608E-03
  5.7966101695E-07  1.3153471798E-03
  5.8983050847E-07  1.2987927136E-03
  6.0000000000E-07  1.2978741914E-03
 BLOCKEND
 $ X-AXIS = DISTANCE      Y-AXIS = W(C)
 BLOCK X=C1; Y=C2;       GOC=C3,WAD;
  0.0000000000E+00  1.0297795391E-03 M
  1.0169491525E-08  1.0297920258E-03
  2.0338983051E-08  1.0298291161E-03
  3.0508474576E-08  1.0298897668E-03
  4.0677966102E-08  1.0299724148E-03
  5.0847457627E-08  1.0300752301E-03
  6.1016949153E-08  1.0301964921E-03
  7.1186440678E-08  1.0303349650E-03
  8.1355932203E-08  1.0304902113E-03
  9.1525423729E-08  1.0306628477E-03
  1.0169491525E-07  1.0308546899E-03
  1.1186440678E-07  1.0310686902E-03
  1.2203389831E-07  1.0313086473E-03
  1.3220338983E-07  1.0315787737E-03
  1.4237288136E-07  1.0318831344E-03
  1.5254237288E-07  1.0322249703E-03
  1.6271186441E-07  1.0326060203E-03
  1.7288135593E-07  1.0330260359E-03
  1.8305084746E-07  1.0334826890E-03
  1.9322033898E-07  1.0339718840E-03
  2.0338983051E-07  1.0344885309E-03
  2.1355932203E-07  1.0350277993E-03
  2.2372881356E-07  1.0355866244E-03
  2.3389830508E-07  1.0361651977E-03
  2.4406779661E-07  1.0367678927E-03
  2.5423728814E-07  1.0374030977E-03
  2.6440677966E-07  1.0380817275E-03
  2.7457627119E-07  1.0388143034E-03
  2.8474576271E-07  1.0396069900E-03
  2.9491525424E-07  1.0404578461E-03
  3.0508474576E-07  1.0413547500E-03
  3.1525423729E-07  1.0422765203E-03
  3.2542372881E-07  1.0431984219E-03
  3.3559322034E-07  1.0441011543E-03
  3.4576271186E-07  1.0449800560E-03
  3.5593220339E-07  1.0458491068E-03
  3.6610169492E-07  1.0467339623E-03
  3.7627118644E-07  1.0476528703E-03
  3.8644067797E-07  1.0485932201E-03
  3.9661016949E-07  1.0495013867E-03
  4.0677966102E-07  1.0503054214E-03
  4.1694915254E-07  1.0509707987E-03
  4.2711864407E-07  1.0515468408E-03
  4.3728813559E-07  1.0521292329E-03
  4.4745762712E-07  1.0527171577E-03
  4.5762711864E-07  1.0531183668E-03
  4.6779661017E-07  1.0531848493E-03
  4.7796610169E-07  1.0531399087E-03
  4.8813559322E-07  1.0530767556E-03
  4.9830508475E-07  1.0526091737E-03
  5.0847457627E-07  1.0519335103E-03
  5.1864406780E-07  1.0512756956E-03
  5.2881355932E-07  1.0503121867E-03
  5.3898305085E-07  1.0493098852E-03
  5.4915254237E-07  1.0479770763E-03
  5.5932203390E-07  1.0456341159E-03
  5.6949152542E-07  1.0451459019E-03
  5.7966101695E-07  1.0464649726E-03
  5.8983050847E-07  1.0334323989E-03
  6.0000000000E-07  1.0360400087E-03
 BLOCKEND
