
 Phase Region for:
     BCC_A2                        
     FCC_A1#1                      
     FCC_A1#2                      
     HCP_A3#1                      
     HCP_A3#2                      
 col-1=T-C, col-2=GM(FCC_A1#1), col-3=GM(BCC_A2), col-4=GM(HCP_A3#1), col-5=GM1, col-6=GM2,
   1.22685E+03  -8.91053E+04  -8.89263E+04  -8.60801E+04   1.79059E+02   3.02525E+03
   1.22685E+03  -8.91052E+04  -8.89262E+04  -8.60800E+04   1.79061E+02   3.02525E+03
   1.21685E+03  -8.82149E+04  -8.80235E+04  -8.52132E+04   1.91404E+02   3.00173E+03
   1.20685E+03  -8.73270E+04  -8.71233E+04  -8.43488E+04   2.03692E+02   2.97823E+03
   1.19685E+03  -8.64417E+04  -8.62258E+04  -8.34869E+04   2.15922E+02   2.95477E+03
   1.18685E+03  -8.55589E+04  -8.53308E+04  -8.26276E+04   2.28094E+02   2.93133E+03
   1.17685E+03  -8.46788E+04  -8.44386E+04  -8.17708E+04   2.40207E+02   2.90792E+03
   1.16685E+03  -8.38012E+04  -8.35489E+04  -8.09166E+04   2.52260E+02   2.88455E+03
   1.15685E+03  -8.29262E+04  -8.26620E+04  -8.00650E+04   2.64253E+02   2.86120E+03
   1.14685E+03  -8.20538E+04  -8.17777E+04  -7.92160E+04   2.76184E+02   2.83788E+03
   1.13685E+03  -8.11841E+04  -8.08961E+04  -7.83695E+04   2.88053E+02   2.81460E+03
   1.12685E+03  -8.03170E+04  -8.00171E+04  -7.75256E+04   2.99858E+02   2.79134E+03
   1.11685E+03  -7.94525E+04  -7.91409E+04  -7.66844E+04   3.11599E+02   2.76812E+03
   1.10685E+03  -7.85907E+04  -7.82674E+04  -7.58458E+04   3.23274E+02   2.74492E+03
   1.09685E+03  -7.77315E+04  -7.73967E+04  -7.50098E+04   3.34881E+02   2.72176E+03
   1.08685E+03  -7.68751E+04  -7.65287E+04  -7.41764E+04   3.46420E+02   2.69863E+03
   1.07685E+03  -7.60213E+04  -7.56634E+04  -7.33458E+04   3.57889E+02   2.67553E+03
   1.06685E+03  -7.51702E+04  -7.48009E+04  -7.25177E+04   3.69287E+02   2.65247E+03
   1.05685E+03  -7.43218E+04  -7.39412E+04  -7.16924E+04   3.80611E+02   2.62943E+03
   1.04685E+03  -7.34762E+04  -7.30843E+04  -7.08697E+04   3.91860E+02   2.60643E+03
   1.03685E+03  -7.26332E+04  -7.22302E+04  -7.00498E+04   4.03032E+02   2.58346E+03
   1.02685E+03  -7.17931E+04  -7.13789E+04  -6.92325E+04   4.14124E+02   2.56052E+03
   1.01685E+03  -7.09557E+04  -7.05305E+04  -6.84180E+04   4.25135E+02   2.53762E+03
   1.00685E+03  -7.01210E+04  -6.96850E+04  -6.76063E+04   4.36062E+02   2.51475E+03
   9.96850E+02  -6.92892E+04  -6.88423E+04  -6.67973E+04   4.46903E+02   2.49191E+03
   9.86850E+02  -6.84601E+04  -6.80025E+04  -6.59910E+04   4.57655E+02   2.46911E+03
   9.76850E+02  -6.76339E+04  -6.71656E+04  -6.51875E+04   4.68314E+02   2.44635E+03
   9.66850E+02  -6.68105E+04  -6.63316E+04  -6.43869E+04   4.78878E+02   2.42361E+03
   9.56850E+02  -6.59899E+04  -6.55006E+04  -6.35890E+04   4.89343E+02   2.40091E+03
   9.46850E+02  -6.51722E+04  -6.46725E+04  -6.27940E+04   4.99706E+02   2.37825E+03
   9.36850E+02  -6.43574E+04  -6.38474E+04  -6.20017E+04   5.09963E+02   2.35562E+03
   9.26850E+02  -6.35454E+04  -6.30253E+04  -6.12124E+04   5.20109E+02   2.33303E+03
   9.16850E+02  -6.27364E+04  -6.22062E+04  -6.04259E+04   5.30141E+02   2.31048E+03
   9.06850E+02  -6.19302E+04  -6.13902E+04  -5.96423E+04   5.40053E+02   2.28796E+03
   8.96850E+02  -6.11271E+04  -6.05772E+04  -5.88616E+04   5.49841E+02   2.26548E+03
   8.86850E+02  -6.03268E+04  -5.97673E+04  -5.80838E+04   5.59499E+02   2.24303E+03
   8.76850E+02  -5.95295E+04  -5.89605E+04  -5.73089E+04   5.69021E+02   2.22062E+03
   8.66850E+02  -5.87352E+04  -5.81568E+04  -5.65370E+04   5.78401E+02   2.19825E+03
   8.56850E+02  -5.79439E+04  -5.73563E+04  -5.57680E+04   5.87632E+02   2.17592E+03
   8.46850E+02  -5.71557E+04  -5.65589E+04  -5.50020E+04   5.96707E+02   2.15363E+03
   8.36850E+02  -5.63704E+04  -5.57648E+04  -5.42390E+04   6.05619E+02   2.13137E+03
   8.26850E+02  -5.55882E+04  -5.49739E+04  -5.34791E+04   6.14359E+02   2.10915E+03
   8.16850E+02  -5.48091E+04  -5.41862E+04  -5.27221E+04   6.22918E+02   2.08698E+03
   8.06850E+02  -5.40331E+04  -5.34018E+04  -5.19682E+04   6.31286E+02   2.06484E+03
   7.96850E+02  -5.32601E+04  -5.26207E+04  -5.12174E+04   6.39454E+02   2.04274E+03
   7.86850E+02  -5.24904E+04  -5.18429E+04  -5.04697E+04   6.47410E+02   2.02069E+03
   7.76850E+02  -5.17237E+04  -5.10686E+04  -4.97250E+04   6.55142E+02   1.99867E+03
   7.66850E+02  -5.09602E+04  -5.02976E+04  -4.89835E+04   6.62637E+02   1.97670E+03
   7.56850E+02  -5.02000E+04  -4.95301E+04  -4.82452E+04   6.69881E+02   1.95477E+03
   7.46850E+02  -4.94429E+04  -4.87660E+04  -4.75100E+04   6.76859E+02   1.93288E+03
   7.36850E+02  -4.86891E+04  -4.80055E+04  -4.67780E+04   6.83554E+02   1.91103E+03
   7.26850E+02  -4.79385E+04  -4.72485E+04  -4.60493E+04   6.89949E+02   1.88923E+03
   7.16850E+02  -4.71912E+04  -4.64952E+04  -4.53237E+04   6.96024E+02   1.86746E+03
   7.06850E+02  -4.64472E+04  -4.57454E+04  -4.46014E+04   7.01758E+02   1.84575E+03
   6.96850E+02  -4.57065E+04  -4.49994E+04  -4.38824E+04   7.07127E+02   1.82407E+03
   6.86850E+02  -4.49692E+04  -4.42571E+04  -4.31667E+04   7.12108E+02   1.80245E+03
   6.76850E+02  -4.42352E+04  -4.35186E+04  -4.24544E+04   7.16671E+02   1.78086E+03
   6.66850E+02  -4.35047E+04  -4.27839E+04  -4.17453E+04   7.20786E+02   1.75933E+03
   6.56850E+02  -4.27775E+04  -4.20531E+04  -4.10397E+04   7.24421E+02   1.73784E+03
   6.46850E+02  -4.20539E+04  -4.13263E+04  -4.03375E+04   7.27536E+02   1.71640E+03
   6.36850E+02  -4.13337E+04  -4.06036E+04  -3.96387E+04   7.30092E+02   1.69500E+03
   6.26850E+02  -4.06170E+04  -3.98849E+04  -3.89433E+04   7.32042E+02   1.67365E+03
   6.16850E+02  -3.99038E+04  -3.91705E+04  -3.82515E+04   7.33334E+02   1.65235E+03
   6.06850E+02  -3.91942E+04  -3.84603E+04  -3.75631E+04   7.33910E+02   1.63110E+03
   5.96850E+02  -3.84882E+04  -3.77545E+04  -3.68783E+04   7.33704E+02   1.60990E+03
   5.86850E+02  -3.77859E+04  -3.70532E+04  -3.61971E+04   7.32639E+02   1.58875E+03
   5.76850E+02  -3.70871E+04  -3.63565E+04  -3.55195E+04   7.30629E+02   1.56765E+03
   5.66850E+02  -3.63921E+04  -3.56645E+04  -3.48455E+04   7.27573E+02   1.54661E+03
   5.56850E+02  -3.57008E+04  -3.49774E+04  -3.41752E+04   7.23351E+02   1.52561E+03
   5.46850E+02  -3.50132E+04  -3.42954E+04  -3.35085E+04   7.17824E+02   1.50467E+03
   5.36850E+02  -3.43294E+04  -3.36186E+04  -3.28457E+04   7.10824E+02   1.48378E+03
   5.26850E+02  -3.36495E+04  -3.29475E+04  -3.21865E+04   7.01977E+02   1.46294E+03
   5.16850E+02  -3.29734E+04  -3.22826E+04  -3.15312E+04   6.90762E+02   1.44217E+03
   5.06850E+02  -3.23012E+04  -3.16239E+04  -3.08797E+04   6.77284E+02   1.42144E+03
   4.96850E+02  -3.16329E+04  -3.09712E+04  -3.02321E+04   6.61672E+02   1.40078E+03
   4.86850E+02  -3.09686E+04  -3.03245E+04  -2.95884E+04   6.44043E+02   1.38017E+03
   4.76850E+02  -3.03083E+04  -2.96838E+04  -2.89487E+04   6.24506E+02   1.35962E+03
   4.66850E+02  -2.96520E+04  -2.90489E+04  -2.83129E+04   6.03161E+02   1.33912E+03
   4.56850E+02  -2.89999E+04  -2.84198E+04  -2.76812E+04   5.80100E+02   1.31869E+03
   4.46850E+02  -2.83519E+04  -2.77965E+04  -2.70536E+04   5.55410E+02   1.29832E+03
   4.36850E+02  -2.77080E+04  -2.71789E+04  -2.64300E+04   5.29171E+02   1.27802E+03
   4.26850E+02  -2.70684E+04  -2.65670E+04  -2.58107E+04   5.01457E+02   1.25777E+03
   4.16850E+02  -2.64331E+04  -2.59608E+04  -2.51955E+04   4.72339E+02   1.23759E+03
   4.06850E+02  -2.58021E+04  -2.53602E+04  -2.45846E+04   4.41884E+02   1.21747E+03
   3.96850E+02  -2.51755E+04  -2.47653E+04  -2.39781E+04   4.10153E+02   1.19743E+03
   3.86850E+02  -2.45533E+04  -2.41761E+04  -2.33758E+04   3.77207E+02   1.17745E+03
   3.76850E+02  -2.39355E+04  -2.35924E+04  -2.27780E+04   3.43100E+02   1.15753E+03
   3.66850E+02  -2.33223E+04  -2.30145E+04  -2.21847E+04   3.07888E+02   1.13769E+03
   3.56850E+02  -2.27137E+04  -2.24421E+04  -2.15958E+04   2.71620E+02   1.11792E+03
   3.46850E+02  -2.21098E+04  -2.18754E+04  -2.10116E+04   2.34346E+02   1.09823E+03
   3.36850E+02  -2.15105E+04  -2.13144E+04  -2.04319E+04   1.96114E+02   1.07861E+03
   3.26850E+02  -2.09160E+04  -2.07591E+04  -1.98570E+04   1.56968E+02   1.05906E+03
   3.16850E+02  -2.03264E+04  -2.02094E+04  -1.92868E+04   1.16952E+02   1.03960E+03
   3.06850E+02  -1.97416E+04  -1.96655E+04  -1.87214E+04   7.61096E+01   1.02021E+03
   2.96850E+02  -1.91618E+04  -1.91274E+04  -1.81609E+04   3.44812E+01   1.00091E+03
   2.86850E+02  -1.85871E+04  -1.85950E+04  -1.76054E+04  -7.89303E+00   9.81688E+02
   2.76850E+02  -1.80174E+04  -1.80684E+04  -1.70549E+04  -5.09738E+01   9.62556E+02
   2.66850E+02  -1.74530E+04  -1.75477E+04  -1.65095E+04  -9.47230E+01   9.43514E+02
   2.56850E+02  -1.68938E+04  -1.70329E+04  -1.59692E+04  -1.39103E+02   9.24564E+02
   2.46850E+02  -1.63400E+04  -1.65240E+04  -1.54343E+04  -1.84077E+02   9.05710E+02
   2.36850E+02  -1.57916E+04  -1.60212E+04  -1.49046E+04  -2.29610E+02   8.86953E+02
   2.26850E+02  -1.52487E+04  -1.55243E+04  -1.43804E+04  -2.75664E+02   8.68299E+02
   2.16850E+02  -1.47114E+04  -1.50336E+04  -1.38616E+04  -3.22205E+02   8.49750E+02
   2.06850E+02  -1.41798E+04  -1.45490E+04  -1.33485E+04  -3.69198E+02   8.31312E+02
   1.96850E+02  -1.36540E+04  -1.40707E+04  -1.28411E+04  -4.16608E+02   8.12988E+02
   1.86850E+02  -1.31342E+04  -1.35986E+04  -1.23394E+04  -4.64400E+02   7.94785E+02
   1.76850E+02  -1.26204E+04  -1.31329E+04  -1.18436E+04  -5.12538E+02   7.76707E+02
   1.66850E+02  -1.21126E+04  -1.26736E+04  -1.13539E+04  -5.60989E+02   7.58762E+02
   1.56850E+02  -1.16112E+04  -1.22209E+04  -1.08702E+04  -6.09716E+02   7.40957E+02
   1.46850E+02  -1.11161E+04  -1.17748E+04  -1.03928E+04  -6.58683E+02   7.23301E+02
   1.36850E+02  -1.06275E+04  -1.13354E+04  -9.92171E+03  -7.07854E+02   7.05803E+02
   1.26850E+02  -1.01456E+04  -1.09028E+04  -9.45709E+03  -7.57189E+02   6.88474E+02
   1.16850E+02  -9.67039E+03  -1.04770E+04  -8.99907E+03  -8.06651E+02   6.71328E+02
   1.06850E+02  -9.20216E+03  -1.00584E+04  -8.54778E+03  -8.56197E+02   6.54379E+02
   9.68500E+01  -8.74101E+03  -9.64680E+03  -8.10337E+03  -9.05784E+02   6.37645E+02
   8.68500E+01  -8.28713E+03  -9.24250E+03  -7.66598E+03  -9.55365E+02   6.21148E+02
   7.68500E+01  -7.84069E+03  -8.84558E+03  -7.23578E+03  -1.00489E+03   6.04911E+02
   6.68500E+01  -7.40189E+03  -8.45619E+03  -6.81292E+03  -1.05431E+03   5.88964E+02
   5.68500E+01  -6.97092E+03  -8.07447E+03  -6.39758E+03  -1.10355E+03   5.73343E+02
   4.68500E+01  -6.54802E+03  -7.70057E+03  -5.98993E+03  -1.15255E+03   5.58093E+02
   3.68500E+01  -6.13343E+03  -7.33466E+03  -5.59016E+03  -1.20123E+03   5.43268E+02
   2.68500E+01  -5.72741E+03  -6.97690E+03  -5.19847E+03  -1.24950E+03   5.28935E+02
   1.68500E+01  -5.33025E+03  -6.62748E+03  -4.81506E+03  -1.29724E+03   5.15183E+02
   6.85000E+00  -4.94228E+03  -6.28659E+03  -4.44016E+03  -1.34431E+03   5.02122E+02
  -3.15000E+00  -4.56388E+03  -5.95443E+03  -4.07398E+03  -1.39054E+03   4.89906E+02
  -1.31500E+01  -4.19550E+03  -5.63120E+03  -3.71676E+03  -1.43570E+03   4.78745E+02
  -2.31500E+01  -3.83771E+03  -5.31713E+03  -3.36875E+03  -1.47943E+03   4.68952E+02
  -3.31500E+01  -3.49129E+03  -5.01246E+03  -3.03022E+03  -1.52117E+03   4.61072E+02
  -4.31500E+01  -3.15901E+03  -4.71742E+03  -2.70143E+03  -1.55841E+03   4.57576E+02
  -5.31500E+01  -2.84159E+03  -4.43226E+03  -2.38267E+03  -1.59068E+03   4.58918E+02
  -6.31500E+01  -2.53859E+03  -4.15725E+03  -2.07422E+03  -1.61865E+03   4.64374E+02
  -7.31500E+01  -2.24977E+03  -3.89264E+03  -1.77639E+03  -1.64287E+03   4.73381E+02
  -8.31500E+01  -1.97496E+03  -3.63870E+03  -1.48948E+03  -1.66374E+03   4.85483E+02
  -9.31500E+01  -1.71410E+03  -3.39569E+03  -1.21379E+03  -1.68159E+03   5.00302E+02
  -1.03150E+02  -1.46714E+03  -3.16385E+03  -9.49638E+02  -1.69671E+03   5.17507E+02
  -1.13150E+02  -1.23409E+03  -2.94340E+03  -6.97295E+02  -1.70931E+03   5.36798E+02
  -1.23150E+02  -1.01491E+03  -2.73451E+03  -4.57018E+02  -1.71960E+03   5.57892E+02
  -1.33150E+02  -8.09508E+02  -2.53724E+03  -2.29008E+02  -1.72774E+03   5.80500E+02
  -1.43150E+02  -6.17685E+02  -2.35154E+03  -1.33892E+01  -1.73386E+03   6.04296E+02
  -1.53150E+02  -4.39032E+02  -2.17711E+03   1.89807E+02  -1.73808E+03   6.28839E+02
  -1.63150E+02  -2.72789E+02  -2.01326E+03   3.80120E+02  -1.74047E+03   6.52908E+02
  -1.73150E+02  -1.17589E+02  -1.85868E+03   5.57420E+02  -1.74109E+03   6.75010E+02
