
 Phase Region for:
     BCC_A2                        
     FCC_A1#1                      
     FCC_A1#2                      
     HCP_A3#1                      
     HCP_A3#2                      
 col-1=T-C, col-2=HM(FCC_A1#1), col-3=HM(BCC_A2), col-4=HM(HCP_A3#1), col-5=HM1, col-6=HM2,
   1.22685E+03   4.46504E+04   4.66854E+04   4.41449E+04   2.03499E+03  -5.05485E+02
   1.22685E+03   4.46504E+04   4.66854E+04   4.41449E+04   2.03499E+03  -5.05484E+02
   1.21685E+03   4.42697E+04   4.62962E+04   4.37685E+04   2.02653E+03  -5.01166E+02
   1.20685E+03   4.38900E+04   4.59081E+04   4.33932E+04   2.01803E+03  -4.96847E+02
   1.19685E+03   4.35116E+04   4.55211E+04   4.30190E+04   2.00949E+03  -4.92527E+02
   1.18685E+03   4.31342E+04   4.51352E+04   4.26460E+04   2.00091E+03  -4.88207E+02
   1.17685E+03   4.27581E+04   4.47504E+04   4.22742E+04   1.99228E+03  -4.83888E+02
   1.16685E+03   4.23830E+04   4.43666E+04   4.19035E+04   1.98359E+03  -4.79567E+02
   1.15685E+03   4.20091E+04   4.39840E+04   4.15339E+04   1.97484E+03  -4.75247E+02
   1.14685E+03   4.16364E+04   4.36024E+04   4.11654E+04   1.96601E+03  -4.70926E+02
   1.13685E+03   4.12647E+04   4.32218E+04   4.07981E+04   1.95710E+03  -4.66605E+02
   1.12685E+03   4.08942E+04   4.28423E+04   4.04319E+04   1.94810E+03  -4.62283E+02
   1.11685E+03   4.05248E+04   4.24638E+04   4.00668E+04   1.93900E+03  -4.57962E+02
   1.10685E+03   4.01565E+04   4.20863E+04   3.97029E+04   1.92980E+03  -4.53640E+02
   1.09685E+03   3.97894E+04   4.17098E+04   3.93400E+04   1.92047E+03  -4.49317E+02
   1.08685E+03   3.94233E+04   4.13343E+04   3.89783E+04   1.91101E+03  -4.44995E+02
   1.07685E+03   3.90584E+04   4.09598E+04   3.86177E+04   1.90142E+03  -4.40672E+02
   1.06685E+03   3.86945E+04   4.05862E+04   3.82582E+04   1.89167E+03  -4.36348E+02
   1.05685E+03   3.83318E+04   4.02135E+04   3.78997E+04   1.88176E+03  -4.32025E+02
   1.04685E+03   3.79701E+04   3.98418E+04   3.75424E+04   1.87167E+03  -4.27700E+02
   1.03685E+03   3.76096E+04   3.94710E+04   3.71862E+04   1.86139E+03  -4.23376E+02
   1.02685E+03   3.72501E+04   3.91010E+04   3.68310E+04   1.85091E+03  -4.19051E+02
   1.01685E+03   3.68917E+04   3.87319E+04   3.64770E+04   1.84020E+03  -4.14726E+02
   1.00685E+03   3.65344E+04   3.83637E+04   3.61240E+04   1.82926E+03  -4.10401E+02
   9.96850E+02   3.61782E+04   3.79963E+04   3.57721E+04   1.81806E+03  -4.06075E+02
   9.86850E+02   3.58231E+04   3.76297E+04   3.54213E+04   1.80659E+03  -4.01748E+02
   9.76850E+02   3.54690E+04   3.72638E+04   3.50716E+04   1.79483E+03  -3.97421E+02
   9.66850E+02   3.51160E+04   3.68987E+04   3.47229E+04   1.78276E+03  -3.93094E+02
   9.56850E+02   3.47641E+04   3.65344E+04   3.43753E+04   1.77035E+03  -3.88766E+02
   9.46850E+02   3.44132E+04   3.61708E+04   3.40287E+04   1.75759E+03  -3.84438E+02
   9.36850E+02   3.40634E+04   3.58078E+04   3.36833E+04   1.74444E+03  -3.80109E+02
   9.26850E+02   3.37146E+04   3.54455E+04   3.33388E+04   1.73089E+03  -3.75780E+02
   9.16850E+02   3.33669E+04   3.50838E+04   3.29954E+04   1.71691E+03  -3.71450E+02
   9.06850E+02   3.30202E+04   3.47227E+04   3.26531E+04   1.70246E+03  -3.67120E+02
   8.96850E+02   3.26746E+04   3.43621E+04   3.23118E+04   1.68752E+03  -3.62789E+02
   8.86850E+02   3.23300E+04   3.40021E+04   3.19716E+04   1.67205E+03  -3.58461E+02
   8.76850E+02   3.19865E+04   3.36425E+04   3.16324E+04   1.65601E+03  -3.54129E+02
   8.66850E+02   3.16440E+04   3.32834E+04   3.12942E+04   1.63938E+03  -3.49797E+02
   8.56850E+02   3.13025E+04   3.29246E+04   3.09571E+04   1.62210E+03  -3.45463E+02
   8.46850E+02   3.09621E+04   3.25662E+04   3.06210E+04   1.60413E+03  -3.41129E+02
   8.36850E+02   3.06227E+04   3.22081E+04   3.02859E+04   1.58544E+03  -3.36794E+02
   8.26850E+02   3.02843E+04   3.18503E+04   2.99518E+04   1.56596E+03  -3.32458E+02
   8.16850E+02   2.99469E+04   3.14926E+04   2.96188E+04   1.54565E+03  -3.28121E+02
   8.06850E+02   2.96106E+04   3.11350E+04   2.92868E+04   1.52444E+03  -3.23784E+02
   7.96850E+02   2.92752E+04   3.07775E+04   2.89558E+04   1.50227E+03  -3.19445E+02
   7.86850E+02   2.89409E+04   3.04200E+04   2.86258E+04   1.47908E+03  -3.15105E+02
   7.76850E+02   2.86076E+04   3.00623E+04   2.82968E+04   1.45479E+03  -3.10765E+02
   7.66850E+02   2.82752E+04   2.97046E+04   2.79688E+04   1.42932E+03  -3.06423E+02
   7.56850E+02   2.79439E+04   2.93465E+04   2.76418E+04   1.40258E+03  -3.02080E+02
   7.46850E+02   2.76136E+04   2.89881E+04   2.73159E+04   1.37448E+03  -2.97736E+02
   7.36850E+02   2.72843E+04   2.86292E+04   2.69909E+04   1.34492E+03  -2.93390E+02
   7.26850E+02   2.69559E+04   2.82697E+04   2.66669E+04   1.31378E+03  -2.89043E+02
   7.16850E+02   2.66286E+04   2.79095E+04   2.63439E+04   1.28093E+03  -2.84695E+02
   7.06850E+02   2.63022E+04   2.75485E+04   2.60219E+04   1.24623E+03  -2.80345E+02
   6.96850E+02   2.59769E+04   2.71864E+04   2.57009E+04   1.20953E+03  -2.75993E+02
   6.86850E+02   2.56525E+04   2.68231E+04   2.53808E+04   1.17066E+03  -2.71639E+02
   6.76850E+02   2.53290E+04   2.64585E+04   2.50618E+04   1.12941E+03  -2.67284E+02
   6.66850E+02   2.50066E+04   2.60922E+04   2.47437E+04   1.08558E+03  -2.62926E+02
   6.56850E+02   2.46851E+04   2.57240E+04   2.44266E+04   1.03891E+03  -2.58566E+02
   6.46850E+02   2.43646E+04   2.53538E+04   2.41104E+04   9.89106E+02  -2.54204E+02
   6.36850E+02   2.40451E+04   2.49810E+04   2.37953E+04   9.35852E+02  -2.49840E+02
   6.26850E+02   2.37266E+04   2.46053E+04   2.34811E+04   8.78761E+02  -2.45472E+02
   6.16850E+02   2.34090E+04   2.42263E+04   2.31679E+04   8.17388E+02  -2.41102E+02
   6.06850E+02   2.30923E+04   2.38435E+04   2.28556E+04   7.51204E+02  -2.36729E+02
   5.96850E+02   2.27766E+04   2.34562E+04   2.25443E+04   6.79584E+02  -2.32353E+02
   5.86850E+02   2.24619E+04   2.30637E+04   2.22339E+04   6.01771E+02  -2.27973E+02
   5.76850E+02   2.21481E+04   2.26650E+04   2.19245E+04   5.16849E+02  -2.23590E+02
   5.66850E+02   2.18353E+04   2.22590E+04   2.16161E+04   4.23691E+02  -2.19202E+02
   5.56850E+02   2.15234E+04   2.18443E+04   2.13086E+04   3.20899E+02  -2.14810E+02
   5.46850E+02   2.12125E+04   2.14192E+04   2.10021E+04   2.06720E+02  -2.10414E+02
   5.36850E+02   2.09025E+04   2.09815E+04   2.06965E+04   7.89294E+01  -2.06012E+02
   5.26850E+02   2.05935E+04   2.04924E+04   2.03919E+04  -1.01095E+02  -2.01606E+02
   5.16850E+02   2.02854E+04   1.99990E+04   2.00882E+04  -2.86385E+02  -1.97193E+02
   5.06850E+02   1.99783E+04   1.95194E+04   1.97855E+04  -4.58826E+02  -1.92774E+02
   4.96850E+02   1.96720E+04   1.90525E+04   1.94837E+04  -6.19553E+02  -1.88349E+02
   4.86850E+02   1.93668E+04   1.85972E+04   1.91828E+04  -7.69573E+02  -1.83916E+02
   4.76850E+02   1.90624E+04   1.81526E+04   1.88829E+04  -9.09776E+02  -1.79476E+02
   4.66850E+02   1.87590E+04   1.77180E+04   1.85840E+04  -1.04096E+03  -1.75026E+02
   4.56850E+02   1.84565E+04   1.72927E+04   1.82859E+04  -1.16382E+03  -1.70568E+02
   4.46850E+02   1.81550E+04   1.68760E+04   1.79889E+04  -1.27899E+03  -1.66100E+02
   4.36850E+02   1.78544E+04   1.64673E+04   1.76927E+04  -1.38703E+03  -1.61620E+02
   4.26850E+02   1.75547E+04   1.60662E+04   1.73975E+04  -1.48844E+03  -1.57129E+02
   4.16850E+02   1.72559E+04   1.56722E+04   1.71033E+04  -1.58367E+03  -1.52625E+02
   4.06850E+02   1.69581E+04   1.52850E+04   1.68100E+04  -1.67313E+03  -1.48107E+02
   3.96850E+02   1.66612E+04   1.49040E+04   1.65176E+04  -1.75718E+03  -1.43574E+02
   3.86850E+02   1.63652E+04   1.45291E+04   1.62262E+04  -1.83615E+03  -1.39023E+02
   3.76850E+02   1.60702E+04   1.41598E+04   1.59357E+04  -1.91034E+03  -1.34455E+02
   3.66850E+02   1.57760E+04   1.37960E+04   1.56462E+04  -1.98002E+03  -1.29866E+02
   3.56850E+02   1.54829E+04   1.34374E+04   1.53576E+04  -2.04544E+03  -1.25255E+02
   3.46850E+02   1.51906E+04   1.30838E+04   1.50700E+04  -2.10682E+03  -1.20620E+02
   3.36850E+02   1.48993E+04   1.27349E+04   1.47833E+04  -2.16438E+03  -1.15958E+02
   3.26850E+02   1.46089E+04   1.23906E+04   1.44976E+04  -2.21831E+03  -1.11267E+02
   3.16850E+02   1.43194E+04   1.20506E+04   1.42129E+04  -2.26877E+03  -1.06543E+02
   3.06850E+02   1.40309E+04   1.17149E+04   1.39291E+04  -2.31594E+03  -1.01782E+02
   2.96850E+02   1.37433E+04   1.13833E+04   1.36463E+04  -2.35997E+03  -9.69823E+01
   2.86850E+02   1.34566E+04   1.10556E+04   1.33645E+04  -2.40099E+03  -9.21379E+01
   2.76850E+02   1.31709E+04   1.07317E+04   1.30836E+04  -2.43915E+03  -8.72442E+01
   2.66850E+02   1.28861E+04   1.04115E+04   1.28038E+04  -2.47455E+03  -8.22955E+01
   2.56850E+02   1.26022E+04   1.00949E+04   1.25249E+04  -2.50732E+03  -7.72855E+01
   2.46850E+02   1.23193E+04   9.78173E+03   1.22471E+04  -2.53756E+03  -7.22068E+01
   2.36850E+02   1.20373E+04   9.47194E+03   1.19703E+04  -2.56537E+03  -6.70512E+01
   2.26850E+02   1.17563E+04   9.16543E+03   1.16945E+04  -2.59085E+03  -6.18091E+01
   2.16850E+02   1.14762E+04   8.86212E+03   1.14197E+04  -2.61408E+03  -5.64696E+01
   2.06850E+02   1.11971E+04   8.56191E+03   1.11460E+04  -2.63514E+03  -5.10201E+01
   1.96850E+02   1.09189E+04   8.26474E+03   1.08734E+04  -2.65412E+03  -4.54461E+01
   1.86850E+02   1.06416E+04   7.97053E+03   1.06019E+04  -2.67107E+03  -3.97309E+01
   1.76850E+02   1.03653E+04   7.67923E+03   1.03314E+04  -2.68607E+03  -3.38549E+01
   1.66850E+02   1.00899E+04   7.39077E+03   1.00621E+04  -2.69916E+03  -2.77954E+01
   1.56850E+02   9.81551E+03   7.10511E+03   9.79398E+03  -2.71040E+03  -2.15257E+01
   1.46850E+02   9.54202E+03   6.82218E+03   9.52700E+03  -2.71984E+03  -1.50147E+01
   1.36850E+02   9.26945E+03   6.54195E+03   9.26122E+03  -2.72749E+03  -8.22542E+00
   1.26850E+02   8.99779E+03   6.26439E+03   8.99667E+03  -2.73340E+03  -1.11428E+00
   1.16850E+02   8.72702E+03   5.98945E+03   8.73339E+03  -2.73757E+03   6.37070E+00
   1.06850E+02   8.45712E+03   5.71711E+03   8.47141E+03  -2.74001E+03   1.42917E+01
   9.68500E+01   8.18806E+03   5.44736E+03   8.21078E+03  -2.74070E+03   2.27237E+01
   8.68500E+01   7.91980E+03   5.18019E+03   7.95155E+03  -2.73961E+03   3.17573E+01
   7.68500E+01   7.65227E+03   4.91558E+03   7.69377E+03  -2.73668E+03   4.15036E+01
   6.68500E+01   7.38540E+03   4.65355E+03   7.43750E+03  -2.73185E+03   5.20991E+01
   5.68500E+01   7.11909E+03   4.39412E+03   7.18281E+03  -2.72498E+03   6.37144E+01
   4.68500E+01   6.85321E+03   4.13729E+03   6.92977E+03  -2.71592E+03   7.65645E+01
   3.68500E+01   6.58756E+03   3.88313E+03   6.67848E+03  -2.70443E+03   9.09261E+01
   2.68500E+01   6.32188E+03   3.63167E+03   6.42904E+03  -2.69021E+03   1.07163E+02
   1.68500E+01   6.05578E+03   3.38298E+03   6.18155E+03  -2.67280E+03   1.25766E+02
   6.85000E+00   5.78872E+03   3.13716E+03   5.93615E+03  -2.65156E+03   1.47429E+02
  -3.15000E+00   5.51979E+03   2.89431E+03   5.69298E+03  -2.62548E+03   1.73185E+02
  -1.31500E+01   5.24754E+03   2.65457E+03   5.45222E+03  -2.59297E+03   2.04684E+02
  -2.31500E+01   4.96923E+03   2.41810E+03   5.21407E+03  -2.55113E+03   2.44832E+02
  -3.31500E+01   4.66677E+03   2.18511E+03   4.97875E+03  -2.48167E+03   3.11975E+02
  -4.31500E+01   4.31058E+03   1.95584E+03   4.74654E+03  -2.35474E+03   4.35961E+02
  -5.31500E+01   3.98175E+03   1.73059E+03   4.51776E+03  -2.25116E+03   5.36014E+02
  -6.31500E+01   3.67480E+03   1.50974E+03   4.29279E+03  -2.16506E+03   6.17985E+02
  -7.31500E+01   3.38622E+03   1.29374E+03   4.07207E+03  -2.09248E+03   6.85846E+02
  -8.31500E+01   3.11378E+03   1.08314E+03   3.85613E+03  -2.03064E+03   7.42350E+02
  -9.31500E+01   2.85619E+03   8.78642E+02   3.64564E+03  -1.97755E+03   7.89447E+02
  -1.03150E+02   2.61283E+03   6.81120E+02   3.44137E+03  -1.93171E+03   8.28540E+02
  -1.13150E+02   2.38365E+03   4.91676E+02   3.24429E+03  -1.89198E+03   8.60634E+02
  -1.23150E+02   2.16915E+03   3.11733E+02   3.05555E+03  -1.85742E+03   8.86403E+02
  -1.33150E+02   1.97041E+03   1.43142E+02   2.87657E+03  -1.82726E+03   9.06162E+02
  -1.43150E+02   1.78922E+03  -1.16368E+01   2.70889E+03  -1.80086E+03   9.19672E+02
  -1.53150E+02   1.62835E+03  -1.49265E+02   2.55362E+03  -1.77761E+03   9.25273E+02
  -1.63150E+02   1.49190E+03  -2.65090E+02   2.39758E+03  -1.75699E+03   9.05683E+02
  -1.73150E+02   1.38602E+03  -3.52421E+02   2.27470E+03  -1.73845E+03   8.88671E+02
