 PROLOGUE 1
 XSCALE        0.00000          0.600000E-06
 YSCALE       0.655033E-08      0.300000    
 XTEXT DISTANCE
 YTEXT WEIGHT-PERCENT C
 XTYPE LINEAR
 YTYPE LINEAR
 XLENGTH        11.5000    
 YLENGTH        11.5000    
 TITLE   
 DATASET 1
 CLIP OFF
    0.00000    1.12000 NAM' TIME = 0,1E-04,.001,.01,.03,.1,.5,10,20
 1.05 1.05 MNA' CELL #   1
 CLIP ON
 $ X-AXIS = DISTANCE      Y-AXIS = W(C)
 BLOCK X=C1; Y=C2;       GOC=C3,WAD;
  0.0000000000E+00  3.0000000000E-01 M
  6.0120040369E-08  3.0000000000E-01
  1.1422807670E-07  3.0000000000E-01
  1.6292530940E-07  3.0000000000E-01
  2.0675281883E-07  3.0000000000E-01
  2.4619757731E-07  3.0000000000E-01
  2.8169785995E-07  3.0000000000E-01
  3.1364811432E-07  3.0000000000E-01
  3.4240334326E-07  3.0000000000E-01
  3.6828304930E-07  3.0000000000E-01
  3.9157478474E-07  3.0000000000E-01
  4.1253734664E-07  3.0000000000E-01
  4.3140365234E-07  3.0000000000E-01
  4.4838332748E-07  3.0000000000E-01
  4.6366503510E-07  3.0000000000E-01
  4.7741857196E-07  3.0000000000E-01
  4.8979675513E-07  3.0000000000E-01
  5.0093711998E-07  3.0000000000E-01
  5.1096344835E-07  3.0000000000E-01
  5.1998714389E-07  3.0000000000E-01
  5.2810846987E-07  3.0000000000E-01
  5.3541766325E-07  3.0000000000E-01
  5.4199593729E-07  3.0000000000E-01
  5.4791638393E-07  3.0000000000E-01
  5.5324478591E-07  3.0000000000E-01
  5.5804034769E-07  3.0000000000E-01
  5.6235635329E-07  3.0000000000E-01
  5.6624075833E-07  3.0000000000E-01
  5.6973672286E-07  3.0000000000E-01
  5.7288309094E-07  3.0000000000E-01
  5.7571482222E-07  3.0000000000E-01
  5.7826338037E-07  3.0000000000E-01
  5.8055708270E-07  3.0000000000E-01
  5.8262141480E-07  3.0000000000E-01
  5.8447931369E-07  3.0000000000E-01
  5.8615142269E-07  3.0000000000E-01
  5.8765632079E-07  3.0000000000E-01
  5.8901072908E-07  3.0000000000E-01
  5.9022969654E-07  3.0000000000E-01
  5.9132676725E-07  3.0000000000E-01
  5.9231413090E-07  3.0000000000E-01
  5.9320275817E-07  3.0000000000E-01
  5.9400252273E-07  3.0000000000E-01
  5.9472231082E-07  3.0000000000E-01
  5.9537012011E-07  3.0000000000E-01
  5.9595314847E-07  3.0000000000E-01
  5.9647787399E-07  3.0000000000E-01
  5.9695012696E-07  3.0000000000E-01
  5.9737515463E-07  3.0000000000E-01
  5.9775767954E-07  3.0000000000E-01
  5.9810195195E-07  3.0000000000E-01
  5.9841179712E-07  3.0000000000E-01
  5.9869065778E-07  3.0000000000E-01
  5.9894163237E-07  3.0000000000E-01
  5.9916750950E-07  3.0000000000E-01
  5.9937079892E-07  3.0000000000E-01
  5.9955375940E-07  3.0000000000E-01
  5.9971842383E-07  3.0000000000E-01
  5.9986662181E-07  3.0000000000E-01
  6.0000000000E-07  3.0000000000E-01
 BLOCKEND
 $ X-AXIS = DISTANCE      Y-AXIS = W(C)
 BLOCK X=C1; Y=C2;       GOC=C3,WAD;
  0.0000000000E+00  3.0000000000E-01 M
  1.5030010092E-08  3.0000000000E-01
  3.0060020184E-08  3.0000000000E-01
  4.5090030276E-08  3.0000000000E-01
  6.0120040369E-08  3.0000000000E-01
  8.7174058535E-08  3.0000000000E-01
  1.1422807670E-07  3.0000000000E-01
  1.3857669305E-07  3.0000000000E-01
  1.6292530940E-07  3.0000000000E-01
  1.8483906411E-07  3.0000000000E-01
  2.0675281883E-07  3.0000000000E-01
  2.2647519807E-07  3.0000000000E-01
  2.4619757731E-07  3.0000000000E-01
  2.6394771863E-07  3.0000000000E-01
  2.8169785995E-07  3.0000000000E-01
  2.9767298714E-07  3.0000000000E-01
  3.1364811432E-07  3.0000000000E-01
  3.2802572879E-07  3.0000000000E-01
  3.4240334326E-07  3.0000000000E-01
  3.6828304930E-07  3.0000000000E-01
  3.9157478474E-07  3.0000000000E-01
  4.1253734664E-07  3.0000000000E-01
  4.3140365234E-07  3.0000000000E-01
  4.4838332748E-07  3.0000000000E-01
  4.6366503510E-07  3.0000000000E-01
  4.7741857196E-07  3.0000000000E-01
  4.8979675513E-07  3.0000000000E-01
  5.0093711998E-07  3.0000000000E-01
  5.1096344835E-07  3.0000000000E-01
  5.1998714389E-07  3.0000000000E-01
  5.2810846987E-07  3.0000000000E-01
  5.3541766325E-07  3.0000000000E-01
  5.4199593729E-07  3.0000000001E-01
  5.4791638393E-07  2.9999999946E-01
  5.5324478591E-07  2.9999996745E-01
  5.5804034769E-07  2.9999946435E-01
  5.6235635329E-07  2.9999508648E-01
  5.6624075833E-07  2.9996965811E-01
  5.6973672286E-07  2.9986187527E-01
  5.7288309094E-07  2.9951009424E-01
  5.7571482222E-07  2.9859189370E-01
  5.7826338037E-07  2.9661551436E-01
  5.8055708270E-07  2.9300835151E-01
  5.8262141480E-07  2.8727418171E-01
  5.8447931369E-07  2.7913020990E-01
  5.8615142269E-07  2.6856199139E-01
  5.8765632079E-07  2.5580175483E-01
  5.8901072908E-07  2.4126030013E-01
  5.9022969654E-07  2.2543962231E-01
  5.9132676725E-07  2.0885610782E-01
  5.9231413090E-07  1.9198786152E-01
  5.9320275817E-07  1.7524043106E-01
  5.9400252273E-07  1.5893366120E-01
  5.9472231082E-07  1.4330539172E-01
  5.9537012011E-07  1.2851595494E-01
  5.9595314847E-07  1.1466193014E-01
  5.9647787399E-07  1.0179360181E-01
  5.9695012696E-07  8.9916002019E-02
  5.9737515463E-07  7.9010970176E-02
  5.9775767954E-07  6.9052086749E-02
  5.9810195195E-07  5.9965717287E-02
  5.9841179712E-07  5.1706995802E-02
  5.9869065778E-07  4.4287388662E-02
  5.9894163237E-07  3.7461373667E-02
  5.9916750950E-07  3.1216266299E-02
  5.9937079892E-07  2.6142921383E-02
  5.9955375940E-07  2.1067433957E-02
  5.9971842383E-07  1.4701424512E-02
  5.9986662181E-07  1.5032286359E-02
  6.0000000000E-07  6.2420675183E-03
 BLOCKEND
 $ X-AXIS = DISTANCE      Y-AXIS = W(C)
 BLOCK X=C1; Y=C2;       GOC=C3,WAD;
  0.0000000000E+00  3.0000000000E-01 M
  1.5030010092E-08  3.0000000000E-01
  3.0060020184E-08  3.0000000000E-01
  4.5090030276E-08  3.0000000000E-01
  6.0120040369E-08  3.0000000000E-01
  8.7174058535E-08  3.0000000000E-01
  1.1422807670E-07  3.0000000000E-01
  1.3857669305E-07  3.0000000000E-01
  1.6292530940E-07  3.0000000000E-01
  1.8483906411E-07  3.0000000000E-01
  2.0675281883E-07  3.0000000000E-01
  2.2647519807E-07  3.0000000000E-01
  2.4619757731E-07  3.0000000000E-01
  2.6394771863E-07  3.0000000000E-01
  2.8169785995E-07  3.0000000000E-01
  2.9767298714E-07  3.0000000000E-01
  3.1364811432E-07  3.0000000000E-01
  3.2802572879E-07  3.0000000000E-01
  3.4240334326E-07  3.0000000000E-01
  3.6828304930E-07  3.0000000000E-01
  3.9157478474E-07  2.9999999980E-01
  4.1253734664E-07  2.9999999154E-01
  4.3140365234E-07  2.9999987475E-01
  4.4838332748E-07  2.9999891987E-01
  4.6366503510E-07  2.9999359088E-01
  4.7741857196E-07  2.9997148503E-01
  4.8979675513E-07  2.9989938216E-01
  5.0093711998E-07  2.9970607727E-01
  5.1096344835E-07  2.9926323961E-01
  5.1998714389E-07  2.9836678969E-01
  5.2810846987E-07  2.9672295864E-01
  5.3541766325E-07  2.9395541349E-01
  5.4199593729E-07  2.8965762672E-01
  5.4791638393E-07  2.8348950938E-01
  5.5324478591E-07  2.7527343685E-01
  5.5804034769E-07  2.6503860158E-01
  5.6235635329E-07  2.5300429178E-01
  5.6624075833E-07  2.3952630696E-01
  5.6973672286E-07  2.2503017584E-01
  5.7288309094E-07  2.0994901699E-01
  5.7571482222E-07  1.9468023030E-01
  5.7826338037E-07  1.7956151662E-01
  5.8055708270E-07  1.6485971405E-01
  5.8262141480E-07  1.5077149586E-01
  5.8447931369E-07  1.3743188071E-01
  5.8615142269E-07  1.2492306209E-01
  5.8765632079E-07  1.1328464350E-01
  5.8901072908E-07  1.0252525096E-01
  5.9022969654E-07  9.2629910914E-02
  5.9132676725E-07  8.3566620981E-02
  5.9231413090E-07  7.5294041695E-02
  5.9320275817E-07  6.7763927224E-02
  5.9400252273E-07  6.0923993423E-02
  5.9472231082E-07  5.4723167651E-02
  5.9537012011E-07  4.9109397976E-02
  5.9595314847E-07  4.4032088435E-02
  5.9647787399E-07  3.9447148990E-02
  5.9695012696E-07  3.5306413187E-02
  5.9737515463E-07  3.1568955853E-02
  5.9775767954E-07  2.8207785568E-02
  5.9810195195E-07  2.5164053258E-02
  5.9841179712E-07  2.2417407939E-02
  5.9869065778E-07  2.0009309912E-02
  5.9894163237E-07  1.7732678034E-02
  5.9916750950E-07  1.5596784867E-02
  5.9937079892E-07  1.4261833728E-02
  5.9955375940E-07  1.2493150843E-02
  5.9971842383E-07  9.3082099242E-03
  5.9986662181E-07  1.2021619855E-02
  6.0000000000E-07  6.2931971922E-03
 BLOCKEND
 $ X-AXIS = DISTANCE      Y-AXIS = W(C)
 BLOCK X=C1; Y=C2;       GOC=C3,WAD;
  0.0000000000E+00  2.9999998759E-01 M
  1.5030010092E-08  2.9999998549E-01
  3.0060020184E-08  2.9999997850E-01
  4.5090030276E-08  2.9999996430E-01
  6.0120040369E-08  2.9999993823E-01
  8.7174058535E-08  2.9999982655E-01
  1.1422807670E-07  2.9999950877E-01
  1.3857669305E-07  2.9999876217E-01
  1.6292530940E-07  2.9999691982E-01
  1.8483906411E-07  2.9999309705E-01
  2.0675281883E-07  2.9998472697E-01
  2.2647519807E-07  2.9996918571E-01
  2.4619757731E-07  2.9993862653E-01
  2.6394771863E-07  2.9988731914E-01
  2.8169785995E-07  2.9979576804E-01
  2.9767298714E-07  2.9965545050E-01
  3.1364811432E-07  2.9942601835E-01
  3.2802572879E-07  2.9910198831E-01
  3.4240334326E-07  2.9861166712E-01
  3.6828304930E-07  2.9704366815E-01
  3.9157478474E-07  2.9437291223E-01
  4.1253734664E-07  2.9027141831E-01
  4.3140365234E-07  2.8447422902E-01
  4.4838332748E-07  2.7682967564E-01
  4.6366503510E-07  2.6733686744E-01
  4.7741857196E-07  2.5615084989E-01
  4.8979675513E-07  2.4355238156E-01
  5.0093711998E-07  2.2990002915E-01
  5.1096344835E-07  2.1558063324E-01
  5.1998714389E-07  2.0096616205E-01
  5.2810846987E-07  1.8638450721E-01
  5.3541766325E-07  1.7210587375E-01
  5.4199593729E-07  1.5833851094E-01
  5.4791638393E-07  1.4523094616E-01
  5.5324478591E-07  1.3288033105E-01
  5.5804034769E-07  1.2134174929E-01
  5.6235635329E-07  1.1063610521E-01
  5.6624075833E-07  1.0075903821E-01
  5.6973672286E-07  9.1688736063E-02
  5.7288309094E-07  8.3390474085E-02
  5.7571482222E-07  7.5821359791E-02
  5.7826338037E-07  6.8934839482E-02
  5.8055708270E-07  6.2682088565E-02
  5.8262141480E-07  5.7013696946E-02
  5.8447931369E-07  5.1882256138E-02
  5.8615142269E-07  4.7242097050E-02
  5.8765632079E-07  4.3049403644E-02
  5.8901072908E-07  3.9264105805E-02
  5.9022969654E-07  3.5848783106E-02
  5.9132676725E-07  3.2768140628E-02
  5.9231413090E-07  2.9990993019E-02
  5.9320275817E-07  2.7488304756E-02
  5.9400252273E-07  2.5232712561E-02
  5.9472231082E-07  2.3201298706E-02
  5.9537012011E-07  2.1371636841E-02
  5.9595314847E-07  1.9722966021E-02
  5.9647787399E-07  1.8240394337E-02
  5.9695012696E-07  1.6903765284E-02
  5.9737515463E-07  1.5698609783E-02
  5.9775767954E-07  1.4622702306E-02
  5.9810195195E-07  1.3640108821E-02
  5.9841179712E-07  1.2751687518E-02
  5.9869065778E-07  1.2018003676E-02
  5.9894163237E-07  1.1250825060E-02
  5.9916750950E-07  1.0471706003E-02
  5.9937079892E-07  1.0366975347E-02
  5.9955375940E-07  9.6821260304E-03
  5.9971842383E-07  7.5393479052E-03
  5.9986662181E-07  1.1029669086E-02
  6.0000000000E-07  6.3103340642E-03
 BLOCKEND
 $ X-AXIS = DISTANCE      Y-AXIS = W(C)
 BLOCK X=C1; Y=C2;       GOC=C3,WAD;
  0.0000000000E+00  2.9976816477E-01 M
  1.5030010092E-08  2.9976122518E-01
  3.0060020184E-08  2.9974002183E-01
  4.5090030276E-08  2.9970337946E-01
  6.0120040369E-08  2.9964926597E-01
  8.7174058535E-08  2.9949710994E-01
  1.1422807670E-07  2.9924922434E-01
  1.3857669305E-07  2.9890723654E-01
  1.6292530940E-07  2.9840073388E-01
  1.8483906411E-07  2.9774359635E-01
  2.0675281883E-07  2.9681723198E-01
  2.2647519807E-07  2.9566784517E-01
  2.4619757731E-07  2.9411648578E-01
  2.6394771863E-07  2.9227256893E-01
  2.8169785995E-07  2.8988844983E-01
  2.9767298714E-07  2.8717201702E-01
  3.1364811432E-07  2.8380185429E-01
  3.2802572879E-07  2.8011059569E-01
  3.4240334326E-07  2.7569860027E-01
  3.6828304930E-07  2.6562946000E-01
  3.9157478474E-07  2.5383132164E-01
  4.1253734664E-07  2.4066541063E-01
  4.3140365234E-07  2.2655052064E-01
  4.4838332748E-07  2.1190487059E-01
  4.6366503510E-07  1.9710746421E-01
  4.7741857196E-07  1.8247735058E-01
  4.8979675513E-07  1.6826492603E-01
  5.0093711998E-07  1.5465379056E-01
  5.1096344835E-07  1.4176922299E-01
  5.1998714389E-07  1.2968718170E-01
  5.2810846987E-07  1.1844380125E-01
  5.3541766325E-07  1.0804588422E-01
  5.4199593729E-07  9.8478749163E-02
  5.4791638393E-07  8.9711858348E-02
  5.5324478591E-07  8.1704977591E-02
  5.5804034769E-07  7.4412466363E-02
  5.6235635329E-07  6.7785077614E-02
  5.6624075833E-07  6.1772709841E-02
  5.6973672286E-07  5.6326642824E-02
  5.7288309094E-07  5.1399353169E-02
  5.7571482222E-07  4.6945383644E-02
  5.7826338037E-07  4.2922787333E-02
  5.8055708270E-07  3.9292178123E-02
  5.8262141480E-07  3.6016649202E-02
  5.8447931369E-07  3.3063056152E-02
  5.8615142269E-07  3.0400822489E-02
  5.8765632079E-07  2.8001394566E-02
  5.8901072908E-07  2.5839682318E-02
  5.9022969654E-07  2.3892668702E-02
  5.9132676725E-07  2.2138701693E-02
  5.9231413090E-07  2.0559375049E-02
  5.9320275817E-07  1.9137522996E-02
  5.9400252273E-07  1.7856735416E-02
  5.9472231082E-07  1.6704151461E-02
  5.9537012011E-07  1.5666541490E-02
  5.9595314847E-07  1.4731528156E-02
  5.9647787399E-07  1.3891844418E-02
  5.9695012696E-07  1.3134252250E-02
  5.9737515463E-07  1.2450550623E-02
  5.9775767954E-07  1.1844191974E-02
  5.9810195195E-07  1.1284360093E-02
  5.9841179712E-07  1.0776566216E-02
  5.9869065778E-07  1.0385498278E-02
  5.9894163237E-07  9.9269116661E-03
  5.9916750950E-07  9.4250075373E-03
  5.9937079892E-07  9.5715481565E-03
  5.9955375940E-07  9.1078775336E-03
  5.9971842383E-07  7.1778799866E-03
  5.9986662181E-07  1.0826369897E-02
  6.0000000000E-07  6.3137705442E-03
 BLOCKEND
 $ X-AXIS = DISTANCE      Y-AXIS = W(C)
 BLOCK X=C1; Y=C2;       GOC=C3,WAD;
  0.0000000000E+00  2.8309527417E-01 M
  1.5030010092E-08  2.8295954068E-01
  3.0060020184E-08  2.8255161493E-01
  4.5090030276E-08  2.8186933332E-01
  6.0120040369E-08  2.8090910622E-01
  8.7174058535E-08  2.7846329267E-01
  1.1422807670E-07  2.7506032267E-01
  1.3857669305E-07  2.7113744860E-01
  1.6292530940E-07  2.6635453715E-01
  1.8483906411E-07  2.6127496740E-01
  2.0675281883E-07  2.5542345775E-01
  2.2647519807E-07  2.4946701275E-01
  2.4619757731E-07  2.4283040699E-01
  2.6394771863E-07  2.3625645637E-01
  2.8169785995E-07  2.2909734348E-01
  2.9767298714E-07  2.2214326417E-01
  3.1364811432E-07  2.1469776188E-01
  3.2802572879E-07  2.0757273468E-01
  3.4240334326E-07  2.0004361770E-01
  3.6828304930E-07  1.8547752369E-01
  3.9157478474E-07  1.7127030427E-01
  4.1253734664E-07  1.5761955090E-01
  4.3140365234E-07  1.4466264179E-01
  4.4838332748E-07  1.3248520560E-01
  4.6366503510E-07  1.2113172107E-01
  4.7741857196E-07  1.1061578848E-01
  4.8979675513E-07  1.0092737064E-01
  5.0093711998E-07  9.2039556941E-02
  5.1096344835E-07  8.3915091848E-02
  5.1998714389E-07  7.6509915264E-02
  5.2810846987E-07  6.9775731466E-02
  5.3541766325E-07  6.3663422383E-02
  5.4199593729E-07  5.8124481296E-02
  5.4791638393E-07  5.3111161265E-02
  5.5324478591E-07  4.8578124506E-02
  5.5804034769E-07  4.4483175023E-02
  5.6235635329E-07  4.0786325659E-02
  5.6624075833E-07  3.7450477186E-02
  5.6973672286E-07  3.4442125252E-02
  5.7288309094E-07  3.1730076515E-02
  5.7571482222E-07  2.9285535479E-02
  5.7826338037E-07  2.7083009377E-02
  5.8055708270E-07  2.5099003263E-02
  5.8262141480E-07  2.3311712745E-02
  5.8447931369E-07  2.1702176013E-02
  5.8615142269E-07  2.0253016711E-02
  5.8765632079E-07  1.8947882242E-02
  5.8901072908E-07  1.7772899897E-02
  5.9022969654E-07  1.6715322184E-02
  5.9132676725E-07  1.5762867474E-02
  5.9231413090E-07  1.4905657407E-02
  5.9320275817E-07  1.4134270518E-02
  5.9400252273E-07  1.3439317340E-02
  5.9472231082E-07  1.2814293756E-02
  5.9537012011E-07  1.2251718465E-02
  5.9595314847E-07  1.1744407933E-02
  5.9647787399E-07  1.1289785572E-02
  5.9695012696E-07  1.0878844668E-02
  5.9737515463E-07  1.0507200721E-02
  5.9775767954E-07  1.0181750604E-02
  5.9810195195E-07  9.8747727852E-03
  5.9841179712E-07  9.5945872344E-03
  5.9869065778E-07  9.4083644741E-03
  5.9894163237E-07  9.1342543691E-03
  5.9916750950E-07  8.7980522611E-03
  5.9937079892E-07  9.0947880923E-03
  5.9955375940E-07  8.7632731940E-03
  5.9971842383E-07  6.9605109069E-03
  5.9986662181E-07  1.0703287860E-02
  6.0000000000E-07  6.3147144176E-03
 BLOCKEND
 $ X-AXIS = DISTANCE      Y-AXIS = W(C)
 BLOCK X=C1; Y=C2;       GOC=C3,WAD;
  0.0000000000E+00  1.1459597050E-01 M
  1.5030010092E-08  1.1451374076E-01
  3.0060020184E-08  1.1426717390E-01
  4.5090030276E-08  1.1385663785E-01
  6.0120040369E-08  1.1328273964E-01
  8.7174058535E-08  1.1184099792E-01
  1.1422807670E-07  1.0987993426E-01
  1.3857669305E-07  1.0767857454E-01
  1.6292530940E-07  1.0507243081E-01
  1.8483906411E-07  1.0238897951E-01
  2.0675281883E-07  9.9393996353E-02
  2.2647519807E-07  9.6439880151E-02
  2.4619757731E-07  9.3248537753E-02
  2.6394771863E-07  9.0180202194E-02
  2.8169785995E-07  8.6932558994E-02
  2.9767298714E-07  8.3861823128E-02
  3.1364811432E-07  8.0656276187E-02
  3.2802572879E-07  7.7660468152E-02
  3.4240334326E-07  7.4563832056E-02
  3.6828304930E-07  6.8749705020E-02
  3.9157478474E-07  6.3270998420E-02
  4.1253734664E-07  5.8157456734E-02
  4.3140365234E-07  5.3420309004E-02
  4.4838332748E-07  4.9057025641E-02
  4.6366503510E-07  4.5056099165E-02
  4.7741857196E-07  4.1400999127E-02
  4.8979675513E-07  3.8071497527E-02
  5.0093711998E-07  3.5045224341E-02
  5.1096344835E-07  3.2299864451E-02
  5.1998714389E-07  2.9813280347E-02
  5.2810846987E-07  2.7563439083E-02
  5.3541766325E-07  2.5529830950E-02
  5.4199593729E-07  2.3693460549E-02
  5.4791638393E-07  2.2035975382E-02
  5.5324478591E-07  2.0540610296E-02
  5.5804034769E-07  1.9192463241E-02
  5.6235635329E-07  1.7977286993E-02
  5.6624075833E-07  1.6882019166E-02
  5.6973672286E-07  1.5895433201E-02
  5.7288309094E-07  1.5006863021E-02
  5.7571482222E-07  1.4206340195E-02
  5.7826338037E-07  1.3485576904E-02
  5.8055708270E-07  1.2836754943E-02
  5.8262141480E-07  1.2252320889E-02
  5.8447931369E-07  1.1726244176E-02
  5.8615142269E-07  1.1252864073E-02
  5.8765632079E-07  1.0826429159E-02
  5.8901072908E-07  1.0442650775E-02
  5.9022969654E-07  1.0097438456E-02
  5.9132676725E-07  9.7863249240E-03
  5.9231413090E-07  9.5064826896E-03
  5.9320275817E-07  9.2548487587E-03
  5.9400252273E-07  9.0277655821E-03
  5.9472231082E-07  8.8238957283E-03
  5.9537012011E-07  8.6404126849E-03
  5.9595314847E-07  8.4743261564E-03
  5.9647787399E-07  8.3268376626E-03
  5.9695012696E-07  8.1923413231E-03
  5.9737515463E-07  8.0695155702E-03
  5.9775767954E-07  7.9680196469E-03
  5.9810195195E-07  7.8626049410E-03
  5.9841179712E-07  7.7638493664E-03
  5.9869065778E-07  7.7408766995E-03
  5.9894163237E-07  7.6138795310E-03
  5.9916750950E-07  7.4093532904E-03
  5.9937079892E-07  7.8272741830E-03
  5.9955375940E-07  7.5953878167E-03
  5.9971842383E-07  5.9163414147E-03
  5.9986662181E-07  9.6481319279E-03
  6.0000000000E-07  5.6518597117E-03
 BLOCKEND
 $ X-AXIS = DISTANCE      Y-AXIS = W(C)
 BLOCK X=C1; Y=C2;       GOC=C3,WAD;
  0.0000000000E+00  1.6183501887E-03 M
  1.5030010092E-08  1.6182738074E-03
  3.0060020184E-08  1.6180453683E-03
  4.5090030276E-08  1.6176670138E-03
  6.0120040369E-08  1.6171423079E-03
  8.7174058535E-08  1.6158440584E-03
  1.1422807670E-07  1.6141108399E-03
  1.3857669305E-07  1.6121784124E-03
  1.6292530940E-07  1.6098594842E-03
  1.8483906411E-07  1.6073976681E-03
  2.0675281883E-07  1.6045548064E-03
  2.2647519807E-07  1.6016843740E-03
  2.4619757731E-07  1.5985580903E-03
  2.6394771863E-07  1.5955477335E-03
  2.8169785995E-07  1.5923278419E-03
  2.9767298714E-07  1.5891974366E-03
  3.1364811432E-07  1.5858059176E-03
  3.2802572879E-07  1.5825438150E-03
  3.4240334326E-07  1.5791405604E-03
  3.6828304930E-07  1.5727222722E-03
  3.9157478474E-07  1.5663519821E-03
  4.1253734664E-07  1.5599508829E-03
  4.3140365234E-07  1.5538795465E-03
  4.4838332748E-07  1.5479802673E-03
  4.6366503510E-07  1.5419766161E-03
  4.7741857196E-07  1.5362126093E-03
  4.8979675513E-07  1.5307224394E-03
  5.0093711998E-07  1.5251389927E-03
  5.1096344835E-07  1.5197158951E-03
  5.1998714389E-07  1.5146854714E-03
  5.2810846987E-07  1.5096727912E-03
  5.3541766325E-07  1.5047707105E-03
  5.4199593729E-07  1.5003454262E-03
  5.4791638393E-07  1.4960776438E-03
  5.5324478591E-07  1.4918723676E-03
  5.5804034769E-07  1.4881525762E-03
  5.6235635329E-07  1.4847026329E-03
  5.6624075833E-07  1.4812616149E-03
  5.6973672286E-07  1.4782498145E-03
  5.7288309094E-07  1.4755764330E-03
  5.7571482222E-07  1.4728583209E-03
  5.7826338037E-07  1.4704833790E-03
  5.8055708270E-07  1.4684776089E-03
  5.8262141480E-07  1.4663734879E-03
  5.8447931369E-07  1.4645370919E-03
  5.8615142269E-07  1.4630786100E-03
  5.8765632079E-07  1.4614503274E-03
  5.8901072908E-07  1.4600548448E-03
  5.9022969654E-07  1.4590291774E-03
  5.9132676725E-07  1.4577142650E-03
  5.9231413090E-07  1.4567137036E-03
  5.9320275817E-07  1.4560542980E-03
  5.9400252273E-07  1.4548602696E-03
  5.9472231082E-07  1.4543002411E-03
  5.9537012011E-07  1.4538029103E-03
  5.9595314847E-07  1.4524079940E-03
  5.9647787399E-07  1.4531470070E-03
  5.9695012696E-07  1.4520573818E-03
  5.9737515463E-07  1.4492977613E-03
  5.9775767954E-07  1.4558720003E-03
  5.9810195195E-07  1.4477002372E-03
  5.9841179712E-07  1.4365106755E-03
  5.9869065778E-07  1.4921974115E-03
  5.9894163237E-07  1.4366747838E-03
  5.9916750950E-07  1.2935179101E-03
  5.9937079892E-07  1.7783975046E-03
  5.9955375940E-07  1.5529566668E-03
  5.9971842383E-07  1.5529631570E-04
  5.9986662181E-07  3.2431515703E-03
  6.0000000000E-07  1.2444180848E-03
 BLOCKEND
 $ X-AXIS = DISTANCE      Y-AXIS = W(C)
 BLOCK X=C1; Y=C2;       GOC=C3,WAD;
  0.0000000000E+00  1.4366231512E-03 M
  1.5030010092E-08  1.4363869866E-03
  3.0060020184E-08  1.4356790198E-03
  4.5090030276E-08  1.4345008607E-03
  6.0120040369E-08  1.4328551889E-03
  8.7174058535E-08  1.4287256177E-03
  1.1422807670E-07  1.4231061356E-03
  1.3857669305E-07  1.4167630289E-03
  1.6292530940E-07  1.4091557551E-03
  1.8483906411E-07  1.4011718873E-03
  2.0675281883E-07  1.3920715915E-03
  2.2647519807E-07  1.3829288951E-03
  2.4619757731E-07  1.3729114128E-03
  2.6394771863E-07  1.3631592548E-03
  2.8169785995E-07  1.3526758506E-03
  2.9767298714E-07  1.3425533245E-03
  3.1364811432E-07  1.3317299338E-03
  3.2802572879E-07  1.3213957002E-03
  3.4240334326E-07  1.3105498073E-03
  3.6828304930E-07  1.2897774037E-03
  3.9157478474E-07  1.2694039442E-03
  4.1253734664E-07  1.2494907372E-03
  4.3140365234E-07  1.2304975591E-03
  4.4838332748E-07  1.2123332670E-03
  4.6366503510E-07  1.1947616629E-03
  4.7741857196E-07  1.1781459929E-03
  4.8979675513E-07  1.1625234962E-03
  5.0093711998E-07  1.1475176768E-03
  5.1096344835E-07  1.1333633455E-03
  5.1998714389E-07  1.1202672223E-03
  5.2810846987E-07  1.1078240599E-03
  5.3541766325E-07  1.0960932749E-03
  5.4199593729E-07  1.0854058349E-03
  5.4791638393E-07  1.0754064580E-03
  5.5324478591E-07  1.0659641764E-03
  5.5804034769E-07  1.0574666212E-03
  5.6235635329E-07  1.0496638587E-03
  5.6624075833E-07  1.0422620402E-03
  5.6973672286E-07  1.0356501400E-03
  5.7288309094E-07  1.0297077531E-03
  5.7571482222E-07  1.0240239111E-03
  5.7826338037E-07  1.0189605455E-03
  5.8055708270E-07  1.0145194863E-03
  5.8262141480E-07  1.0102107876E-03
  5.8447931369E-07  1.0063798447E-03
  5.8615142269E-07  1.0031177888E-03
  5.8765632079E-07  9.9985936798E-04
  5.8901072908E-07  9.9699114590E-04
  5.9022969654E-07  9.9463545565E-04
  5.9132676725E-07  9.9211979316E-04
  5.9231413090E-07  9.9003554908E-04
  5.9320275817E-07  9.8839839071E-04
  5.9400252273E-07  9.8632236852E-04
  5.9472231082E-07  9.8496695480E-04
  5.9537012011E-07  9.8375246700E-04
  5.9595314847E-07  9.8171100287E-04
  5.9647787399E-07  9.8186734947E-04
  5.9695012696E-07  9.8025255643E-04
  5.9737515463E-07  9.7701958264E-04
  5.9775767954E-07  9.8316796815E-04
  5.9810195195E-07  9.7461111301E-04
  5.9841179712E-07  9.6307760554E-04
  5.9869065778E-07  1.0184453223E-03
  5.9894163237E-07  9.6267846307E-04
  5.9916750950E-07  8.1910865803E-04
  5.9937079892E-07  1.3044063286E-03
  5.9955375940E-07  1.0460969495E-03
  5.9971842383E-07  6.5503280910E-09
  5.9986662181E-07  2.4938607567E-03
  6.0000000000E-07  9.9737313249E-04
 BLOCKEND
