 PROLOGUE 1
 XSCALE        0.00000          0.200000E-06
 YSCALE       0.297436           3.54163    
 XTEXT DISTANCE
 YTEXT WEIGHT-PERCENT C
 XTYPE LINEAR
 YTYPE LINEAR
 XLENGTH        11.5000    
 YLENGTH        11.5000    
 TITLE   
 DATASET 1
 CLIP OFF
    0.00000    1.12000 NAM' TIME = 0,1E-04,.001,.01,.03,.1,.5,10,20
 1.05 1.05 MNA' CELL #   2
 CLIP ON
 $ X-AXIS = DISTANCE      Y-AXIS = W(C)
 BLOCK X=C1; Y=C2;       GOC=C3,WAD;
  0.0000000000E+00  3.0000000000E-01 M
  2.0040013456E-08  3.0000000000E-01
  3.8076025567E-08  3.0000000000E-01
  5.4308436466E-08  3.0000000000E-01
  6.8917606276E-08  3.0000000000E-01
  8.2065859105E-08  3.0000000000E-01
  9.3899286650E-08  3.0000000000E-01
  1.0454937144E-07  3.0000000000E-01
  1.1413444775E-07  3.0000000000E-01
  1.2276101643E-07  3.0000000000E-01
  1.3052492825E-07  3.0000000000E-01
  1.3751244888E-07  3.0000000000E-01
  1.4380121745E-07  3.0000000000E-01
  1.4946110916E-07  3.0000000000E-01
  1.5455501170E-07  3.0000000000E-01
  1.5913952399E-07  3.0000000000E-01
  1.6326558504E-07  3.0000000000E-01
  1.6697903999E-07  3.0000000000E-01
  1.7032114945E-07  3.0000000000E-01
  1.7332904796E-07  3.0000000000E-01
  1.7603615662E-07  3.0000000000E-01
  1.7847255442E-07  3.0000000000E-01
  1.8066531243E-07  3.0000000000E-01
  1.8263879464E-07  3.0000000000E-01
  1.8441492864E-07  3.0000000000E-01
  1.8601344923E-07  3.0000000000E-01
  1.8745211776E-07  3.0000000000E-01
  1.8874691944E-07  3.0000000000E-01
  1.8991224095E-07  3.0000000000E-01
  1.9096103031E-07  3.0000000000E-01
  1.9190494074E-07  3.0000000000E-01
  1.9275446012E-07  3.0000000000E-01
  1.9351902757E-07  3.0000000000E-01
  1.9420713827E-07  3.0000000000E-01
  1.9482643790E-07  3.0000000000E-01
  1.9538380756E-07  3.0000000000E-01
  1.9588544026E-07  3.0000000000E-01
  1.9633690969E-07  3.0000000000E-01
  1.9674323218E-07  3.0000000000E-01
  1.9710892242E-07  3.0000000000E-01
  1.9743804363E-07  3.0000000000E-01
  1.9773425272E-07  3.0000000000E-01
  1.9800084091E-07  3.0000000000E-01
  1.9824077027E-07  3.0000000000E-01
  1.9845670670E-07  3.0000000000E-01
  1.9865104949E-07  3.0000000000E-01
  1.9882595800E-07  3.0000000000E-01
  1.9898337565E-07  3.0000000000E-01
  1.9912505154E-07  3.0000000000E-01
  1.9925255985E-07  3.0000000000E-01
  1.9936731732E-07  3.0000000000E-01
  1.9947059904E-07  3.0000000000E-01
  1.9956355259E-07  3.0000000000E-01
  1.9964721079E-07  3.0000000000E-01
  1.9972250317E-07  3.0000000000E-01
  1.9979026631E-07  3.0000000000E-01
  1.9985125313E-07  3.0000000000E-01
  1.9990614128E-07  3.0000000000E-01
  1.9995554060E-07  3.0000000000E-01
  2.0000000000E-07  3.0000000000E-01
 BLOCKEND
 $ X-AXIS = DISTANCE      Y-AXIS = W(C)
 BLOCK X=C1; Y=C2;       GOC=C3,WAD;
  0.0000000000E+00  3.0000000000E-01 M
  5.0100033641E-09  3.0000000000E-01
  1.0020006728E-08  3.0000000000E-01
  1.5030010092E-08  3.0000000000E-01
  2.0040013456E-08  3.0000000000E-01
  2.9058019512E-08  3.0000000000E-01
  3.8076025567E-08  3.0000000000E-01
  4.6192231017E-08  3.0000000000E-01
  5.4308436466E-08  3.0000000000E-01
  6.1613021371E-08  3.0000000000E-01
  6.8917606276E-08  3.0000000000E-01
  7.5491732690E-08  3.0000000000E-01
  8.2065859105E-08  3.0000000000E-01
  8.7982572877E-08  3.0000000000E-01
  9.3899286650E-08  3.0000000000E-01
  9.9224329046E-08  3.0000000000E-01
  1.0454937144E-07  3.0000000000E-01
  1.0934190960E-07  3.0000000000E-01
  1.1413444775E-07  3.0000000000E-01
  1.2276101643E-07  3.0000000000E-01
  1.3052492825E-07  3.0000000000E-01
  1.3751244888E-07  3.0000000000E-01
  1.4380121745E-07  3.0000000000E-01
  1.4946110916E-07  3.0000000000E-01
  1.5455501170E-07  3.0000000000E-01
  1.5913952399E-07  3.0000000000E-01
  1.6326558504E-07  3.0000000000E-01
  1.6697903999E-07  3.0000000000E-01
  1.7032114945E-07  3.0000000000E-01
  1.7332904796E-07  3.0000000000E-01
  1.7603615662E-07  3.0000000000E-01
  1.7847255442E-07  3.0000000000E-01
  1.8066531243E-07  3.0000000000E-01
  1.8263879464E-07  3.0000000000E-01
  1.8441492864E-07  3.0000000000E-01
  1.8601344923E-07  3.0000000000E-01
  1.8745211776E-07  3.0000000000E-01
  1.8874691944E-07  3.0000000000E-01
  1.8991224095E-07  3.0000000000E-01
  1.9096103031E-07  3.0000000000E-01
  1.9190494074E-07  3.0000000000E-01
  1.9275446012E-07  3.0000000000E-01
  1.9351902757E-07  3.0000000000E-01
  1.9420713827E-07  3.0000000001E-01
  1.9482643790E-07  2.9999999997E-01
  1.9538380756E-07  3.0000000014E-01
  1.9588544026E-07  2.9999999946E-01
  1.9633690969E-07  3.0000000213E-01
  1.9674323218E-07  2.9999999166E-01
  1.9710892242E-07  3.0000003256E-01
  1.9743804363E-07  2.9999987352E-01
  1.9773425272E-07  3.0000048775E-01
  1.9800084091E-07  2.9999812720E-01
  1.9824077027E-07  3.0000733457E-01
  1.9845670670E-07  2.9996755080E-01
  1.9865104949E-07  3.0020893839E-01
  1.9882595800E-07  2.9743566888E-01
  1.9898337565E-07  6.7388167759E-01
  1.9912505154E-07  1.4062564016E+00
  1.9925255985E-07  1.8718917988E+00
  1.9936731732E-07  2.1614679701E+00
  1.9947059904E-07  2.3594711319E+00
  1.9956355259E-07  2.4904912037E+00
  1.9964721079E-07  2.5873089723E+00
  1.9972250317E-07  2.6664883696E+00
  1.9979026631E-07  2.7278393409E+00
  1.9985125313E-07  2.7637558480E+00
  1.9990614128E-07  2.8547335778E+00
  1.9995554060E-07  2.6708578887E+00
  2.0000000000E-07  3.5282644088E+00
 BLOCKEND
 $ X-AXIS = DISTANCE      Y-AXIS = W(C)
 BLOCK X=C1; Y=C2;       GOC=C3,WAD;
  0.0000000000E+00  3.0000000000E-01 M
  5.0100033641E-09  3.0000000000E-01
  1.0020006728E-08  3.0000000000E-01
  1.5030010092E-08  3.0000000000E-01
  2.0040013456E-08  3.0000000000E-01
  2.9058019512E-08  3.0000000000E-01
  3.8076025567E-08  3.0000000000E-01
  4.6192231017E-08  3.0000000000E-01
  5.4308436466E-08  3.0000000000E-01
  6.1613021371E-08  3.0000000000E-01
  6.8917606276E-08  3.0000000000E-01
  7.5491732690E-08  3.0000000000E-01
  8.2065859105E-08  3.0000000000E-01
  8.7982572877E-08  3.0000000000E-01
  9.3899286650E-08  3.0000000000E-01
  9.9224329046E-08  3.0000000000E-01
  1.0454937144E-07  3.0000000000E-01
  1.0934190960E-07  3.0000000000E-01
  1.1413444775E-07  3.0000000000E-01
  1.2276101643E-07  3.0000000000E-01
  1.3052492825E-07  3.0000000000E-01
  1.3751244888E-07  3.0000000000E-01
  1.4380121745E-07  3.0000000000E-01
  1.4946110916E-07  3.0000000000E-01
  1.5455501170E-07  3.0000000000E-01
  1.5913952399E-07  3.0000000000E-01
  1.6326558504E-07  3.0000000000E-01
  1.6697903999E-07  3.0000000000E-01
  1.7032114945E-07  3.0000000000E-01
  1.7332904796E-07  3.0000000000E-01
  1.7603615662E-07  3.0000000000E-01
  1.7847255442E-07  3.0000000000E-01
  1.8066531243E-07  3.0000000000E-01
  1.8263879464E-07  3.0000000000E-01
  1.8441492864E-07  2.9999999999E-01
  1.8601344923E-07  3.0000000004E-01
  1.8745211776E-07  2.9999999983E-01
  1.8874691944E-07  3.0000000081E-01
  1.8991224095E-07  2.9999999598E-01
  1.9096103031E-07  3.0000002098E-01
  1.9190494074E-07  2.9999988328E-01
  1.9275446012E-07  3.0000070364E-01
  1.9351902757E-07  2.9999530497E-01
  1.9420713827E-07  3.0003567351E-01
  1.9482643790E-07  2.9967632041E-01
  1.9538380756E-07  3.0462798052E-01
  1.9588544026E-07  3.7535880410E-01
  1.9633690969E-07  5.1180643068E-01
  1.9674323218E-07  6.3879791650E-01
  1.9710892242E-07  9.6785270655E-01
  1.9743804363E-07  1.5108981697E+00
  1.9773425272E-07  1.9170416368E+00
  1.9800084091E-07  2.1335553921E+00
  1.9824077027E-07  2.2874631942E+00
  1.9845670670E-07  2.4057223035E+00
  1.9865104949E-07  2.4835478951E+00
  1.9882595800E-07  2.5566506465E+00
  1.9898337565E-07  2.6094097466E+00
  1.9912505154E-07  2.6548888121E+00
  1.9925255985E-07  2.6946977933E+00
  1.9936731732E-07  2.7249770395E+00
  1.9947059904E-07  2.7545660875E+00
  1.9956355259E-07  2.7774460529E+00
  1.9964721079E-07  2.7973451511E+00
  1.9972250317E-07  2.8173058002E+00
  1.9979026631E-07  2.8341176176E+00
  1.9985125313E-07  2.8344094172E+00
  1.9990614128E-07  2.8954085632E+00
  1.9995554060E-07  2.6900805316E+00
  2.0000000000E-07  3.5376328606E+00
 BLOCKEND
 $ X-AXIS = DISTANCE      Y-AXIS = W(C)
 BLOCK X=C1; Y=C2;       GOC=C3,WAD;
  0.0000000000E+00  3.0000000000E-01 M
  5.0100033641E-09  3.0000000000E-01
  1.0020006728E-08  3.0000000000E-01
  1.5030010092E-08  3.0000000000E-01
  2.0040013456E-08  3.0000000000E-01
  2.9058019512E-08  3.0000000000E-01
  3.8076025567E-08  3.0000000000E-01
  4.6192231017E-08  3.0000000000E-01
  5.4308436466E-08  3.0000000000E-01
  6.1613021371E-08  3.0000000000E-01
  6.8917606276E-08  3.0000000000E-01
  7.5491732690E-08  3.0000000000E-01
  8.2065859105E-08  3.0000000000E-01
  8.7982572877E-08  3.0000000000E-01
  9.3899286650E-08  3.0000000000E-01
  9.9224329046E-08  3.0000000000E-01
  1.0454937144E-07  3.0000000000E-01
  1.0934190960E-07  3.0000000000E-01
  1.1413444775E-07  3.0000000000E-01
  1.2276101643E-07  3.0000000000E-01
  1.3052492825E-07  3.0000000000E-01
  1.3751244888E-07  3.0000000000E-01
  1.4380121745E-07  3.0000000000E-01
  1.4946110916E-07  3.0000000000E-01
  1.5455501170E-07  3.0000000000E-01
  1.5913952399E-07  2.9999999999E-01
  1.6326558504E-07  3.0000000004E-01
  1.6697903999E-07  2.9999999983E-01
  1.7032114945E-07  3.0000000086E-01
  1.7332904796E-07  2.9999999550E-01
  1.7603615662E-07  3.0000002521E-01
  1.7847255442E-07  2.9999984658E-01
  1.8066531243E-07  3.0000103678E-01
  1.8263879464E-07  2.9999197783E-01
  1.8441492864E-07  3.0007435979E-01
  1.8601344923E-07  2.9907712844E-01
  1.8745211776E-07  3.4277477694E-01
  1.8874691944E-07  5.7042382239E-01
  1.8991224095E-07  8.8082022043E-01
  1.9096103031E-07  1.1208899094E+00
  1.9190494074E-07  1.4151269029E+00
  1.9275446012E-07  1.7823740749E+00
  1.9351902757E-07  2.0626945269E+00
  1.9420713827E-07  2.2228109380E+00
  1.9482643790E-07  2.3338082338E+00
  1.9538380756E-07  2.4308640316E+00
  1.9588544026E-07  2.4976855378E+00
  1.9633690969E-07  2.5496538063E+00
  1.9674323218E-07  2.6018176897E+00
  1.9710892242E-07  2.6382076437E+00
  1.9743804363E-07  2.6685309777E+00
  1.9773425272E-07  2.7013210313E+00
  1.9800084091E-07  2.7220628648E+00
  1.9824077027E-07  2.7428899450E+00
  1.9845670670E-07  2.7640623561E+00
  1.9865104949E-07  2.7758136988E+00
  1.9882595800E-07  2.7929863341E+00
  1.9898337565E-07  2.8036409464E+00
  1.9912505154E-07  2.8143313506E+00
  1.9925255985E-07  2.8250520025E+00
  1.9936731732E-07  2.8317543732E+00
  1.9947059904E-07  2.8408093409E+00
  1.9956355259E-07  2.8465982532E+00
  1.9964721079E-07  2.8518534490E+00
  1.9972250317E-07  2.8588871932E+00
  1.9979026631E-07  2.8648273841E+00
  1.9985125313E-07  2.8556231901E+00
  1.9990614128E-07  2.9080932977E+00
  1.9995554060E-07  2.6962433252E+00
  2.0000000000E-07  3.5407631277E+00
 BLOCKEND
 $ X-AXIS = DISTANCE      Y-AXIS = W(C)
 BLOCK X=C1; Y=C2;       GOC=C3,WAD;
  0.0000000000E+00  3.0000000000E-01 M
  5.0100033641E-09  3.0000000000E-01
  1.0020006728E-08  3.0000000000E-01
  1.5030010092E-08  3.0000000000E-01
  2.0040013456E-08  3.0000000000E-01
  2.9058019512E-08  3.0000000000E-01
  3.8076025567E-08  3.0000000000E-01
  4.6192231017E-08  3.0000000000E-01
  5.4308436466E-08  3.0000000000E-01
  6.1613021371E-08  3.0000000000E-01
  6.8917606276E-08  3.0000000000E-01
  7.5491732690E-08  3.0000000000E-01
  8.2065859105E-08  3.0000000000E-01
  8.7982572877E-08  3.0000000000E-01
  9.3899286650E-08  3.0000000000E-01
  9.9224329046E-08  3.0000000000E-01
  1.0454937144E-07  3.0000000000E-01
  1.0934190960E-07  3.0000000000E-01
  1.1413444775E-07  3.0000000000E-01
  1.2276101643E-07  3.0000000001E-01
  1.3052492825E-07  2.9999999997E-01
  1.3751244888E-07  3.0000000015E-01
  1.4380121745E-07  2.9999999925E-01
  1.4946110916E-07  3.0000000397E-01
  1.5455501170E-07  2.9999997741E-01
  1.5913952399E-07  3.0000014069E-01
  1.6326558504E-07  2.9999901517E-01
  1.6697903999E-07  3.0000803658E-01
  1.7032114945E-07  2.9991896864E-01
  1.7332904796E-07  3.0129396345E-01
  1.7603615662E-07  3.3143932737E-01
  1.7847255442E-07  4.1023475003E-01
  1.8066531243E-07  4.8781461864E-01
  1.8263879464E-07  6.4992059344E-01
  1.8441492864E-07  1.0986141397E+00
  1.8601344923E-07  1.6058441687E+00
  1.8745211776E-07  1.9360548811E+00
  1.8874691944E-07  2.1172304971E+00
  1.8991224095E-07  2.2523810895E+00
  1.9096103031E-07  2.3640996139E+00
  1.9190494074E-07  2.4383799898E+00
  1.9275446012E-07  2.4991142691E+00
  1.9351902757E-07  2.5579395424E+00
  1.9420713827E-07  2.5989859037E+00
  1.9482643790E-07  2.6324877872E+00
  1.9538380756E-07  2.6688722644E+00
  1.9588544026E-07  2.6940354737E+00
  1.9633690969E-07  2.7142606087E+00
  1.9674323218E-07  2.7388001469E+00
  1.9710892242E-07  2.7544634216E+00
  1.9743804363E-07  2.7677556777E+00
  1.9773425272E-07  2.7852526630E+00
  1.9800084091E-07  2.7941837507E+00
  1.9824077027E-07  2.8046098578E+00
  1.9845670670E-07  2.8165943713E+00
  1.9865104949E-07  2.8210410815E+00
  1.9882595800E-07  2.8313647700E+00
  1.9898337565E-07  2.8363718521E+00
  1.9912505154E-07  2.8420573948E+00
  1.9925255985E-07  2.8483420758E+00
  1.9936731732E-07  2.8512618989E+00
  1.9947059904E-07  2.8568831160E+00
  1.9956355259E-07  2.8597055770E+00
  1.9964721079E-07  2.8623371212E+00
  1.9972250317E-07  2.8669910214E+00
  1.9979026631E-07  2.8708778836E+00
  1.9985125313E-07  2.8598446042E+00
  1.9990614128E-07  2.9106334196E+00
  1.9995554060E-07  2.6974978740E+00
  2.0000000000E-07  3.5414042386E+00
 BLOCKEND
 $ X-AXIS = DISTANCE      Y-AXIS = W(C)
 BLOCK X=C1; Y=C2;       GOC=C3,WAD;
  0.0000000000E+00  3.0000000000E-01 M
  5.0100033641E-09  3.0000000000E-01
  1.0020006728E-08  3.0000000000E-01
  1.5030010092E-08  3.0000000000E-01
  2.0040013456E-08  3.0000000000E-01
  2.9058019512E-08  3.0000000000E-01
  3.8076025567E-08  3.0000000000E-01
  4.6192231017E-08  3.0000000000E-01
  5.4308436466E-08  3.0000000000E-01
  6.1613021371E-08  3.0000000000E-01
  6.8917606276E-08  3.0000000000E-01
  7.5491732690E-08  3.0000000000E-01
  8.2065859105E-08  3.0000000000E-01
  8.7982572877E-08  3.0000000000E-01
  9.3899286650E-08  3.0000000000E-01
  9.9224329046E-08  3.0000000000E-01
  1.0454937144E-07  3.0000000002E-01
  1.0934190960E-07  2.9999999981E-01
  1.1413444775E-07  3.0000000186E-01
  1.2276101643E-07  2.9999999227E-01
  1.3052492825E-07  3.0000004163E-01
  1.3751244888E-07  2.9999975553E-01
  1.4380121745E-07  3.0000158645E-01
  1.4946110916E-07  2.9998829007E-01
  1.5455501170E-07  3.0010252369E-01
  1.5913952399E-07  2.9884880082E-01
  1.6326558504E-07  3.2615323107E-01
  1.6697903999E-07  5.9741062187E-01
  1.7032114945E-07  1.1213713475E+00
  1.7332904796E-07  1.5616193819E+00
  1.7603615662E-07  1.8303523138E+00
  1.7847255442E-07  2.0294337620E+00
  1.8066531243E-07  2.2020144600E+00
  1.8263879464E-07  2.3248834317E+00
  1.8441492864E-07  2.4037614846E+00
  1.8601344923E-07  2.4745583750E+00
  1.8745211776E-07  2.5362112402E+00
  1.8874691944E-07  2.5772859694E+00
  1.8991224095E-07  2.6152418800E+00
  1.9096103031E-07  2.6533123908E+00
  1.9190494074E-07  2.6782931947E+00
  1.9275446012E-07  2.7004518395E+00
  1.9351902757E-07  2.7260484534E+00
  1.9420713827E-07  2.7423936868E+00
  1.9482643790E-07  2.7557853682E+00
  1.9538380756E-07  2.7739271797E+00
  1.9588544026E-07  2.7848407784E+00
  1.9633690969E-07  2.7931721151E+00
  1.9674323218E-07  2.8066648879E+00
  1.9710892242E-07  2.8135111942E+00
  1.9743804363E-07  2.8192060182E+00
  1.9773425272E-07  2.8296190024E+00
  1.9800084091E-07  2.8328744918E+00
  1.9824077027E-07  2.8381580322E+00
  1.9845670670E-07  2.8454854545E+00
  1.9865104949E-07  2.8461401820E+00
  1.9882595800E-07  2.8528473374E+00
  1.9898337565E-07  2.8548172996E+00
  1.9912505154E-07  2.8577715812E+00
  1.9925255985E-07  2.8616027243E+00
  1.9936731732E-07  2.8624032559E+00
  1.9947059904E-07  2.8660827852E+00
  1.9956355259E-07  2.8672111624E+00
  1.9964721079E-07  2.8683319561E+00
  1.9972250317E-07  2.8716106484E+00
  1.9979026631E-07  2.8742940902E+00
  1.9985125313E-07  2.8621946513E+00
  1.9990614128E-07  2.9119636742E+00
  1.9995554060E-07  2.6981257861E+00
  2.0000000000E-07  3.5416312711E+00
 BLOCKEND
 $ X-AXIS = DISTANCE      Y-AXIS = W(C)
 BLOCK X=C1; Y=C2;       GOC=C3,WAD;
  0.0000000000E+00  3.0000000000E-01 M
  5.0100033641E-09  3.0000000000E-01
  1.0020006728E-08  3.0000000000E-01
  1.5030010092E-08  3.0000000000E-01
  2.0040013456E-08  3.0000000000E-01
  2.9058019512E-08  3.0000000000E-01
  3.8076025567E-08  3.0000000000E-01
  4.6192231017E-08  3.0000000000E-01
  5.4308436466E-08  3.0000000000E-01
  6.1613021371E-08  3.0000000000E-01
  6.8917606276E-08  3.0000000000E-01
  7.5491732690E-08  3.0000000000E-01
  8.2065859105E-08  2.9999999906E-01
  8.7982572877E-08  2.9999997294E-01
  9.3899286650E-08  2.9999932908E-01
  9.9224329046E-08  2.9999216220E-01
  1.0454937144E-07  2.9993234600E-01
  1.0934190960E-07  2.9975605141E-01
  1.1413444775E-07  3.0202985817E-01
  1.2276101643E-07  4.6359105957E-01
  1.3052492825E-07  8.3241774012E-01
  1.3751244888E-07  1.2168841871E+00
  1.4380121745E-07  1.6035183108E+00
  1.4946110916E-07  1.8947458004E+00
  1.5455501170E-07  2.0650200046E+00
  1.5913952399E-07  2.1870695890E+00
  1.6326558504E-07  2.2904638085E+00
  1.6697903999E-07  2.3594016635E+00
  1.7032114945E-07  2.4110527602E+00
  1.7332904796E-07  2.4648208341E+00
  1.7603615662E-07  2.5049508486E+00
  1.7847255442E-07  2.5316727873E+00
  1.8066531243E-07  2.5632854821E+00
  1.8263879464E-07  2.5904581471E+00
  1.8441492864E-07  2.6055671283E+00
  1.8601344923E-07  2.6246106308E+00
  1.8745211776E-07  2.6445826068E+00
  1.8874691944E-07  2.6538661873E+00
  1.8991224095E-07  2.6650449616E+00
  1.9096103031E-07  2.6803522913E+00
  1.9190494074E-07  2.6865944506E+00
  1.9275446012E-07  2.6927295191E+00
  1.9351902757E-07  2.7047214072E+00
  1.9420713827E-07  2.7091722211E+00
  1.9482643790E-07  2.7121628500E+00
  1.9538380756E-07  2.7217940636E+00
  1.9588544026E-07  2.7248123642E+00
  1.9633690969E-07  2.7260492114E+00
  1.9674323218E-07  2.7340995977E+00
  1.9710892242E-07  2.7354569509E+00
  1.9743804363E-07  2.7362282274E+00
  1.9773425272E-07  2.7431453696E+00
  1.9800084091E-07  2.7423021468E+00
  1.9824077027E-07  2.7443532240E+00
  1.9845670670E-07  2.7492894138E+00
  1.9865104949E-07  2.7467095466E+00
  1.9882595800E-07  2.7517046485E+00
  1.9898337565E-07  2.7513602822E+00
  1.9912505154E-07  2.7524853927E+00
  1.9925255985E-07  2.7549283136E+00
  1.9936731732E-07  2.7539379309E+00
  1.9947059904E-07  2.7566404972E+00
  1.9956355259E-07  2.7564412123E+00
  1.9964721079E-07  2.7563317460E+00
  1.9972250317E-07  2.7592567852E+00
  1.9979026631E-07  2.7605938298E+00
  1.9985125313E-07  2.7478869911E+00
  1.9990614128E-07  2.7955623447E+00
  1.9995554060E-07  2.5864077308E+00
  2.0000000000E-07  3.4134431399E+00
 BLOCKEND
 $ X-AXIS = DISTANCE      Y-AXIS = W(C)
 BLOCK X=C1; Y=C2;       GOC=C3,WAD;
  0.0000000000E+00  8.4019537443E-01 M
  5.0100033641E-09  8.4308012071E-01
  1.0020006728E-08  8.5144697614E-01
  1.5030010092E-08  8.6464099563E-01
  2.0040013456E-08  8.8179167769E-01
  2.9058019512E-08  9.2051602372E-01
  3.8076025567E-08  9.6591163574E-01
  4.6192231017E-08  1.0079992211E+00
  5.4308436466E-08  1.0492517679E+00
  6.1613021371E-08  1.0853340717E+00
  6.8917606276E-08  1.1193502941E+00
  7.5491732690E-08  1.1481395122E+00
  8.2065859105E-08  1.1750621939E+00
  8.7982572877E-08  1.1978521801E+00
  9.3899286650E-08  1.2191402710E+00
  9.9224329046E-08  1.2370517701E+00
  1.0454937144E-07  1.2537386584E+00
  1.0934190960E-07  1.2680188677E+00
  1.1413444775E-07  1.2811431819E+00
  1.2276101643E-07  1.3027841311E+00
  1.3052492825E-07  1.3202224750E+00
  1.3751244888E-07  1.3358754566E+00
  1.4380121745E-07  1.3390725112E+00
  1.4946110916E-07  1.3653611570E+00
  1.5455501170E-07  1.3581442091E+00
  1.5913952399E-07  1.3533954601E+00
  1.6326558504E-07  1.3915020804E+00
  1.6697903999E-07  1.3817702221E+00
  1.7032114945E-07  1.3548936269E+00
  1.7332904796E-07  1.3951797398E+00
  1.7603615662E-07  1.4029682786E+00
  1.7847255442E-07  1.3611240814E+00
  1.8066531243E-07  1.3891355081E+00
  1.8263879464E-07  1.4147528609E+00
  1.8441492864E-07  1.3690206314E+00
  1.8601344923E-07  1.3788866168E+00
  1.8745211776E-07  1.4174476561E+00
  1.8874691944E-07  1.3767045868E+00
  1.8991224095E-07  1.3684660609E+00
  1.9096103031E-07  1.4138133631E+00
  1.9190494074E-07  1.3825834366E+00
  1.9275446012E-07  1.3602623707E+00
  1.9351902757E-07  1.4075782460E+00
  1.9420713827E-07  1.3854990679E+00
  1.9482643790E-07  1.3549387496E+00
  1.9538380756E-07  1.4022037177E+00
  1.9588544026E-07  1.3845203914E+00
  1.9633690969E-07  1.3523096612E+00
  1.9674323218E-07  1.4001259744E+00
  1.9710892242E-07  1.3782835425E+00
  1.9743804363E-07  1.3534550617E+00
  1.9773425272E-07  1.4014318664E+00
  1.9800084091E-07  1.3647601359E+00
  1.9824077027E-07  1.3637978160E+00
  1.9845670670E-07  1.3983817375E+00
  1.9865104949E-07  1.3487653439E+00
  1.9882595800E-07  1.3887745415E+00
  1.9898337565E-07  1.3687566001E+00
  1.9912505154E-07  1.3674110513E+00
  1.9925255985E-07  1.3828954083E+00
  1.9936731732E-07  1.3596111919E+00
  1.9947059904E-07  1.3805746235E+00
  1.9956355259E-07  1.3692807544E+00
  1.9964721079E-07  1.3571997422E+00
  1.9972250317E-07  1.3924871565E+00
  1.9979026631E-07  1.3668827558E+00
  1.9985125313E-07  1.3464438805E+00
  1.9990614128E-07  1.3672746493E+00
  1.9995554060E-07  1.2159353740E+00
  2.0000000000E-07  1.7832627357E+00
 BLOCKEND
 $ X-AXIS = DISTANCE      Y-AXIS = W(C)
 BLOCK X=C1; Y=C2;       GOC=C3,WAD;
  0.0000000000E+00  1.1276305717E+00 M
  5.0100033641E-09  1.1278968647E+00
  1.0020006728E-08  1.1286476081E+00
  1.5030010092E-08  1.1297890428E+00
  2.0040013456E-08  1.1312868128E+00
  2.9058019512E-08  1.1351226025E+00
  3.8076025567E-08  1.1404985769E+00
  4.6192231017E-08  1.1457870035E+00
  5.4308436466E-08  1.1514133870E+00
  6.1613021371E-08  1.1572046556E+00
  6.8917606276E-08  1.1631559472E+00
  7.5491732690E-08  1.1687030707E+00
  8.2065859105E-08  1.1743092037E+00
  8.7982572877E-08  1.1795104905E+00
  9.3899286650E-08  1.1846624213E+00
  9.9224329046E-08  1.1892271064E+00
  1.0454937144E-07  1.1936105929E+00
  1.0934190960E-07  1.1976862171E+00
  1.1413444775E-07  1.2013733638E+00
  1.2276101643E-07  1.2077897375E+00
  1.3052492825E-07  1.2132463304E+00
  1.3751244888E-07  1.2197962259E+00
  1.4380121745E-07  1.2135672870E+00
  1.4946110916E-07  1.2379559823E+00
  1.5455501170E-07  1.2222622613E+00
  1.5913952399E-07  1.2106640778E+00
  1.6326558504E-07  1.2545829101E+00
  1.6697903999E-07  1.2385101183E+00
  1.7032114945E-07  1.2008163291E+00
  1.7332904796E-07  1.2504262118E+00
  1.7603615662E-07  1.2585427324E+00
  1.7847255442E-07  1.2023846608E+00
  1.8066531243E-07  1.2376343664E+00
  1.8263879464E-07  1.2699720873E+00
  1.8441492864E-07  1.2091946740E+00
  1.8601344923E-07  1.2214620428E+00
  1.8745211776E-07  1.2713892133E+00
  1.8874691944E-07  1.2173478127E+00
  1.8991224095E-07  1.2060904128E+00
  1.9096103031E-07  1.2654012315E+00
  1.9190494074E-07  1.2239297806E+00
  1.9275446012E-07  1.1941189985E+00
  1.9351902757E-07  1.2563892049E+00
  1.9420713827E-07  1.2269930731E+00
  1.9482643790E-07  1.1862129268E+00
  1.9538380756E-07  1.2486959876E+00
  1.9588544026E-07  1.2250986865E+00
  1.9633690969E-07  1.1820629987E+00
  1.9674323218E-07  1.2454864624E+00
  1.9710892242E-07  1.2163238337E+00
  1.9743804363E-07  1.1830956587E+00
  1.9773425272E-07  1.2468871314E+00
  1.9800084091E-07  1.1978811744E+00
  1.9824077027E-07  1.1965228152E+00
  1.9845670670E-07  1.2425988379E+00
  1.9865104949E-07  1.1762135840E+00
  1.9882595800E-07  1.2296252498E+00
  1.9898337565E-07  1.2028167162E+00
  1.9912505154E-07  1.2009703945E+00
  1.9925255985E-07  1.2216421729E+00
  1.9936731732E-07  1.1904371149E+00
  1.9947059904E-07  1.2184484273E+00
  1.9956355259E-07  1.2033020637E+00
  1.9964721079E-07  1.1870249988E+00
  1.9972250317E-07  1.2343756224E+00
  1.9979026631E-07  1.1992095662E+00
  1.9985125313E-07  1.1750098665E+00
  1.9990614128E-07  1.1898222192E+00
  1.9995554060E-07  1.0399525065E+00
  2.0000000000E-07  1.5816119001E+00
 BLOCKEND
