 PROLOGUE 1
 XSCALE        0.00000          0.400000E-06
 YSCALE       0.278254           2.68941    
 XTEXT DISTANCE
 YTEXT WEIGHT-PERCENT C
 XTYPE LINEAR
 YTYPE LINEAR
 XLENGTH        11.5000    
 YLENGTH        11.5000    
 TITLE   
 DATASET 1
 CLIP OFF
    0.00000    1.12000 NAM' TIME = 0,.01,.1,.3,1,3,10,30
 1.05 1.05 MNA' CELL #   2
 CLIP ON
 $ X-AXIS = DISTANCE      Y-AXIS = W(C)
 BLOCK X=C1; Y=C2;       GOC=C3,WAD;
  0.0000000000E+00  3.0000000000E-01 M
  4.0404040404E-09  3.0000000000E-01
  8.0808080808E-09  3.0000000000E-01
  1.2121212121E-08  3.0000000000E-01
  1.6161616162E-08  3.0000000000E-01
  2.0202020202E-08  3.0000000000E-01
  2.4242424242E-08  3.0000000000E-01
  2.8282828283E-08  3.0000000000E-01
  3.2323232323E-08  3.0000000000E-01
  3.6363636364E-08  3.0000000000E-01
  4.0404040404E-08  3.0000000000E-01
  4.4444444444E-08  3.0000000000E-01
  4.8484848485E-08  3.0000000000E-01
  5.2525252525E-08  3.0000000000E-01
  5.6565656566E-08  3.0000000000E-01
  6.0606060606E-08  3.0000000000E-01
  6.4646464646E-08  3.0000000000E-01
  6.8686868687E-08  3.0000000000E-01
  7.2727272727E-08  3.0000000000E-01
  7.6767676768E-08  3.0000000000E-01
  8.0808080808E-08  3.0000000000E-01
  8.4848484848E-08  3.0000000000E-01
  8.8888888889E-08  3.0000000000E-01
  9.2929292929E-08  3.0000000000E-01
  9.6969696970E-08  3.0000000000E-01
  1.0101010101E-07  3.0000000000E-01
  1.0505050505E-07  3.0000000000E-01
  1.0909090909E-07  3.0000000000E-01
  1.1313131313E-07  3.0000000000E-01
  1.1717171717E-07  3.0000000000E-01
  1.2121212121E-07  3.0000000000E-01
  1.2525252525E-07  3.0000000000E-01
  1.2929292929E-07  3.0000000000E-01
  1.3333333333E-07  3.0000000000E-01
  1.3737373737E-07  3.0000000000E-01
  1.4141414141E-07  3.0000000000E-01
  1.4545454545E-07  3.0000000000E-01
  1.4949494949E-07  3.0000000000E-01
  1.5353535354E-07  3.0000000000E-01
  1.5757575758E-07  3.0000000000E-01
  1.6161616162E-07  3.0000000000E-01
  1.6565656566E-07  3.0000000000E-01
  1.6969696970E-07  3.0000000000E-01
  1.7373737374E-07  3.0000000000E-01
  1.7777777778E-07  3.0000000000E-01
  1.8181818182E-07  3.0000000000E-01
  1.8585858586E-07  3.0000000000E-01
  1.8989898990E-07  3.0000000000E-01
  1.9393939394E-07  3.0000000000E-01
  1.9797979798E-07  3.0000000000E-01
  2.0202020202E-07  3.0000000000E-01
  2.0606060606E-07  3.0000000000E-01
  2.1010101010E-07  3.0000000000E-01
  2.1414141414E-07  3.0000000000E-01
  2.1818181818E-07  3.0000000000E-01
  2.2222222222E-07  3.0000000000E-01
  2.2626262626E-07  3.0000000000E-01
  2.3030303030E-07  3.0000000000E-01
  2.3434343434E-07  3.0000000000E-01
  2.3838383838E-07  3.0000000000E-01
  2.4242424242E-07  3.0000000000E-01
  2.4646464646E-07  3.0000000000E-01
  2.5050505051E-07  3.0000000000E-01
  2.5454545455E-07  3.0000000000E-01
  2.5858585859E-07  3.0000000000E-01
  2.6262626263E-07  3.0000000000E-01
  2.6666666667E-07  3.0000000000E-01
  2.7070707071E-07  3.0000000000E-01
  2.7474747475E-07  3.0000000000E-01
  2.7878787879E-07  3.0000000000E-01
  2.8282828283E-07  3.0000000000E-01
  2.8686868687E-07  3.0000000000E-01
  2.9090909091E-07  3.0000000000E-01
  2.9494949495E-07  3.0000000000E-01
  2.9898989899E-07  3.0000000000E-01
  3.0303030303E-07  3.0000000000E-01
  3.0707070707E-07  3.0000000000E-01
  3.1111111111E-07  3.0000000000E-01
  3.1515151515E-07  3.0000000000E-01
  3.1919191919E-07  3.0000000000E-01
  3.2323232323E-07  3.0000000000E-01
  3.2727272727E-07  3.0000000000E-01
  3.3131313131E-07  3.0000000000E-01
  3.3535353535E-07  3.0000000000E-01
  3.3939393939E-07  3.0000000000E-01
  3.4343434343E-07  3.0000000000E-01
  3.4747474747E-07  3.0000000000E-01
  3.5151515152E-07  3.0000000000E-01
  3.5555555556E-07  3.0000000000E-01
  3.5959595960E-07  3.0000000000E-01
  3.6363636364E-07  3.0000000000E-01
  3.6767676768E-07  3.0000000000E-01
  3.7171717172E-07  3.0000000000E-01
  3.7575757576E-07  3.0000000000E-01
  3.7979797980E-07  3.0000000000E-01
  3.8383838384E-07  3.0000000000E-01
  3.8787878788E-07  3.0000000000E-01
  3.9191919192E-07  3.0000000000E-01
  3.9595959596E-07  3.0000000000E-01
  4.0000000000E-07  3.0000000000E-01
 BLOCKEND
 $ X-AXIS = DISTANCE      Y-AXIS = W(C)
 BLOCK X=C1; Y=C2;       GOC=C3,WAD;
  0.0000000000E+00  3.0000000000E-01 M
  4.0404040404E-09  3.0000000000E-01
  8.0808080808E-09  3.0000000000E-01
  1.2121212121E-08  3.0000000000E-01
  1.6161616162E-08  3.0000000000E-01
  2.0202020202E-08  3.0000000000E-01
  2.4242424242E-08  3.0000000000E-01
  2.8282828283E-08  3.0000000000E-01
  3.2323232323E-08  3.0000000000E-01
  3.6363636364E-08  3.0000000000E-01
  4.0404040404E-08  3.0000000000E-01
  4.4444444444E-08  3.0000000000E-01
  4.8484848485E-08  3.0000000000E-01
  5.2525252525E-08  3.0000000000E-01
  5.6565656566E-08  3.0000000000E-01
  6.0606060606E-08  3.0000000000E-01
  6.4646464646E-08  3.0000000000E-01
  6.8686868687E-08  3.0000000000E-01
  7.2727272727E-08  3.0000000000E-01
  7.6767676768E-08  3.0000000000E-01
  8.0808080808E-08  3.0000000000E-01
  8.4848484848E-08  3.0000000000E-01
  8.8888888889E-08  3.0000000000E-01
  9.2929292929E-08  3.0000000000E-01
  9.6969696970E-08  3.0000000000E-01
  1.0101010101E-07  3.0000000000E-01
  1.0505050505E-07  3.0000000000E-01
  1.0909090909E-07  3.0000000000E-01
  1.1313131313E-07  3.0000000000E-01
  1.1717171717E-07  3.0000000000E-01
  1.2121212121E-07  3.0000000000E-01
  1.2525252525E-07  3.0000000000E-01
  1.2929292929E-07  3.0000000000E-01
  1.3333333333E-07  3.0000000000E-01
  1.3737373737E-07  3.0000000000E-01
  1.4141414141E-07  3.0000000000E-01
  1.4545454545E-07  3.0000000000E-01
  1.4949494949E-07  3.0000000000E-01
  1.5353535354E-07  3.0000000000E-01
  1.5757575758E-07  3.0000000000E-01
  1.6161616162E-07  3.0000000000E-01
  1.6565656566E-07  3.0000000000E-01
  1.6969696970E-07  3.0000000000E-01
  1.7373737374E-07  3.0000000000E-01
  1.7777777778E-07  3.0000000000E-01
  1.8181818182E-07  3.0000000000E-01
  1.8585858586E-07  3.0000000000E-01
  1.8989898990E-07  3.0000000000E-01
  1.9393939394E-07  3.0000000000E-01
  1.9797979798E-07  3.0000000000E-01
  2.0202020202E-07  3.0000000000E-01
  2.0606060606E-07  3.0000000000E-01
  2.1010101010E-07  3.0000000000E-01
  2.1414141414E-07  3.0000000000E-01
  2.1818181818E-07  3.0000000000E-01
  2.2222222222E-07  3.0000000000E-01
  2.2626262626E-07  3.0000000000E-01
  2.3030303030E-07  3.0000000000E-01
  2.3434343434E-07  3.0000000000E-01
  2.3838383838E-07  3.0000000000E-01
  2.4242424242E-07  3.0000000000E-01
  2.4646464646E-07  3.0000000000E-01
  2.5050505051E-07  3.0000000000E-01
  2.5454545455E-07  3.0000000000E-01
  2.5858585859E-07  3.0000000000E-01
  2.6262626263E-07  3.0000000000E-01
  2.6666666667E-07  3.0000000000E-01
  2.7070707071E-07  3.0000000000E-01
  2.7474747475E-07  3.0000000000E-01
  2.7878787879E-07  3.0000000000E-01
  2.8282828283E-07  3.0000000000E-01
  2.8686868687E-07  3.0000000000E-01
  2.9090909091E-07  3.0000000000E-01
  2.9494949495E-07  3.0000000000E-01
  2.9898989899E-07  3.0000000000E-01
  3.0303030303E-07  3.0000000000E-01
  3.0707070707E-07  3.0000000000E-01
  3.1111111111E-07  3.0000000000E-01
  3.1515151515E-07  3.0000000000E-01
  3.1919191919E-07  3.0000000000E-01
  3.2323232323E-07  2.9999999999E-01
  3.2727272727E-07  3.0000000004E-01
  3.3131313131E-07  2.9999999985E-01
  3.3535353535E-07  3.0000000052E-01
  3.3939393939E-07  2.9999999827E-01
  3.4343434343E-07  3.0000000502E-01
  3.4747474747E-07  2.9999998891E-01
  3.5151515152E-07  3.0000000365E-01
  3.5555555556E-07  3.0000016319E-01
  3.5959595960E-07  2.9999859665E-01
  3.6363636364E-07  3.0000867849E-01
  3.6767676768E-07  2.9995320321E-01
  3.7171717172E-07  3.0023262392E-01
  3.7575757576E-07  2.9890568022E-01
  3.7979797980E-07  3.0487193284E-01
  3.8383838384E-07  2.7825397820E-01
  3.8787878788E-07  4.3851495300E-01
  3.9191919192E-07  1.4414157004E+00
  3.9595959596E-07  2.3129962297E+00
  4.0000000000E-07  2.6894096083E+00
 BLOCKEND
 $ X-AXIS = DISTANCE      Y-AXIS = W(C)
 BLOCK X=C1; Y=C2;       GOC=C3,WAD;
  0.0000000000E+00  3.0000000000E-01 M
  4.0404040404E-09  3.0000000000E-01
  8.0808080808E-09  3.0000000000E-01
  1.2121212121E-08  3.0000000000E-01
  1.6161616162E-08  3.0000000000E-01
  2.0202020202E-08  3.0000000000E-01
  2.4242424242E-08  3.0000000000E-01
  2.8282828283E-08  3.0000000000E-01
  3.2323232323E-08  3.0000000000E-01
  3.6363636364E-08  3.0000000000E-01
  4.0404040404E-08  3.0000000000E-01
  4.4444444444E-08  3.0000000000E-01
  4.8484848485E-08  3.0000000000E-01
  5.2525252525E-08  3.0000000000E-01
  5.6565656566E-08  3.0000000000E-01
  6.0606060606E-08  3.0000000000E-01
  6.4646464646E-08  3.0000000000E-01
  6.8686868687E-08  3.0000000000E-01
  7.2727272727E-08  3.0000000000E-01
  7.6767676768E-08  3.0000000000E-01
  8.0808080808E-08  3.0000000000E-01
  8.4848484848E-08  3.0000000000E-01
  8.8888888889E-08  3.0000000000E-01
  9.2929292929E-08  3.0000000000E-01
  9.6969696970E-08  3.0000000000E-01
  1.0101010101E-07  3.0000000000E-01
  1.0505050505E-07  3.0000000000E-01
  1.0909090909E-07  3.0000000000E-01
  1.1313131313E-07  3.0000000000E-01
  1.1717171717E-07  3.0000000000E-01
  1.2121212121E-07  3.0000000000E-01
  1.2525252525E-07  3.0000000000E-01
  1.2929292929E-07  3.0000000000E-01
  1.3333333333E-07  3.0000000000E-01
  1.3737373737E-07  3.0000000000E-01
  1.4141414141E-07  3.0000000000E-01
  1.4545454545E-07  3.0000000000E-01
  1.4949494949E-07  3.0000000000E-01
  1.5353535354E-07  3.0000000000E-01
  1.5757575758E-07  3.0000000000E-01
  1.6161616162E-07  3.0000000000E-01
  1.6565656566E-07  3.0000000000E-01
  1.6969696970E-07  3.0000000000E-01
  1.7373737374E-07  3.0000000000E-01
  1.7777777778E-07  3.0000000000E-01
  1.8181818182E-07  3.0000000000E-01
  1.8585858586E-07  3.0000000000E-01
  1.8989898990E-07  3.0000000000E-01
  1.9393939394E-07  3.0000000000E-01
  1.9797979798E-07  3.0000000000E-01
  2.0202020202E-07  3.0000000000E-01
  2.0606060606E-07  3.0000000000E-01
  2.1010101010E-07  3.0000000000E-01
  2.1414141414E-07  3.0000000000E-01
  2.1818181818E-07  3.0000000000E-01
  2.2222222222E-07  3.0000000000E-01
  2.2626262626E-07  3.0000000000E-01
  2.3030303030E-07  3.0000000000E-01
  2.3434343434E-07  3.0000000000E-01
  2.3838383838E-07  3.0000000000E-01
  2.4242424242E-07  3.0000000000E-01
  2.4646464646E-07  3.0000000000E-01
  2.5050505051E-07  3.0000000000E-01
  2.5454545455E-07  3.0000000000E-01
  2.5858585859E-07  3.0000000000E-01
  2.6262626263E-07  3.0000000000E-01
  2.6666666667E-07  3.0000000000E-01
  2.7070707071E-07  3.0000000000E-01
  2.7474747475E-07  3.0000000000E-01
  2.7878787879E-07  3.0000000000E-01
  2.8282828283E-07  3.0000000000E-01
  2.8686868687E-07  3.0000000000E-01
  2.9090909091E-07  3.0000000000E-01
  2.9494949495E-07  3.0000000000E-01
  2.9898989899E-07  3.0000000000E-01
  3.0303030303E-07  3.0000000000E-01
  3.0707070707E-07  3.0000000000E-01
  3.1111111111E-07  3.0000000000E-01
  3.1515151515E-07  3.0000000001E-01
  3.1919191919E-07  2.9999999995E-01
  3.2323232323E-07  3.0000000018E-01
  3.2727272727E-07  2.9999999947E-01
  3.3131313131E-07  3.0000000118E-01
  3.3535353535E-07  2.9999999976E-01
  3.3939393939E-07  2.9999997989E-01
  3.4343434343E-07  3.0000017695E-01
  3.4747474747E-07  2.9999886370E-01
  3.5151515152E-07  3.0000618315E-01
  3.5555555556E-07  2.9997445155E-01
  3.5959595960E-07  3.0000783189E-01
  3.6363636364E-07  3.6315666631E-01
  3.6767676768E-07  7.0352180408E-01
  3.7171717172E-07  1.1711218431E+00
  3.7575757576E-07  1.5484162388E+00
  3.7979797980E-07  1.9226024682E+00
  3.8383838384E-07  2.1762611626E+00
  3.8787878788E-07  2.3587999525E+00
  3.9191919192E-07  2.4939127746E+00
  3.9595959596E-07  2.5983293113E+00
  4.0000000000E-07  2.6862211867E+00
 BLOCKEND
 $ X-AXIS = DISTANCE      Y-AXIS = W(C)
 BLOCK X=C1; Y=C2;       GOC=C3,WAD;
  0.0000000000E+00  3.0000000000E-01 M
  4.0404040404E-09  3.0000000000E-01
  8.0808080808E-09  3.0000000000E-01
  1.2121212121E-08  3.0000000000E-01
  1.6161616162E-08  3.0000000000E-01
  2.0202020202E-08  3.0000000000E-01
  2.4242424242E-08  3.0000000000E-01
  2.8282828283E-08  3.0000000000E-01
  3.2323232323E-08  3.0000000000E-01
  3.6363636364E-08  3.0000000000E-01
  4.0404040404E-08  3.0000000000E-01
  4.4444444444E-08  3.0000000000E-01
  4.8484848485E-08  3.0000000000E-01
  5.2525252525E-08  3.0000000000E-01
  5.6565656566E-08  3.0000000000E-01
  6.0606060606E-08  3.0000000000E-01
  6.4646464646E-08  3.0000000000E-01
  6.8686868687E-08  3.0000000000E-01
  7.2727272727E-08  3.0000000000E-01
  7.6767676768E-08  3.0000000000E-01
  8.0808080808E-08  3.0000000000E-01
  8.4848484848E-08  3.0000000000E-01
  8.8888888889E-08  3.0000000000E-01
  9.2929292929E-08  3.0000000000E-01
  9.6969696970E-08  3.0000000000E-01
  1.0101010101E-07  3.0000000000E-01
  1.0505050505E-07  3.0000000000E-01
  1.0909090909E-07  3.0000000000E-01
  1.1313131313E-07  3.0000000000E-01
  1.1717171717E-07  3.0000000000E-01
  1.2121212121E-07  3.0000000000E-01
  1.2525252525E-07  3.0000000000E-01
  1.2929292929E-07  3.0000000000E-01
  1.3333333333E-07  3.0000000000E-01
  1.3737373737E-07  3.0000000000E-01
  1.4141414141E-07  3.0000000000E-01
  1.4545454545E-07  3.0000000000E-01
  1.4949494949E-07  3.0000000000E-01
  1.5353535354E-07  3.0000000000E-01
  1.5757575758E-07  3.0000000000E-01
  1.6161616162E-07  3.0000000000E-01
  1.6565656566E-07  3.0000000000E-01
  1.6969696970E-07  3.0000000000E-01
  1.7373737374E-07  3.0000000000E-01
  1.7777777778E-07  3.0000000000E-01
  1.8181818182E-07  3.0000000000E-01
  1.8585858586E-07  3.0000000000E-01
  1.8989898990E-07  3.0000000000E-01
  1.9393939394E-07  3.0000000000E-01
  1.9797979798E-07  3.0000000000E-01
  2.0202020202E-07  3.0000000000E-01
  2.0606060606E-07  3.0000000000E-01
  2.1010101010E-07  3.0000000000E-01
  2.1414141414E-07  3.0000000000E-01
  2.1818181818E-07  3.0000000000E-01
  2.2222222222E-07  3.0000000000E-01
  2.2626262626E-07  3.0000000000E-01
  2.3030303030E-07  3.0000000000E-01
  2.3434343434E-07  3.0000000000E-01
  2.3838383838E-07  3.0000000000E-01
  2.4242424242E-07  3.0000000000E-01
  2.4646464646E-07  3.0000000000E-01
  2.5050505051E-07  3.0000000000E-01
  2.5454545455E-07  3.0000000000E-01
  2.5858585859E-07  3.0000000000E-01
  2.6262626263E-07  3.0000000000E-01
  2.6666666667E-07  3.0000000001E-01
  2.7070707071E-07  3.0000000002E-01
  2.7474747475E-07  3.0000000011E-01
  2.7878787879E-07  3.0000000048E-01
  2.8282828283E-07  3.0000000215E-01
  2.8686868687E-07  3.0000000958E-01
  2.9090909091E-07  3.0000004269E-01
  2.9494949495E-07  3.0000018991E-01
  2.9898989899E-07  3.0000084347E-01
  3.0303030303E-07  3.0000373918E-01
  3.0707070707E-07  3.0001654223E-01
  3.1111111111E-07  3.0007299219E-01
  3.1515151515E-07  3.0032062537E-01
  3.1919191919E-07  3.0139284362E-01
  3.2323232323E-07  3.0584465748E-01
  3.2727272727E-07  3.2218107451E-01
  3.3131313131E-07  3.6803368849E-01
  3.3535353535E-07  4.5497058409E-01
  3.3939393939E-07  5.6641882818E-01
  3.4343434343E-07  6.7485619163E-01
  3.4747474747E-07  7.8225238657E-01
  3.5151515152E-07  9.6068651867E-01
  3.5555555556E-07  1.2652049776E+00
  3.5959595960E-07  1.5990981725E+00
  3.6363636364E-07  1.8503503222E+00
  3.6767676768E-07  2.0129726519E+00
  3.7171717172E-07  2.1498376825E+00
  3.7575757576E-07  2.2587089698E+00
  3.7979797980E-07  2.3509992091E+00
  3.8383838384E-07  2.4281714031E+00
  3.8787878788E-07  2.4990602215E+00
  3.9191919192E-07  2.5608324833E+00
  3.9595959596E-07  2.6136728137E+00
  4.0000000000E-07  2.6634061257E+00
 BLOCKEND
 $ X-AXIS = DISTANCE      Y-AXIS = W(C)
 BLOCK X=C1; Y=C2;       GOC=C3,WAD;
  0.0000000000E+00  3.0000000000E-01 M
  4.0404040404E-09  3.0000000000E-01
  8.0808080808E-09  3.0000000000E-01
  1.2121212121E-08  3.0000000000E-01
  1.6161616162E-08  3.0000000000E-01
  2.0202020202E-08  3.0000000000E-01
  2.4242424242E-08  3.0000000000E-01
  2.8282828283E-08  3.0000000000E-01
  3.2323232323E-08  3.0000000000E-01
  3.6363636364E-08  3.0000000000E-01
  4.0404040404E-08  3.0000000000E-01
  4.4444444444E-08  3.0000000000E-01
  4.8484848485E-08  3.0000000000E-01
  5.2525252525E-08  3.0000000000E-01
  5.6565656566E-08  3.0000000000E-01
  6.0606060606E-08  3.0000000000E-01
  6.4646464646E-08  3.0000000000E-01
  6.8686868687E-08  3.0000000000E-01
  7.2727272727E-08  3.0000000000E-01
  7.6767676768E-08  3.0000000000E-01
  8.0808080808E-08  3.0000000000E-01
  8.4848484848E-08  3.0000000000E-01
  8.8888888889E-08  3.0000000000E-01
  9.2929292929E-08  3.0000000000E-01
  9.6969696970E-08  3.0000000000E-01
  1.0101010101E-07  3.0000000000E-01
  1.0505050505E-07  3.0000000000E-01
  1.0909090909E-07  3.0000000000E-01
  1.1313131313E-07  3.0000000000E-01
  1.1717171717E-07  3.0000000000E-01
  1.2121212121E-07  3.0000000000E-01
  1.2525252525E-07  3.0000000000E-01
  1.2929292929E-07  3.0000000000E-01
  1.3333333333E-07  3.0000000000E-01
  1.3737373737E-07  3.0000000000E-01
  1.4141414141E-07  3.0000000000E-01
  1.4545454545E-07  3.0000000000E-01
  1.4949494949E-07  3.0000000000E-01
  1.5353535354E-07  3.0000000000E-01
  1.5757575758E-07  3.0000000000E-01
  1.6161616162E-07  3.0000000001E-01
  1.6565656566E-07  3.0000000002E-01
  1.6969696970E-07  3.0000000005E-01
  1.7373737374E-07  3.0000000011E-01
  1.7777777778E-07  3.0000000025E-01
  1.8181818182E-07  3.0000000054E-01
  1.8585858586E-07  3.0000000118E-01
  1.8989898990E-07  3.0000000256E-01
  1.9393939394E-07  3.0000000555E-01
  1.9797979798E-07  3.0000001205E-01
  2.0202020202E-07  3.0000002612E-01
  2.0606060606E-07  3.0000005654E-01
  2.1010101010E-07  3.0000012227E-01
  2.1414141414E-07  3.0000026404E-01
  2.1818181818E-07  3.0000056940E-01
  2.2222222222E-07  3.0000122600E-01
  2.2626262626E-07  3.0000263540E-01
  2.3030303030E-07  3.0000565504E-01
  2.3434343434E-07  3.0001211137E-01
  2.3838383838E-07  3.0002588342E-01
  2.4242424242E-07  3.0005517896E-01
  2.4646464646E-07  3.0011729438E-01
  2.5050505051E-07  3.0024846199E-01
  2.5454545455E-07  3.0052385656E-01
  2.5858585859E-07  3.0109695561E-01
  2.6262626263E-07  3.0227207525E-01
  2.6666666667E-07  3.0462072771E-01
  2.7070707071E-07  3.0911406631E-01
  2.7474747475E-07  3.1713095226E-01
  2.7878787879E-07  3.3008700592E-01
  2.8282828283E-07  3.4868296894E-01
  2.8686868687E-07  3.7253962496E-01
  2.9090909091E-07  4.0125817481E-01
  2.9494949495E-07  4.3710350066E-01
  2.9898989899E-07  4.8854559767E-01
  3.0303030303E-07  5.7168546204E-01
  3.0707070707E-07  7.0259824030E-01
  3.1111111111E-07  8.8092704848E-01
  3.1515151515E-07  1.0846177867E+00
  3.1919191919E-07  1.2841340468E+00
  3.2323232323E-07  1.4571263614E+00
  3.2727272727E-07  1.5929055821E+00
  3.3131313131E-07  1.6922806037E+00
  3.3535353535E-07  1.7674638749E+00
  3.3939393939E-07  1.8369484853E+00
  3.4343434343E-07  1.9107704531E+00
  3.4747474747E-07  1.9809794858E+00
  3.5151515152E-07  2.0341561026E+00
  3.5555555556E-07  2.0747524445E+00
  3.5959595960E-07  2.1210970243E+00
  3.6363636364E-07  2.1676680477E+00
  3.6767676768E-07  2.1991791856E+00
  3.7171717172E-07  2.2352424204E+00
  3.7575757576E-07  2.2663790850E+00
  3.7979797980E-07  2.2959530065E+00
  3.8383838384E-07  2.3207688662E+00
  3.8787878788E-07  2.3479765696E+00
  3.9191919192E-07  2.3720375345E+00
  3.9595959596E-07  2.3910027678E+00
  4.0000000000E-07  2.4120728769E+00
 BLOCKEND
 $ X-AXIS = DISTANCE      Y-AXIS = W(C)
 BLOCK X=C1; Y=C2;       GOC=C3,WAD;
  0.0000000000E+00  3.0000000000E-01 M
  4.0404040404E-09  3.0000000000E-01
  8.0808080808E-09  3.0000000000E-01
  1.2121212121E-08  3.0000000000E-01
  1.6161616162E-08  3.0000000000E-01
  2.0202020202E-08  3.0000000000E-01
  2.4242424242E-08  3.0000000001E-01
  2.8282828283E-08  3.0000000001E-01
  3.2323232323E-08  3.0000000001E-01
  3.6363636364E-08  3.0000000002E-01
  4.0404040404E-08  3.0000000003E-01
  4.4444444444E-08  3.0000000004E-01
  4.8484848485E-08  3.0000000006E-01
  5.2525252525E-08  3.0000000009E-01
  5.6565656566E-08  3.0000000013E-01
  6.0606060606E-08  3.0000000019E-01
  6.4646464646E-08  3.0000000028E-01
  6.8686868687E-08  3.0000000041E-01
  7.2727272727E-08  3.0000000060E-01
  7.6767676768E-08  3.0000000088E-01
  8.0808080808E-08  3.0000000129E-01
  8.4848484848E-08  3.0000000191E-01
  8.8888888889E-08  3.0000000281E-01
  9.2929292929E-08  3.0000000416E-01
  9.6969696970E-08  3.0000000617E-01
  1.0101010101E-07  3.0000000919E-01
  1.0505050505E-07  3.0000001374E-01
  1.0909090909E-07  3.0000002064E-01
  1.1313131313E-07  3.0000003115E-01
  1.1717171717E-07  3.0000004726E-01
  1.2121212121E-07  3.0000007213E-01
  1.2525252525E-07  3.0000011079E-01
  1.2929292929E-07  3.0000017129E-01
  1.3333333333E-07  3.0000026662E-01
  1.3737373737E-07  3.0000041789E-01
  1.4141414141E-07  3.0000065950E-01
  1.4545454545E-07  3.0000104785E-01
  1.4949494949E-07  3.0000167578E-01
  1.5353535354E-07  3.0000269653E-01
  1.5757575758E-07  3.0000436387E-01
  1.6161616162E-07  3.0000709897E-01
  1.6565656566E-07  3.0001160195E-01
  1.6969696970E-07  3.0001903815E-01
  1.7373737374E-07  3.0003134859E-01
  1.7777777778E-07  3.0005176738E-01
  1.8181818182E-07  3.0008568277E-01
  1.8585858586E-07  3.0014206811E-01
  1.8989898990E-07  3.0023584460E-01
  1.9393939394E-07  3.0039179125E-01
  1.9797979798E-07  3.0065099222E-01
  2.0202020202E-07  3.0108131734E-01
  2.0606060606E-07  3.0179449266E-01
  2.1010101010E-07  3.0297347955E-01
  2.1414141414E-07  3.0491526102E-01
  2.1818181818E-07  3.0809593358E-01
  2.2222222222E-07  3.1326444288E-01
  2.2626262626E-07  3.2156544539E-01
  2.3030303030E-07  3.3467255819E-01
  2.3434343434E-07  3.5487076989E-01
  2.3838383838E-07  3.8496189859E-01
  2.4242424242E-07  4.2782368546E-01
  2.4646464646E-07  4.8554048431E-01
  2.5050505051E-07  5.5832432503E-01
  2.5454545455E-07  6.4379037741E-01
  2.5858585859E-07  7.3712435210E-01
  2.6262626263E-07  8.3215637310E-01
  2.6666666667E-07  9.2283019698E-01
  2.7070707071E-07  1.0045203283E+00
  2.7474747475E-07  1.0749699424E+00
  2.7878787879E-07  1.1348115240E+00
  2.8282828283E-07  1.1874189506E+00
  2.8686868687E-07  1.2375478206E+00
  2.9090909091E-07  1.2887223542E+00
  2.9494949495E-07  1.3408085145E+00
  2.9898989899E-07  1.3899067549E+00
  3.0303030303E-07  1.4310946899E+00
  3.0707070707E-07  1.4623534288E+00
  3.1111111111E-07  1.4871169587E+00
  3.1515151515E-07  1.5129105462E+00
  3.1919191919E-07  1.5455462430E+00
  3.2323232323E-07  1.5831809758E+00
  3.2727272727E-07  1.6165129242E+00
  3.3131313131E-07  1.6362696256E+00
  3.3535353535E-07  1.6436528367E+00
  3.3939393939E-07  1.6535803239E+00
  3.4343434343E-07  1.6788156086E+00
  3.4747474747E-07  1.7093194542E+00
  3.5151515152E-07  1.7220851935E+00
  3.5555555556E-07  1.7201385402E+00
  3.5959595960E-07  1.7354083954E+00
  3.6363636364E-07  1.7579245602E+00
  3.6767676768E-07  1.7544488512E+00
  3.7171717172E-07  1.7663095740E+00
  3.7575757576E-07  1.7714085245E+00
  3.7979797980E-07  1.7770805383E+00
  3.8383838384E-07  1.7742700449E+00
  3.8787878788E-07  1.7814713878E+00
  3.9191919192E-07  1.7834043849E+00
  3.9595959596E-07  1.7733244925E+00
  4.0000000000E-07  1.7722016058E+00
 BLOCKEND
 $ X-AXIS = DISTANCE      Y-AXIS = W(C)
 BLOCK X=C1; Y=C2;       GOC=C3,WAD;
  0.0000000000E+00  3.0001128561E-01 M
  4.0404040404E-09  3.0001170315E-01
  8.0808080808E-09  3.0001298568E-01
  1.2121212121E-08  3.0001522497E-01
  1.6161616162E-08  3.0001858092E-01
  2.0202020202E-08  3.0002329246E-01
  2.4242424242E-08  3.0002969373E-01
  2.8282828283E-08  3.0003823663E-01
  3.2323232323E-08  3.0004952110E-01
  3.6363636364E-08  3.0006433498E-01
  4.0404040404E-08  3.0008370594E-01
  4.4444444444E-08  3.0010896857E-01
  4.8484848485E-08  3.0014185062E-01
  5.2525252525E-08  3.0018458334E-01
  5.6565656566E-08  3.0024003551E-01
  6.0606060606E-08  3.0031188985E-01
  6.4646464646E-08  3.0040488746E-01
  6.8686868687E-08  3.0052509649E-01
  7.2727272727E-08  3.0068025256E-01
  7.6767676768E-08  3.0088022414E-01
  8.0808080808E-08  3.0113753221E-01
  8.4848484848E-08  3.0146804569E-01
  8.8888888889E-08  3.0189183837E-01
  9.2929292929E-08  3.0243415402E-01
  9.6969696970E-08  3.0312660959E-01
  1.0101010101E-07  3.0400860901E-01
  1.0505050505E-07  3.0512897562E-01
  1.0909090909E-07  3.0654778762E-01
  1.1313131313E-07  3.0833837042E-01
  1.1717171717E-07  3.1058934360E-01
  1.2121212121E-07  3.1340654629E-01
  1.2525252525E-07  3.1691457386E-01
  1.2929292929E-07  3.2125753308E-01
  1.3333333333E-07  3.2659849346E-01
  1.3737373737E-07  3.3311699690E-01
  1.4141414141E-07  3.4100392190E-01
  1.4545454545E-07  3.5045308770E-01
  1.4949494949E-07  3.6164925924E-01
  1.5353535354E-07  3.7475275869E-01
  1.5757575758E-07  3.8988174563E-01
  1.6161616162E-07  4.0709422141E-01
  1.6565656566E-07  4.2637276659E-01
  1.6969696970E-07  4.4761557662E-01
  1.7373737374E-07  4.7063717917E-01
  1.7777777778E-07  4.9518112889E-01
  1.8181818182E-07  5.2094506037E-01
  1.8585858586E-07  5.4761602473E-01
  1.8989898990E-07  5.7491146320E-01
  1.9393939394E-07  6.0261886669E-01
  1.9797979798E-07  6.3062549648E-01
  2.0202020202E-07  6.5892898056E-01
  2.0606060606E-07  6.8762088862E-01
  2.1010101010E-07  7.1683940532E-01
  2.1414141414E-07  7.4669443033E-01
  2.1818181818E-07  7.7717826239E-01
  2.2222222222E-07  8.0808537127E-01
  2.2626262626E-07  8.3897174293E-01
  2.3030303030E-07  8.6918318176E-01
  2.3434343434E-07  8.9796964525E-01
  2.3838383838E-07  9.2467969742E-01
  2.4242424242E-07  9.4899787851E-01
  2.4646464646E-07  9.7114957421E-01
  2.5050505051E-07  9.9195994015E-01
  2.5454545455E-07  1.0126469469E+00
  2.5858585859E-07  1.0343108193E+00
  2.6262626263E-07  1.0572766934E+00
  2.6666666667E-07  1.0806519638E+00
  2.7070707071E-07  1.1024774694E+00
  2.7474747475E-07  1.1206066127E+00
  2.7878787879E-07  1.1340689989E+00
  2.8282828283E-07  1.1442565481E+00
  2.8686868687E-07  1.1548726282E+00
  2.9090909091E-07  1.1698120258E+00
  2.9494949495E-07  1.1898233355E+00
  2.9898989899E-07  1.2108172582E+00
  3.0303030303E-07  1.2260345326E+00
  3.0707070707E-07  1.2311874922E+00
  3.1111111111E-07  1.2293261484E+00
  3.1515151515E-07  1.2309402832E+00
  3.1919191919E-07  1.2460205565E+00
  3.2323232323E-07  1.2729973537E+00
  3.2727272727E-07  1.2968299845E+00
  3.3131313131E-07  1.3005464825E+00
  3.3535353535E-07  1.2839994742E+00
  3.3939393939E-07  1.2738309620E+00
  3.4343434343E-07  1.2959795632E+00
  3.4747474747E-07  1.3315621484E+00
  3.5151515152E-07  1.3343736621E+00
  3.5555555556E-07  1.3090776406E+00
  3.5959595960E-07  1.3228519686E+00
  3.6363636364E-07  1.3548941771E+00
  3.6767676768E-07  1.3332405137E+00
  3.7171717172E-07  1.3480317737E+00
  3.7575757576E-07  1.3503303343E+00
  3.7979797980E-07  1.3564941877E+00
  3.8383838384E-07  1.3459766659E+00
  3.8787878788E-07  1.3597569683E+00
  3.9191919192E-07  1.3637679718E+00
  3.9595959596E-07  1.3425339122E+00
  4.0000000000E-07  1.3421408421E+00
 BLOCKEND
 $ X-AXIS = DISTANCE      Y-AXIS = W(C)
 BLOCK X=C1; Y=C2;       GOC=C3,WAD;
  0.0000000000E+00  3.3172394534E-01 M
  4.0404040404E-09  3.3197326416E-01
  8.0808080808E-09  3.3272200118E-01
  1.2121212121E-08  3.3397276016E-01
  1.6161616162E-08  3.3572997911E-01
  2.0202020202E-08  3.3799952845E-01
  2.4242424242E-08  3.4078838248E-01
  2.8282828283E-08  3.4410423208E-01
  3.2323232323E-08  3.4795503346E-01
  3.6363636364E-08  3.5234850394E-01
  4.0404040404E-08  3.5729158604E-01
  4.4444444444E-08  3.6278989496E-01
  4.8484848485E-08  3.6884717587E-01
  5.2525252525E-08  3.7546479669E-01
  5.6565656566E-08  3.8264129258E-01
  6.0606060606E-08  3.9037198392E-01
  6.4646464646E-08  3.9864868464E-01
  6.8686868687E-08  4.0745951246E-01
  7.2727272727E-08  4.1678880807E-01
  7.6767676768E-08  4.2661716107E-01
  8.0808080808E-08  4.3692153643E-01
  8.4848484848E-08  4.4767548831E-01
  8.8888888889E-08  4.5884945130E-01
  9.2929292929E-08  4.7041110236E-01
  9.6969696970E-08  4.8232578740E-01
  1.0101010101E-07  4.9455701673E-01
  1.0505050505E-07  5.0706703465E-01
  1.0909090909E-07  5.1981745910E-01
  1.1313131313E-07  5.3276997099E-01
  1.1717171717E-07  5.4588700017E-01
  1.2121212121E-07  5.5913232222E-01
  1.2525252525E-07  5.7247146386E-01
  1.2929292929E-07  5.8587181944E-01
  1.3333333333E-07  5.9930243095E-01
  1.3737373737E-07  6.1273348032E-01
  1.4141414141E-07  6.2613566779E-01
  1.4545454545E-07  6.3947976339E-01
  1.4949494949E-07  6.5273667113E-01
  1.5353535354E-07  6.6587828208E-01
  1.5757575758E-07  6.7887917997E-01
  1.6161616162E-07  6.9171892491E-01
  1.6565656566E-07  7.0438425112E-01
  1.6969696970E-07  7.1687021359E-01
  1.7373737374E-07  7.2917926467E-01
  1.7777777778E-07  7.4131758867E-01
  1.8181818182E-07  7.5328883418E-01
  1.8585858586E-07  7.6508655812E-01
  1.8989898990E-07  7.7668793164E-01
  1.9393939394E-07  7.8805204673E-01
  1.9797979798E-07  7.9912589546E-01
  2.0202020202E-07  8.0985927493E-01
  2.0606060606E-07  8.2022642168E-01
  2.1010101010E-07  8.3024775974E-01
  2.1414141414E-07  8.4000130301E-01
  2.1818181818E-07  8.4961230343E-01
  2.2222222222E-07  8.5921417228E-01
  2.2626262626E-07  8.6888478869E-01
  2.3030303030E-07  8.7857828203E-01
  2.3434343434E-07  8.8808717047E-01
  2.3838383838E-07  8.9707390545E-01
  2.4242424242E-07  9.0519485342E-01
  2.4646464646E-07  9.1229847261E-01
  2.5050505051E-07  9.1861867447E-01
  2.5454545455E-07  9.2482991813E-01
  2.5858585859E-07  9.3183336221E-01
  2.6262626263E-07  9.4025838405E-01
  2.6666666667E-07  9.4988409119E-01
  2.7070707071E-07  9.5937996541E-01
  2.7474747475E-07  9.6674722606E-01
  2.7878787879E-07  9.7053520034E-01
  2.8282828283E-07  9.7133493502E-01
  2.8686868687E-07  9.7237992686E-01
  2.9090909091E-07  9.7792827927E-01
  2.9494949495E-07  9.8965722288E-01
  2.9898989899E-07  1.0039563179E+00
  3.0303030303E-07  1.0133200448E+00
  3.0707070707E-07  1.0118515627E+00
  3.1111111111E-07  1.0016129814E+00
  3.1515151515E-07  9.9436743839E-01
  3.1919191919E-07  1.0032722615E+00
  3.2323232323E-07  1.0283302402E+00
  3.2727272727E-07  1.0515523641E+00
  3.3131313131E-07  1.0499858892E+00
  3.3535353535E-07  1.0207017982E+00
  3.3939393939E-07  9.9898538918E-01
  3.4343434343E-07  1.0233653159E+00
  3.4747474747E-07  1.0677330116E+00
  3.5151515152E-07  1.0634921444E+00
  3.5555555556E-07  1.0156349410E+00
  3.5959595960E-07  1.0307679649E+00
  3.6363636364E-07  1.0757795979E+00
  3.6767676768E-07  1.0323936896E+00
  3.7171717172E-07  1.0523676936E+00
  3.7575757576E-07  1.0515488784E+00
  3.7979797980E-07  1.0595554900E+00
  3.8383838384E-07  1.0404473245E+00
  3.8787878788E-07  1.0644568733E+00
  3.9191919192E-07  1.0750099625E+00
  3.9595959596E-07  1.0465810023E+00
  4.0000000000E-07  1.0548004472E+00
 BLOCKEND
