 PROLOGUE 1
 XSCALE        0.00000          0.600000E-06
 YSCALE       0.836920E-03      0.300000    
 XTEXT DISTANCE
 YTEXT WEIGHT-PERCENT C
 XTYPE LINEAR
 YTYPE LINEAR
 XLENGTH        11.5000    
 YLENGTH        11.5000    
 TITLE   
 DATASET 1
 CLIP OFF
    0.00000    1.12000 NAM' TIME = 0,.01,.1,.3,1,3,10,30
 1.05 1.05 MNA' CELL #   1
 CLIP ON
 $ X-AXIS = DISTANCE      Y-AXIS = W(C)
 BLOCK X=C1; Y=C2;       GOC=C3,WAD;
  0.0000000000E+00  3.0000000000E-01 M
  1.0169491525E-08  3.0000000000E-01
  2.0338983051E-08  3.0000000000E-01
  3.0508474576E-08  3.0000000000E-01
  4.0677966102E-08  3.0000000000E-01
  5.0847457627E-08  3.0000000000E-01
  6.1016949153E-08  3.0000000000E-01
  7.1186440678E-08  3.0000000000E-01
  8.1355932203E-08  3.0000000000E-01
  9.1525423729E-08  3.0000000000E-01
  1.0169491525E-07  3.0000000000E-01
  1.1186440678E-07  3.0000000000E-01
  1.2203389831E-07  3.0000000000E-01
  1.3220338983E-07  3.0000000000E-01
  1.4237288136E-07  3.0000000000E-01
  1.5254237288E-07  3.0000000000E-01
  1.6271186441E-07  3.0000000000E-01
  1.7288135593E-07  3.0000000000E-01
  1.8305084746E-07  3.0000000000E-01
  1.9322033898E-07  3.0000000000E-01
  2.0338983051E-07  3.0000000000E-01
  2.1355932203E-07  3.0000000000E-01
  2.2372881356E-07  3.0000000000E-01
  2.3389830508E-07  3.0000000000E-01
  2.4406779661E-07  3.0000000000E-01
  2.5423728814E-07  3.0000000000E-01
  2.6440677966E-07  3.0000000000E-01
  2.7457627119E-07  3.0000000000E-01
  2.8474576271E-07  3.0000000000E-01
  2.9491525424E-07  3.0000000000E-01
  3.0508474576E-07  3.0000000000E-01
  3.1525423729E-07  3.0000000000E-01
  3.2542372881E-07  3.0000000000E-01
  3.3559322034E-07  3.0000000000E-01
  3.4576271186E-07  3.0000000000E-01
  3.5593220339E-07  3.0000000000E-01
  3.6610169492E-07  3.0000000000E-01
  3.7627118644E-07  3.0000000000E-01
  3.8644067797E-07  3.0000000000E-01
  3.9661016949E-07  3.0000000000E-01
  4.0677966102E-07  3.0000000000E-01
  4.1694915254E-07  3.0000000000E-01
  4.2711864407E-07  3.0000000000E-01
  4.3728813559E-07  3.0000000000E-01
  4.4745762712E-07  3.0000000000E-01
  4.5762711864E-07  3.0000000000E-01
  4.6779661017E-07  3.0000000000E-01
  4.7796610169E-07  3.0000000000E-01
  4.8813559322E-07  3.0000000000E-01
  4.9830508475E-07  3.0000000000E-01
  5.0847457627E-07  3.0000000000E-01
  5.1864406780E-07  3.0000000000E-01
  5.2881355932E-07  3.0000000000E-01
  5.3898305085E-07  3.0000000000E-01
  5.4915254237E-07  3.0000000000E-01
  5.5932203390E-07  3.0000000000E-01
  5.6949152542E-07  3.0000000000E-01
  5.7966101695E-07  3.0000000000E-01
  5.8983050847E-07  3.0000000000E-01
  6.0000000000E-07  3.0000000000E-01
 BLOCKEND
 $ X-AXIS = DISTANCE      Y-AXIS = W(C)
 BLOCK X=C1; Y=C2;       GOC=C3,WAD;
  0.0000000000E+00  2.9999999814E-01 M
  1.0169491525E-08  2.9999999797E-01
  2.0338983051E-08  2.9999999744E-01
  3.0508474576E-08  2.9999999645E-01
  4.0677966102E-08  2.9999999482E-01
  5.0847457627E-08  2.9999999227E-01
  6.1016949153E-08  2.9999998836E-01
  7.1186440678E-08  2.9999998239E-01
  8.1355932203E-08  2.9999997333E-01
  9.1525423729E-08  2.9999995962E-01
  1.0169491525E-07  2.9999993892E-01
  1.1186440678E-07  2.9999990768E-01
  1.2203389831E-07  2.9999986064E-01
  1.3220338983E-07  2.9999978991E-01
  1.4237288136E-07  2.9999968371E-01
  1.5254237288E-07  2.9999952456E-01
  1.6271186441E-07  2.9999928648E-01
  1.7288135593E-07  2.9999893104E-01
  1.8305084746E-07  2.9999840151E-01
  1.9322033898E-07  2.9999761443E-01
  2.0338983051E-07  2.9999644743E-01
  2.1355932203E-07  2.9999472173E-01
  2.2372881356E-07  2.9999217717E-01
  2.3389830508E-07  2.9998843685E-01
  2.4406779661E-07  2.9998295726E-01
  2.5423728814E-07  2.9997495875E-01
  2.6440677966E-07  2.9996332908E-01
  2.7457627119E-07  2.9994649131E-01
  2.8474576271E-07  2.9992222442E-01
  2.9491525424E-07  2.9988742247E-01
  3.0508474576E-07  2.9983777572E-01
  3.1525423729E-07  2.9976735391E-01
  3.2542372881E-07  2.9966806868E-01
  3.3559322034E-07  2.9952899076E-01
  3.4576271186E-07  2.9933549485E-01
  3.5593220339E-07  2.9906820061E-01
  3.6610169492E-07  2.9870167497E-01
  3.7627118644E-07  2.9820284932E-01
  3.8644067797E-07  2.9752908876E-01
  3.9661016949E-07  2.9662582954E-01
  4.0677966102E-07  2.9542368761E-01
  4.1694915254E-07  2.9383496426E-01
  4.2711864407E-07  2.9174960367E-01
  4.3728813559E-07  2.8903094832E-01
  4.4745762712E-07  2.8551212095E-01
  4.5762711864E-07  2.8099437940E-01
  4.6779661017E-07  2.7524886887E-01
  4.7796610169E-07  2.6802221993E-01
  4.8813559322E-07  2.5904520360E-01
  4.9830508475E-07  2.4804629218E-01
  5.0847457627E-07  2.3477218908E-01
  5.1864406780E-07  2.1900864416E-01
  5.2881355932E-07  2.0060241135E-01
  5.3898305085E-07  1.7948650864E-01
  5.4915254237E-07  1.5569762882E-01
  5.5932203390E-07  1.2939265432E-01
  5.6949152542E-07  1.0084149372E-01
  5.7966101695E-07  7.0457347542E-02
  5.8983050847E-07  3.8751854016E-02
  6.0000000000E-07  6.3324976321E-03
 BLOCKEND
 $ X-AXIS = DISTANCE      Y-AXIS = W(C)
 BLOCK X=C1; Y=C2;       GOC=C3,WAD;
  0.0000000000E+00  2.9091833291E-01 M
  1.0169491525E-08  2.9087220803E-01
  2.0338983051E-08  2.9073360588E-01
  3.0508474576E-08  2.9050184294E-01
  4.0677966102E-08  2.9017578261E-01
  5.0847457627E-08  2.8975383964E-01
  6.1016949153E-08  2.8923398328E-01
  7.1186440678E-08  2.8861374334E-01
  8.1355932203E-08  2.8789021726E-01
  9.1525423729E-08  2.8706007838E-01
  1.0169491525E-07  2.8611958548E-01
  1.1186440678E-07  2.8506459425E-01
  1.2203389831E-07  2.8389057034E-01
  1.3220338983E-07  2.8259260381E-01
  1.4237288136E-07  2.8116542625E-01
  1.5254237288E-07  2.7960343050E-01
  1.6271186441E-07  2.7790069327E-01
  1.7288135593E-07  2.7605100137E-01
  1.8305084746E-07  2.7404788173E-01
  1.9322033898E-07  2.7188463551E-01
  2.0338983051E-07  2.6955437630E-01
  2.1355932203E-07  2.6705007247E-01
  2.2372881356E-07  2.6436459312E-01
  2.3389830508E-07  2.6149075720E-01
  2.4406779661E-07  2.5842138497E-01
  2.5423728814E-07  2.5514935110E-01
  2.6440677966E-07  2.5166763898E-01
  2.7457627119E-07  2.4796939626E-01
  2.8474576271E-07  2.4404799213E-01
  2.9491525424E-07  2.3989707784E-01
  3.0508474576E-07  2.3551065202E-01
  3.1525423729E-07  2.3088313210E-01
  3.2542372881E-07  2.2600943230E-01
  3.3559322034E-07  2.2088504598E-01
  3.4576271186E-07  2.1550612712E-01
  3.5593220339E-07  2.0986956359E-01
  3.6610169492E-07  2.0397303496E-01
  3.7627118644E-07  1.9781505360E-01
  3.8644067797E-07  1.9139499782E-01
  3.9661016949E-07  1.8471315698E-01
  4.0677966102E-07  1.7777080966E-01
  4.1694915254E-07  1.7057033330E-01
  4.2711864407E-07  1.6311529630E-01
  4.3728813559E-07  1.5541044968E-01
  4.4745762712E-07  1.4746159428E-01
  4.5762711864E-07  1.3927548322E-01
  4.6779661017E-07  1.3086007616E-01
  4.7796610169E-07  1.2222496119E-01
  4.8813559322E-07  1.1338073463E-01
  4.9830508475E-07  1.0433838954E-01
  5.0847457627E-07  9.5110918831E-02
  5.1864406780E-07  8.5712516235E-02
  5.2881355932E-07  7.6157400257E-02
  5.3898305085E-07  6.6461997661E-02
  5.4915254237E-07  5.6642903496E-02
  5.5932203390E-07  4.6719612916E-02
  5.6949152542E-07  3.6700380686E-02
  5.7966101695E-07  2.6610732467E-02
  5.8983050847E-07  1.6468304784E-02
  6.0000000000E-07  6.3114220765E-03
 BLOCKEND
 $ X-AXIS = DISTANCE      Y-AXIS = W(C)
 BLOCK X=C1; Y=C2;       GOC=C3,WAD;
  0.0000000000E+00  2.1359417822E-01 M
  1.0169491525E-08  2.1352469487E-01
  2.0338983051E-08  2.1331627008E-01
  3.0508474576E-08  2.1296898075E-01
  4.0677966102E-08  2.1248295645E-01
  5.0847457627E-08  2.1185837982E-01
  6.1016949153E-08  2.1109548771E-01
  7.1186440678E-08  2.1019457263E-01
  8.1355932203E-08  2.0915598429E-01
  9.1525423729E-08  2.0798013123E-01
  1.0169491525E-07  2.0666748246E-01
  1.1186440678E-07  2.0521856901E-01
  1.2203389831E-07  2.0363398532E-01
  1.3220338983E-07  2.0191439064E-01
  1.4237288136E-07  2.0006051036E-01
  1.5254237288E-07  1.9807313738E-01
  1.6271186441E-07  1.9595313363E-01
  1.7288135593E-07  1.9370143188E-01
  1.8305084746E-07  1.9131903820E-01
  1.9322033898E-07  1.8880703488E-01
  2.0338983051E-07  1.8616658394E-01
  2.1355932203E-07  1.8339893120E-01
  2.2372881356E-07  1.8050541049E-01
  2.3389830508E-07  1.7748744778E-01
  2.4406779661E-07  1.7434656446E-01
  2.5423728814E-07  1.7108437926E-01
  2.6440677966E-07  1.6770260847E-01
  2.7457627119E-07  1.6420306456E-01
  2.8474576271E-07  1.6058765352E-01
  2.9491525424E-07  1.5685837250E-01
  3.0508474576E-07  1.5301730931E-01
  3.1525423729E-07  1.4906664549E-01
  3.2542372881E-07  1.4500866407E-01
  3.3559322034E-07  1.4084576098E-01
  3.4576271186E-07  1.3658045639E-01
  3.5593220339E-07  1.3221540005E-01
  3.6610169492E-07  1.2775336429E-01
  3.7627118644E-07  1.2319722360E-01
  3.8644067797E-07  1.1854992869E-01
  3.9661016949E-07  1.1381449404E-01
  4.0677966102E-07  1.0899402018E-01
  4.1694915254E-07  1.0409175191E-01
  4.2711864407E-07  9.9111128244E-02
  4.3728813559E-07  9.4055744222E-02
  4.4745762712E-07  8.8929198060E-02
  4.5762711864E-07  8.3734974618E-02
  4.6779661017E-07  7.8476679066E-02
  4.7796610169E-07  7.3158452477E-02
  4.8813559322E-07  6.7784371785E-02
  4.9830508475E-07  6.2357857277E-02
  5.0847457627E-07  5.6883285003E-02
  5.1864406780E-07  5.1365234493E-02
  5.2881355932E-07  4.5807375846E-02
  5.3898305085E-07  4.0214704157E-02
  5.4915254237E-07  3.4591590155E-02
  5.5932203390E-07  2.8944634625E-02
  5.6949152542E-07  2.3268571383E-02
  5.7966101695E-07  1.7574517303E-02
  5.8983050847E-07  1.1865072035E-02
  6.0000000000E-07  6.1632689841E-03
 BLOCKEND
 $ X-AXIS = DISTANCE      Y-AXIS = W(C)
 BLOCK X=C1; Y=C2;       GOC=C3,WAD;
  0.0000000000E+00  5.9628646380E-02 M
  1.0169491525E-08  5.9609369833E-02
  2.0338983051E-08  5.9551552681E-02
  3.0508474576E-08  5.9455232541E-02
  4.0677966102E-08  5.9320472352E-02
  5.0847457627E-08  5.9147360585E-02
  6.1016949153E-08  5.8936011607E-02
  7.1186440678E-08  5.8686566029E-02
  8.1355932203E-08  5.8399190980E-02
  9.1525423729E-08  5.8074080288E-02
  1.0169491525E-07  5.7711454517E-02
  1.1186440678E-07  5.7311560761E-02
  1.2203389831E-07  5.6874672180E-02
  1.3220338983E-07  5.6401087358E-02
  1.4237288136E-07  5.5891129512E-02
  1.5254237288E-07  5.5345145578E-02
  1.6271186441E-07  5.4763505293E-02
  1.7288135593E-07  5.4146600492E-02
  1.8305084746E-07  5.3494844811E-02
  1.9322033898E-07  5.2808673829E-02
  2.0338983051E-07  5.2088545696E-02
  2.1355932203E-07  5.1334942234E-02
  2.2372881356E-07  5.0548370293E-02
  2.3389830508E-07  4.9729363019E-02
  2.4406779661E-07  4.8878480492E-02
  2.5423728814E-07  4.7996309149E-02
  2.6440677966E-07  4.7083459773E-02
  2.7457627119E-07  4.6140563943E-02
  2.8474576271E-07  4.5168269401E-02
  2.9491525424E-07  4.4167235656E-02
  3.0508474576E-07  4.3138131416E-02
  3.1525423729E-07  4.2081635467E-02
  3.2542372881E-07  4.0998442250E-02
  3.3559322034E-07  3.9889271221E-02
  3.4576271186E-07  3.8754876571E-02
  3.5593220339E-07  3.7596051597E-02
  3.6610169492E-07  3.6413621558E-02
  3.7627118644E-07  3.5208423537E-02
  3.8644067797E-07  3.3981281011E-02
  3.9661016949E-07  3.2732991428E-02
  4.0677966102E-07  3.1464348063E-02
  4.1694915254E-07  3.0176197960E-02
  4.2711864407E-07  2.8869492827E-02
  4.3728813559E-07  2.7545253846E-02
  4.4745762712E-07  2.6204422528E-02
  4.5762711864E-07  2.4847746105E-02
  4.6779661017E-07  2.3476011098E-02
  4.7796610169E-07  2.2090461391E-02
  4.8813559322E-07  2.0692203499E-02
  4.9830508475E-07  1.9281616495E-02
  5.0847457627E-07  1.7859966245E-02
  5.1864406780E-07  1.6428657632E-02
  5.2881355932E-07  1.4988129014E-02
  5.3898305085E-07  1.3540093682E-02
  5.4915254237E-07  1.2085599585E-02
  5.5932203390E-07  1.0627911708E-02
  5.6949152542E-07  9.1583895981E-03
  5.7966101695E-07  7.6846448354E-03
  5.8983050847E-07  6.2056712988E-03
  6.0000000000E-07  4.7409131266E-03
 BLOCKEND
 $ X-AXIS = DISTANCE      Y-AXIS = W(C)
 BLOCK X=C1; Y=C2;       GOC=C3,WAD;
  0.0000000000E+00  3.2669274704E-03 M
  1.0169491525E-08  3.2666328668E-03
  2.0338983051E-08  3.2657486882E-03
  3.0508474576E-08  3.2642739002E-03
  4.0677966102E-08  3.2622069664E-03
  5.0847457627E-08  3.2595461185E-03
  6.1016949153E-08  3.2562897516E-03
  7.1186440678E-08  3.2524368211E-03
  8.1355932203E-08  3.2479871738E-03
  9.1525423729E-08  3.2429418169E-03
  1.0169491525E-07  3.2373030665E-03
  1.1186440678E-07  3.2310744811E-03
  1.2203389831E-07  3.2242605580E-03
  1.3220338983E-07  3.2168662795E-03
  1.4237288136E-07  3.2088965271E-03
  1.5254237288E-07  3.2003553810E-03
  1.6271186441E-07  3.1912454251E-03
  1.7288135593E-07  3.1815672591E-03
  1.8305084746E-07  3.1713194202E-03
  1.9322033898E-07  3.1604987319E-03
  2.0338983051E-07  3.1491011323E-03
  2.1355932203E-07  3.1371229988E-03
  2.2372881356E-07  3.1245627246E-03
  2.3389830508E-07  3.1114222674E-03
  2.4406779661E-07  3.0977080974E-03
  2.5423728814E-07  3.0834309983E-03
  2.6440677966E-07  3.0686044815E-03
  2.7457627119E-07  3.0532417016E-03
  2.8474576271E-07  3.0373512851E-03
  2.9491525424E-07  3.0209333759E-03
  3.0508474576E-07  3.0039774342E-03
  3.1525423729E-07  2.9864634011E-03
  3.2542372881E-07  2.9683675014E-03
  3.3559322034E-07  2.9496718188E-03
  3.4576271186E-07  2.9303743090E-03
  3.5593220339E-07  2.9104936162E-03
  3.6610169492E-07  2.8900625626E-03
  3.7627118644E-07  2.8691087443E-03
  3.8644067797E-07  2.8476297837E-03
  3.9661016949E-07  2.8255813636E-03
  4.0677966102E-07  2.8028992581E-03
  4.1694915254E-07  2.7795574091E-03
  4.2711864407E-07  2.7556193145E-03
  4.3728813559E-07  2.7312039165E-03
  4.4745762712E-07  2.7063377013E-03
  4.5762711864E-07  2.6808405849E-03
  4.6779661017E-07  2.6545592079E-03
  4.7796610169E-07  2.6277855792E-03
  4.8813559322E-07  2.6006637330E-03
  4.9830508475E-07  2.5725998878E-03
  5.0847457627E-07  2.5438769116E-03
  5.1864406780E-07  2.5149073403E-03
  5.2881355932E-07  2.4851295197E-03
  5.3898305085E-07  2.4552510337E-03
  5.4915254237E-07  2.4253105256E-03
  5.5932203390E-07  2.3975697088E-03
  5.6949152542E-07  2.3623785833E-03
  5.7966101695E-07  2.3263037971E-03
  5.8983050847E-07  2.2872642178E-03
  6.0000000000E-07  2.2636448094E-03
 BLOCKEND
 $ X-AXIS = DISTANCE      Y-AXIS = W(C)
 BLOCK X=C1; Y=C2;       GOC=C3,WAD;
  0.0000000000E+00  1.3657144781E-03 M
  1.0169491525E-08  1.3657250194E-03
  2.0338983051E-08  1.3657561760E-03
  3.0508474576E-08  1.3658066139E-03
  4.0677966102E-08  1.3658742933E-03
  5.0847457627E-08  1.3659567324E-03
  6.1016949153E-08  1.3660513961E-03
  7.1186440678E-08  1.3661560857E-03
  8.1355932203E-08  1.3662692627E-03
  9.1525423729E-08  1.3663903149E-03
  1.0169491525E-07  1.3665197030E-03
  1.1186440678E-07  1.3666588953E-03
  1.2203389831E-07  1.3668100691E-03
  1.3220338983E-07  1.3669756632E-03
  1.4237288136E-07  1.3671577996E-03
  1.5254237288E-07  1.3673575892E-03
  1.6271186441E-07  1.3675744400E-03
  1.7288135593E-07  1.3678055678E-03
  1.8305084746E-07  1.3680459106E-03
  1.9322033898E-07  1.3682884619E-03
  2.0338983051E-07  1.3685250809E-03
  2.1355932203E-07  1.3687477931E-03
  2.2372881356E-07  1.3689503463E-03
  2.3389830508E-07  1.3691297421E-03
  2.4406779661E-07  1.3692871766E-03
  2.5423728814E-07  1.3694278467E-03
  2.6440677966E-07  1.3695593802E-03
  2.7457627119E-07  1.3696887738E-03
  2.8474576271E-07  1.3698182416E-03
  2.9491525424E-07  1.3699412666E-03
  3.0508474576E-07  1.3700403818E-03
  3.1525423729E-07  1.3700882848E-03
  3.2542372881E-07  1.3700535664E-03
  3.3559322034E-07  1.3699102011E-03
  3.4576271186E-07  1.3696474930E-03
  3.5593220339E-07  1.3692748669E-03
  3.6610169492E-07  1.3688153860E-03
  3.7627118644E-07  1.3682864089E-03
  3.8644067797E-07  1.3676748833E-03
  3.9661016949E-07  1.3669253398E-03
  4.0677966102E-07  1.3659617782E-03
  4.1694915254E-07  1.3647455628E-03
  4.2711864407E-07  1.3633267359E-03
  4.3728813559E-07  1.3618100415E-03
  4.4745762712E-07  1.3602072530E-03
  4.5762711864E-07  1.3583230336E-03
  4.6779661017E-07  1.3559878094E-03
  4.7796610169E-07  1.3534761838E-03
  4.8813559322E-07  1.3509140501E-03
  4.9830508475E-07  1.3476887748E-03
  5.0847457627E-07  1.3440628644E-03
  5.1864406780E-07  1.3404273119E-03
  5.2881355932E-07  1.3361982422E-03
  5.3898305085E-07  1.3320600089E-03
  5.4915254237E-07  1.3280278769E-03
  5.5932203390E-07  1.3263418718E-03
  5.6949152542E-07  1.3173301050E-03
  5.7966101695E-07  1.3075254268E-03
  5.8983050847E-07  1.2948053832E-03
  6.0000000000E-07  1.2975173182E-03
 BLOCKEND
 $ X-AXIS = DISTANCE      Y-AXIS = W(C)
 BLOCK X=C1; Y=C2;       GOC=C3,WAD;
  0.0000000000E+00  8.4334075689E-04 M
  1.0169491525E-08  8.4335118937E-04
  2.0338983051E-08  8.4338211051E-04
  3.0508474576E-08  8.4343245727E-04
  4.0677966102E-08  8.4350063566E-04
  5.0847457627E-08  8.4358477646E-04
  6.1016949153E-08  8.4368311466E-04
  7.1186440678E-08  8.4379436939E-04
  8.1355932203E-08  8.4391806126E-04
  9.1525423729E-08  8.4405477321E-04
  1.0169491525E-07  8.4420629819E-04
  1.1186440678E-07  8.4437557907E-04
  1.2203389831E-07  8.4456642005E-04
  1.3220338983E-07  8.4478305285E-04
  1.4237288136E-07  8.4502957341E-04
  1.5254237288E-07  8.4530926167E-04
  1.6271186441E-07  8.4562389991E-04
  1.7288135593E-07  8.4597328560E-04
  1.8305084746E-07  8.4635513954E-04
  1.9322033898E-07  8.4676542388E-04
  2.0338983051E-07  8.4719912721E-04
  2.1355932203E-07  8.4765153776E-04
  2.2372881356E-07  8.4811977153E-04
  2.3389830508E-07  8.4860428508E-04
  2.4406779661E-07  8.4910981142E-04
  2.5423728814E-07  8.4964518030E-04
  2.6440677966E-07  8.5022177881E-04
  2.7457627119E-07  8.5085053059E-04
  2.8474576271E-07  8.5153778216E-04
  2.9491525424E-07  8.5228137090E-04
  3.0508474576E-07  8.5306838405E-04
  3.1525423729E-07  8.5387620610E-04
  3.2542372881E-07  8.5467813786E-04
  3.3559322034E-07  8.5545276298E-04
  3.4576271186E-07  8.5619379315E-04
  3.5593220339E-07  8.5691482463E-04
  3.6610169492E-07  8.5764290234E-04
  3.7627118644E-07  8.5839927506E-04
  3.8644067797E-07  8.5917475549E-04
  3.9661016949E-07  8.5991765345E-04
  4.0677966102E-07  8.6055543545E-04
  4.1694915254E-07  8.6105232753E-04
  4.2711864407E-07  8.6146050046E-04
  4.3728813559E-07  8.6188629635E-04
  4.4745762712E-07  8.6234291569E-04
  4.5762711864E-07  8.6263624007E-04
  4.6779661017E-07  8.6259700671E-04
  4.7796610169E-07  8.6249878861E-04
  4.8813559322E-07  8.6246587174E-04
  4.9830508475E-07  8.6188352763E-04
  5.0847457627E-07  8.6101019238E-04
  5.1864406780E-07  8.6023138993E-04
  5.2881355932E-07  8.5895724988E-04
  5.3898305085E-07  8.5786474346E-04
  5.4915254237E-07  8.5696189410E-04
  5.5932203390E-07  8.5848401134E-04
  5.6949152542E-07  8.5275578925E-04
  5.7966101695E-07  8.4628663710E-04
  5.8983050847E-07  8.3692023918E-04
  6.0000000000E-07  8.4297338752E-04
 BLOCKEND
