 PROLOGUE 1
 XSCALE        0.00000          0.800000E-06
 YSCALE       0.153870E-01       3.64538    
 XTEXT DISTANCE
 YTEXT WEIGHT-PERCENT C
 XTYPE LINEAR
 YTYPE LINEAR
 XLENGTH        11.5000    
 YLENGTH        11.5000    
 TITLE  Figure h2
 DATASET 1
 CLIP OFF
    0.00000    1.12000 NAM' TIME = 0,.001,.01,.1,.5,1,5,10,20
 1.05 1.05 MNA' CELL #   1
 CLIP ON
 $ X-AXIS = DISTANCE      Y-AXIS = W(C)
 BLOCK X=C1; Y=C2;       GOC=C3,WAD;
  0.0000000000E+00  3.0000000000E-01 M
  1.2244897959E-08  3.0000000000E-01
  2.4489795918E-08  3.0000000000E-01
  3.6734693878E-08  3.0000000000E-01
  4.8979591837E-08  3.0000000000E-01
  6.1224489796E-08  3.0000000000E-01
  7.3469387755E-08  3.0000000000E-01
  8.5714285714E-08  3.0000000000E-01
  9.7959183673E-08  3.0000000000E-01
  1.1020408163E-07  3.0000000000E-01
  1.2244897959E-07  3.0000000000E-01
  1.3469387755E-07  3.0000000000E-01
  1.4693877551E-07  3.0000000000E-01
  1.5918367347E-07  3.0000000000E-01
  1.7142857143E-07  3.0000000000E-01
  1.8367346939E-07  3.0000000000E-01
  1.9591836735E-07  3.0000000000E-01
  2.0816326531E-07  3.0000000000E-01
  2.2040816327E-07  3.0000000000E-01
  2.3265306122E-07  3.0000000000E-01
  2.4489795918E-07  3.0000000000E-01
  2.5714285714E-07  3.0000000000E-01
  2.6938775510E-07  3.0000000000E-01
  2.8163265306E-07  3.0000000000E-01
  2.9387755102E-07  3.0000000000E-01
  3.0612244898E-07  3.0000000000E-01
  3.1836734694E-07  3.0000000000E-01
  3.3061224490E-07  3.0000000000E-01
  3.4285714286E-07  3.0000000000E-01
  3.5510204082E-07  3.0000000000E-01
  3.6734693878E-07  3.0000000000E-01
  3.7959183673E-07  3.0000000000E-01
  3.9183673469E-07  3.0000000000E-01
  4.0408163265E-07  3.0000000000E-01
  4.1632653061E-07  3.0000000000E-01
  4.2857142857E-07  3.0000000000E-01
  4.4081632653E-07  3.0000000000E-01
  4.5306122449E-07  3.0000000000E-01
  4.6530612245E-07  3.0000000000E-01
  4.7755102041E-07  3.0000000000E-01
  4.8979591837E-07  3.0000000000E-01
  5.0204081633E-07  3.0000000000E-01
  5.1428571429E-07  3.0000000000E-01
  5.2653061224E-07  3.0000000000E-01
  5.3877551020E-07  3.0000000000E-01
  5.5102040816E-07  3.0000000000E-01
  5.6326530612E-07  3.0000000000E-01
  5.7551020408E-07  3.0000000000E-01
  5.8775510204E-07  3.0000000000E-01
  6.0000000000E-07  3.0000000000E-01
  6.0000000000E-07  3.0000000000E-01
  6.0048488392E-07  3.0000000000E-01
  6.0099401204E-07  3.0000000000E-01
  6.0152859657E-07  3.0000000000E-01
  6.0208991032E-07  3.0000000000E-01
  6.0267928976E-07  3.0000000000E-01
  6.0329813817E-07  3.0000000000E-01
  6.0394792901E-07  3.0000000000E-01
  6.0463020938E-07  3.0000000000E-01
  6.0534660377E-07  3.0000000000E-01
  6.0609881789E-07  3.0000000000E-01
  6.0688864270E-07  3.0000000000E-01
  6.0771795876E-07  3.0000000000E-01
  6.0858874062E-07  3.0000000000E-01
  6.0950306158E-07  3.0000000000E-01
  6.1046309858E-07  3.0000000000E-01
  6.1147113744E-07  3.0000000000E-01
  6.1252957823E-07  3.0000000000E-01
  6.1364094107E-07  3.0000000000E-01
  6.1480787204E-07  3.0000000000E-01
  6.1603314957E-07  3.0000000000E-01
  6.1731969097E-07  3.0000000000E-01
  6.1867055944E-07  3.0000000000E-01
  6.2008897134E-07  3.0000000000E-01
  6.2157830383E-07  3.0000000000E-01
  6.2314210295E-07  3.0000000000E-01
  6.2478409202E-07  3.0000000000E-01
  6.2650818054E-07  3.0000000000E-01
  6.2831847349E-07  3.0000000000E-01
  6.3021928109E-07  3.0000000000E-01
  6.3221512907E-07  3.0000000000E-01
  6.3431076945E-07  3.0000000000E-01
  6.3651119184E-07  3.0000000000E-01
  6.3882163536E-07  3.0000000000E-01
  6.4124760105E-07  3.0000000000E-01
  6.4379486503E-07  3.0000000000E-01
  6.4646949220E-07  3.0000000000E-01
  6.4927785074E-07  3.0000000000E-01
  6.5222662720E-07  3.0000000000E-01
  6.5532284248E-07  3.0000000000E-01
  6.5857386853E-07  3.0000000000E-01
  6.6198744588E-07  3.0000000000E-01
  6.6557170210E-07  3.0000000000E-01
  6.6933517112E-07  3.0000000000E-01
  6.7328681360E-07  3.0000000000E-01
  6.7743603821E-07  3.0000000000E-01
  6.8179272404E-07  3.0000000000E-01
  6.8636724417E-07  3.0000000000E-01
  6.9117049030E-07  3.0000000000E-01
  6.9621389874E-07  3.0000000000E-01
  7.0150947760E-07  3.0000000000E-01
  7.0706983540E-07  3.0000000000E-01
  7.1290821110E-07  3.0000000000E-01
  7.1903850558E-07  3.0000000000E-01
  7.2547531478E-07  3.0000000000E-01
  7.3223396444E-07  3.0000000000E-01
  7.3933054659E-07  3.0000000000E-01
  7.4678195784E-07  3.0000000000E-01
  7.5460593966E-07  3.0000000000E-01
  7.6282112056E-07  3.0000000000E-01
  7.7144706052E-07  3.0000000000E-01
  7.8050429747E-07  3.0000000000E-01
  7.9001439626E-07  3.0000000000E-01
  8.0000000000E-07  3.0000000000E-01
 BLOCKEND
 $ X-AXIS = DISTANCE      Y-AXIS = W(C)
 BLOCK X=C1; Y=C2;       GOC=C3,WAD;
  0.0000000000E+00  3.0000000000E-01 M
  1.2243140591E-08  3.0000000000E-01
  2.4486281181E-08  3.0000000000E-01
  3.6729421772E-08  3.0000000000E-01
  4.8972562363E-08  3.0000000000E-01
  6.1215702954E-08  3.0000000000E-01
  7.3458843544E-08  3.0000000000E-01
  8.5701984135E-08  3.0000000000E-01
  9.7945124726E-08  3.0000000000E-01
  1.1018826532E-07  3.0000000000E-01
  1.2243140591E-07  3.0000000000E-01
  1.3467454650E-07  3.0000000000E-01
  1.4691768709E-07  3.0000000000E-01
  1.5916082768E-07  3.0000000000E-01
  1.7140396827E-07  3.0000000000E-01
  1.8364710886E-07  3.0000000000E-01
  1.9589024945E-07  3.0000000000E-01
  2.0813339004E-07  3.0000000000E-01
  2.2037653063E-07  3.0000000000E-01
  2.3261967122E-07  3.0000000000E-01
  2.4486281181E-07  3.0000000000E-01
  2.5710595241E-07  3.0000000000E-01
  2.6934909300E-07  3.0000000000E-01
  2.8159223359E-07  3.0000000000E-01
  2.9383537418E-07  3.0000000000E-01
  3.0607851477E-07  3.0000000000E-01
  3.1832165536E-07  3.0000000000E-01
  3.3056479595E-07  3.0000000000E-01
  3.4280793654E-07  3.0000000000E-01
  3.5505107713E-07  3.0000000000E-01
  3.6729421772E-07  3.0000000000E-01
  3.7953735831E-07  2.9999999997E-01
  3.9178049890E-07  2.9999999988E-01
  4.0402363949E-07  2.9999999936E-01
  4.1626678008E-07  2.9999999675E-01
  4.2850992068E-07  2.9999998439E-01
  4.4075306127E-07  2.9999991998E-01
  4.5299620186E-07  2.9999963087E-01
  4.6523934245E-07  2.9999832164E-01
  4.7748248304E-07  2.9999236897E-01
  4.8972562363E-07  2.9997054759E-01
  5.0196876422E-07  2.9989122232E-01
  5.1421190481E-07  2.9953829840E-01
  5.2645504540E-07  2.9800080567E-01
  5.3869818599E-07  2.9270229711E-01
  5.5094132658E-07  2.7844941746E-01
  5.6318446717E-07  2.4840171649E-01
  5.7542760776E-07  1.9588145805E-01
  5.8767074835E-07  1.2389734119E-01
  5.9991388895E-07  2.8133601987E-02
  6.0003600899E-07  2.4601063689E-02
  6.0040627162E-07  2.0619509737E-02
  6.0078295114E-07  1.8623677824E-02
  6.0132134597E-07  1.6926725035E-02
  6.0205560345E-07  1.5849664871E-02
  6.0305449080E-07  1.5849664871E-02
  6.0305449080E-07  3.5804016867E+00
  6.0305576581E-07  3.3346311342E+00
  6.0322743946E-07  3.3119647882E+00
  6.0370449872E-07  3.1993257700E+00
  6.0420541094E-07  3.0736105255E+00
  6.0473136877E-07  2.7552851352E+00
  6.0528362449E-07  1.9383441171E+00
  6.0586349300E-07  8.9055000633E-01
  6.0647235493E-07  2.8239702400E-01
  6.0711165996E-07  3.0554286425E-01
  6.0778293024E-07  2.9946134662E-01
  6.0848776403E-07  2.9995440433E-01
  6.0922783952E-07  2.9978414242E-01
  6.1000491878E-07  2.9978406014E-01
  6.1082085200E-07  2.9973426971E-01
  6.1167758188E-07  2.9970578403E-01
  6.1257714826E-07  2.9968269135E-01
  6.1451346489E-07  2.9965144620E-01
  6.1664825397E-07  2.9965579988E-01
  6.1900185893E-07  2.9970059794E-01
  6.2159670840E-07  2.9975656672E-01
  6.2299223111E-07  2.9975534299E-01
  6.2445752995E-07  2.9974481609E-01
  6.2599609373E-07  2.9973311872E-01
  6.2761158570E-07  2.9972098072E-01
  6.2930785226E-07  2.9970820471E-01
  6.3108893216E-07  2.9969479634E-01
  6.3295906605E-07  2.9968071628E-01
  6.3492270664E-07  2.9966593245E-01
  6.3698452925E-07  2.9965040940E-01
  6.3914944300E-07  2.9963411020E-01
  6.4142260243E-07  2.9961699604E-01
  6.4380941984E-07  2.9959902617E-01
  6.4631557811E-07  2.9958015782E-01
  6.4894704430E-07  2.9956034604E-01
  6.5171008380E-07  2.9953954368E-01
  6.5461127527E-07  2.9951770120E-01
  6.5765752632E-07  2.9949476662E-01
  6.6085608992E-07  2.9947068530E-01
  6.6421458169E-07  2.9944539991E-01
  6.6774099806E-07  2.9941885025E-01
  6.7144373525E-07  2.9939097313E-01
  6.7533160929E-07  2.9936170214E-01
  6.7941387704E-07  2.9933096760E-01
  6.8370025818E-07  2.9929869633E-01
  6.8820095837E-07  2.9926481152E-01
  6.9292669357E-07  2.9922923247E-01
  6.9788871553E-07  2.9919187448E-01
  7.0309883859E-07  2.9915264860E-01
  7.0856946781E-07  2.9911146144E-01
  7.1431362848E-07  2.9906821492E-01
  7.2034499719E-07  2.9902280607E-01
  7.2667793433E-07  2.9897512679E-01
  7.3332751833E-07  2.9892506354E-01
  7.4030958153E-07  2.9887249727E-01
  7.4764074789E-07  2.9881730221E-01
  7.5533847257E-07  2.9875934939E-01
  7.6342108348E-07  2.9869849407E-01
  7.7190782493E-07  2.9863484196E-01
  7.8081890346E-07  2.9857956209E-01
  7.9017553592E-07  2.9890827124E-01
  7.9508776796E-07  2.9961859417E-01
  8.0000000000E-07  2.9999474798E-01
 BLOCKEND
 $ X-AXIS = DISTANCE      Y-AXIS = W(C)
 BLOCK X=C1; Y=C2;       GOC=C3,WAD;
  0.0000000000E+00  2.9999999736E-01 M
  1.2278530675E-08  2.9999999697E-01
  2.4557061349E-08  2.9999999567E-01
  3.6835592024E-08  2.9999999308E-01
  4.9114122699E-08  2.9999998847E-01
  6.1392653374E-08  2.9999998051E-01
  7.3671184048E-08  2.9999996694E-01
  8.5949714723E-08  2.9999994398E-01
  9.8228245398E-08  2.9999990526E-01
  1.1050677607E-07  2.9999984024E-01
  1.2278530675E-07  2.9999973146E-01
  1.3506383742E-07  2.9999955020E-01
  1.4734236810E-07  2.9999924943E-01
  1.5962089877E-07  2.9999875270E-01
  1.7189942945E-07  2.9999793642E-01
  1.8417796012E-07  2.9999660225E-01
  1.9645649080E-07  2.9999443436E-01
  2.0873502147E-07  2.9999093399E-01
  2.2101355214E-07  2.9998532065E-01
  2.3329208282E-07  2.9997638502E-01
  2.4557061349E-07  2.9996227324E-01
  2.5784914417E-07  2.9994017597E-01
  2.7012767484E-07  2.9990588825E-01
  2.8240620552E-07  2.9985319832E-01
  2.9468473619E-07  2.9977305675E-01
  3.0696326687E-07  2.9965247078E-01
  3.1924179754E-07  2.9947306424E-01
  3.3152032822E-07  2.9920924508E-01
  3.4379885889E-07  2.9882592664E-01
  3.5607738957E-07  2.9827576401E-01
  3.6835592024E-07  2.9749590980E-01
  3.8063445092E-07  2.9640437086E-01
  3.9291298159E-07  2.9489618259E-01
  4.0519151227E-07  2.9283980551E-01
  4.1747004294E-07  2.9007435138E-01
  4.2974857361E-07  2.8640842130E-01
  4.4202710429E-07  2.8162148496E-01
  4.5430563496E-07  2.7546874471E-01
  4.6658416564E-07  2.6769021146E-01
  4.7886269631E-07  2.5802434291E-01
  4.9114122699E-07  2.4622614308E-01
  5.0341975766E-07  2.3208851862E-01
  5.1569828834E-07  2.1546629067E-01
  5.2797681901E-07  1.9629678175E-01
  5.4025534969E-07  1.7462878963E-01
  5.5253388036E-07  1.5060324089E-01
  5.6481241104E-07  1.2458512525E-01
  5.7709094171E-07  9.6691310056E-02
  5.8936947239E-07  6.8645108840E-02
  6.0164800306E-07  2.8955388538E-02
  6.0177047610E-07  2.7149018171E-02
  6.0214180902E-07  2.5046057069E-02
  6.0251957738E-07  2.3851383198E-02
  6.0305952849E-07  2.2605397033E-02
  6.0379590841E-07  2.1216175633E-02
  6.0479768315E-07  1.9678156855E-02
  6.0610657353E-07  1.8097750398E-02
  6.0780374049E-07  1.6751171766E-02
  6.0999432926E-07  1.5849664871E-02
  6.1280677199E-07  1.5849664871E-02
  6.1280677199E-07  3.5804016867E+00
  6.1280798386E-07  3.3549836085E+00
  6.1297115663E-07  3.3479045870E+00
  6.1342459303E-07  3.3213551761E+00
  6.1390070125E-07  3.2822273375E+00
  6.1440061488E-07  3.2339825962E+00
  6.1492552418E-07  3.1858317435E+00
  6.1547667896E-07  3.1415081231E+00
  6.1605539147E-07  3.0985929319E+00
  6.1666303961E-07  3.0406093775E+00
  6.1730107016E-07  2.9395388645E+00
  6.1797100223E-07  2.7740846111E+00
  6.1867443091E-07  2.4931046793E+00
  6.1941303102E-07  2.0798627268E+00
  6.2018856114E-07  1.6459304006E+00
  6.2100286776E-07  1.0756897932E+00
  6.2185788971E-07  7.4999143009E-01
  6.2369832447E-07  3.2867613863E-01
  6.2572740378E-07  2.8544020403E-01
  6.2796446373E-07  3.0223205788E-01
  6.3043082232E-07  2.9971841337E-01
  6.3175724200E-07  2.9966551517E-01
  6.3314998267E-07  2.9966052195E-01
  6.3461236037E-07  2.9964771526E-01
  6.3614785695E-07  2.9963540137E-01
  6.3776012837E-07  2.9962234173E-01
  6.3945301335E-07  2.9960863294E-01
  6.4123054258E-07  2.9959423979E-01
  6.4309694828E-07  2.9957912663E-01
  6.4505667426E-07  2.9956325793E-01
  6.4711438654E-07  2.9954659585E-01
  6.4927498443E-07  2.9952910073E-01
  6.5154361221E-07  2.9951073090E-01
  6.5392567139E-07  2.9949144257E-01
  6.5642683353E-07  2.9947118976E-01
  6.5905305377E-07  2.9944992425E-01
  6.6181058502E-07  2.9942759552E-01
  6.6470599284E-07  2.9940415045E-01
  6.6774617105E-07  2.9937953317E-01
  6.7093835816E-07  2.9935368509E-01
  6.7429015464E-07  2.9932654468E-01
  6.7780954093E-07  2.9929804726E-01
  6.8150489655E-07  2.9926812499E-01
  6.8538501994E-07  2.9923670670E-01
  6.8945914950E-07  2.9920371755E-01
  6.9373698554E-07  2.9916907896E-01
  6.9822871338E-07  2.9913270846E-01
  7.0294502762E-07  2.9909451952E-01
  7.0789715757E-07  2.9905442129E-01
  7.1309689401E-07  2.9901231826E-01
  7.1855661728E-07  2.9896811019E-01
  7.2428932670E-07  2.9892169187E-01
  7.3030867161E-07  2.9887295273E-01
  7.3662898375E-07  2.9882177667E-01
  7.4326531150E-07  2.9876804211E-01
  7.5023345564E-07  2.9871162101E-01
  7.5755000699E-07  2.9865240103E-01
  7.6523238591E-07  2.9859048408E-01
  7.7329888377E-07  2.9852997869E-01
  7.8176870652E-07  2.9851594983E-01
  7.9066202041E-07  2.9892863609E-01
  7.9533101021E-07  2.9958680810E-01
  8.0000000000E-07  2.9994284655E-01
 BLOCKEND
 $ X-AXIS = DISTANCE      Y-AXIS = W(C)
 BLOCK X=C1; Y=C2;       GOC=C3,WAD;
  0.0000000000E+00  2.8472221997E-01 M
  1.2289348592E-08  2.8464421343E-01
  2.4578697183E-08  2.8441064238E-01
  3.6868045775E-08  2.8402055840E-01
  4.9157394367E-08  2.8347239308E-01
  6.1446742958E-08  2.8276397629E-01
  7.3736091550E-08  2.8189255696E-01
  8.6025440142E-08  2.8085483240E-01
  9.8314788733E-08  2.7964698370E-01
  1.1060413733E-07  2.7826471729E-01
  1.2289348592E-07  2.7670331231E-01
  1.3518283451E-07  2.7495767346E-01
  1.4747218310E-07  2.7302238884E-01
  1.5976153169E-07  2.7089179268E-01
  1.7205088028E-07  2.6856003242E-01
  1.8434022888E-07  2.6602113987E-01
  1.9662957747E-07  2.6326910609E-01
  2.0891892606E-07  2.6029795919E-01
  2.2120827465E-07  2.5710184472E-01
  2.3349762324E-07  2.5367510780E-01
  2.4578697183E-07  2.5001237628E-01
  2.5807632043E-07  2.4610864450E-01
  2.7036566902E-07  2.4195935648E-01
  2.8265501761E-07  2.3756048847E-01
  2.9494436620E-07  2.3290863018E-01
  3.0723371479E-07  2.2800106350E-01
  3.1952306338E-07  2.2283583772E-01
  3.3181241198E-07  2.1741184039E-01
  3.4410176057E-07  2.1172886312E-01
  3.5639110916E-07  2.0578766280E-01
  3.6868045775E-07  1.9959001739E-01
  3.8096980634E-07  1.9313877423E-01
  3.9325915493E-07  1.8643788867E-01
  4.0554850353E-07  1.7949245664E-01
  4.1783785212E-07  1.7230874218E-01
  4.3012720071E-07  1.6489419207E-01
  4.4241654930E-07  1.5725743863E-01
  4.5470589789E-07  1.4940830165E-01
  4.6699524648E-07  1.4135777600E-01
  4.7928459508E-07  1.3311799434E-01
  4.9157394367E-07  1.2470222835E-01
  5.0386329226E-07  1.1612475225E-01
  5.1615264085E-07  1.0740117778E-01
  5.2844198944E-07  9.8547265606E-02
  5.4073133803E-07  8.9583931798E-02
  5.5302068663E-07  8.0523397786E-02
  5.6531003522E-07  7.1430338187E-02
  5.7759938381E-07  6.2249072653E-02
  5.8988873240E-07  5.3730222256E-02
  6.0217808099E-07  3.7170778385E-02
  6.0230066194E-07  3.4471354180E-02
  6.0267232202E-07  3.1899356136E-02
  6.0305042320E-07  3.0831258859E-02
  6.0359085004E-07  2.9884874886E-02
  6.0432787874E-07  2.8974912931E-02
  6.0533053609E-07  2.7962962950E-02
  6.0664057965E-07  2.6833031795E-02
  6.0833924189E-07  2.5511474296E-02
  6.1053176067E-07  2.3976769407E-02
  6.1334668128E-07  2.2248727983E-02
  6.1691308683E-07  2.0404219285E-02
  6.2139566048E-07  1.8581896380E-02
  6.2717202463E-07  1.6959984526E-02
  6.3474950907E-07  1.5849664871E-02
  6.4450832762E-07  1.5849664871E-02
  6.4450832762E-07  3.5804016867E+00
  6.4450933426E-07  3.3493837853E+00
  6.4464487339E-07  3.3477136068E+00
  6.4502151941E-07  3.3420769464E+00
  6.4541699772E-07  3.3353708003E+00
  6.4583224996E-07  3.3283283431E+00
  6.4626826480E-07  3.3209326563E+00
  6.4672608039E-07  3.3091680677E+00
  6.4720678676E-07  3.2960905541E+00
  6.4771152844E-07  3.2818212185E+00
  6.4824150721E-07  3.2667984203E+00
  6.4879798492E-07  3.2491798880E+00
  6.4938228651E-07  3.2303052910E+00
  6.4999580319E-07  3.2103049054E+00
  6.5063999569E-07  3.1891762894E+00
  6.5131639782E-07  3.1672591675E+00
  6.5202662006E-07  3.1466136012E+00
  6.5355537343E-07  3.1090244532E+00
  6.5524082402E-07  3.0673160103E+00
  6.5709903330E-07  3.0059739905E+00
  6.5914770902E-07  2.8987542869E+00
  6.6024949682E-07  2.8225659576E+00
  6.6140637401E-07  2.7211098852E+00
  6.6262109506E-07  2.5860541792E+00
  6.6389655216E-07  2.4163013331E+00
  6.6523578211E-07  2.2045352768E+00
  6.6664197356E-07  1.9235339771E+00
  6.6811847459E-07  1.5922435968E+00
  6.6966880067E-07  1.2416040863E+00
  6.7129664305E-07  9.1271556603E-01
  6.7300587755E-07  7.2574997383E-01
  6.7480057377E-07  6.1705404098E-01
  6.7668500481E-07  5.3042355861E-01
  6.7866365739E-07  4.5027605354E-01
  6.8074124261E-07  3.7323392599E-01
  6.8292270709E-07  3.2714448487E-01
  6.8521324479E-07  3.0766284109E-01
  6.8761830938E-07  3.0023755100E-01
  6.9014362720E-07  2.9896798000E-01
  6.9279521090E-07  2.9883886183E-01
  6.9557937379E-07  2.9878470214E-01
  6.9850274483E-07  2.9874705149E-01
  7.0157228442E-07  2.9870934884E-01
  7.0479530099E-07  2.9866982788E-01
  7.0817946839E-07  2.9862833280E-01
  7.1173284415E-07  2.9858476371E-01
  7.1546388871E-07  2.9853901609E-01
  7.1938148549E-07  2.9849098061E-01
  7.2349496211E-07  2.9844054254E-01
  7.2781411257E-07  2.9838758254E-01
  7.3234922054E-07  2.9833197557E-01
  7.3711108392E-07  2.9827358934E-01
  7.4211104046E-07  2.9821228867E-01
  7.4736099483E-07  2.9814795604E-01
  7.5287344692E-07  2.9808058691E-01
  7.5866152161E-07  2.9801078238E-01
  7.6473900004E-07  2.9794184600E-01
  7.7112035239E-07  2.9788846695E-01
  7.7782077236E-07  2.9790679905E-01
  7.8485621332E-07  2.9814454330E-01
  7.9224342634E-07  2.9879683721E-01
  7.9612171317E-07  2.9919664199E-01
  8.0000000000E-07  2.9938268046E-01
 BLOCKEND
 $ X-AXIS = DISTANCE      Y-AXIS = W(C)
 BLOCK X=C1; Y=C2;       GOC=C3,WAD;
  0.0000000000E+00  1.3625344041E-01 M
  1.2555413344E-08  1.3620210664E-01
  2.5110826687E-08  1.3605038007E-01
  3.7666240031E-08  1.3579840510E-01
  5.0221653374E-08  1.3544642060E-01
  6.2777066718E-08  1.3499475951E-01
  7.5332480061E-08  1.3444384857E-01
  8.7887893405E-08  1.3379420793E-01
  1.0044330675E-07  1.3304645065E-01
  1.1299872009E-07  1.3220128231E-01
  1.2555413344E-07  1.3125950060E-01
  1.3810954678E-07  1.3022199478E-01
  1.5066496012E-07  1.2908974501E-01
  1.6322037347E-07  1.2786382167E-01
  1.7577578681E-07  1.2654538463E-01
  1.8833120015E-07  1.2513568251E-01
  2.0088661350E-07  1.2363605221E-01
  2.1344202684E-07  1.2204791838E-01
  2.2599744018E-07  1.2037279307E-01
  2.3855285353E-07  1.1861227539E-01
  2.5110826687E-07  1.1676805144E-01
  2.6366368022E-07  1.1484189428E-01
  2.7621909356E-07  1.1283566423E-01
  2.8877450690E-07  1.1075130996E-01
  3.0132992025E-07  1.0859087036E-01
  3.1388533359E-07  1.0635647721E-01
  3.2644074693E-07  1.0405035849E-01
  3.3899616028E-07  1.0167484280E-01
  3.5155157362E-07  9.9232366030E-02
  3.6410698696E-07  9.6725481373E-02
  3.7666240031E-07  9.4156872821E-02
  3.8921781365E-07  9.1529309872E-02
  4.0177322699E-07  8.8844767287E-02
  4.1432864034E-07  8.6107689417E-02
  4.2688405368E-07  8.3321544203E-02
  4.3943946703E-07  8.0490103446E-02
  4.5199488037E-07  7.7617523470E-02
  4.6455029371E-07  7.4708448737E-02
  4.7710570706E-07  7.1768143835E-02
  4.8966112040E-07  6.8802662530E-02
  5.0221653374E-07  6.5819212100E-02
  5.1477194709E-07  6.2825845008E-02
  5.2732736043E-07  5.9835474625E-02
  5.3988277377E-07  5.6850848311E-02
  5.5243818712E-07  5.3943614243E-02
  5.6499360046E-07  5.0927189950E-02
  5.7754901380E-07  4.8851762156E-02
  5.9010442715E-07  4.4350306627E-02
  6.0265984049E-07  3.2285174854E-02
  6.1521525384E-07  2.7307223065E-02
  6.1534048866E-07  2.6602042212E-02
  6.1572019519E-07  2.5916195277E-02
  6.1843595968E-07  2.4737751494E-02
  6.2662565464E-07  2.2627083458E-02
  6.3484889447E-07  2.0892747594E-02
  6.4075031708E-07  1.9824759602E-02
  6.4849185427E-07  1.8603254511E-02
  6.5846195152E-07  1.7450379982E-02
  6.7109821660E-07  1.6448893433E-02
  6.8691690549E-07  1.5849664871E-02
  7.0609128105E-07  1.5849664871E-02
  7.0609128105E-07  3.5804016867E+00
  7.0609188901E-07  3.3484627224E+00
  7.0617374745E-07  3.3482102442E+00
  7.0640122166E-07  3.3475346274E+00
  7.0664006958E-07  3.3468329610E+00
  7.0689085989E-07  3.3460961982E+00
  7.0715418972E-07  3.3451464353E+00
  7.0743068604E-07  3.3440384948E+00
  7.0772100718E-07  3.3428751247E+00
  7.0802584437E-07  3.3416535501E+00
  7.0834592342E-07  3.3402293133E+00
  7.0868200643E-07  3.3384018826E+00
  7.0903489359E-07  3.3363000762E+00
  7.0940542510E-07  3.3339483425E+00
  7.0979448319E-07  3.3312777790E+00
  7.1020299419E-07  3.3281968696E+00
  7.1063193073E-07  3.3244354473E+00
  7.1155521664E-07  3.3161753202E+00
  7.1257313936E-07  3.3058629789E+00
  7.1369539915E-07  3.2931586995E+00
  7.1493269058E-07  3.2764959175E+00
  7.1559811194E-07  3.2671425625E+00
  7.1629680438E-07  3.2569688259E+00
  7.1703043143E-07  3.2463087795E+00
  7.1780073984E-07  3.2348208868E+00
  7.1860956366E-07  3.2227481497E+00
  7.1945882868E-07  3.2096000592E+00
  7.2035055695E-07  3.1948828163E+00
  7.2128687163E-07  3.1796651403E+00
  7.2227000205E-07  3.1640338258E+00
  7.2330228898E-07  3.1476149532E+00
  7.2438619027E-07  3.1311311338E+00
  7.2552428662E-07  3.1134354101E+00
  7.2671928778E-07  3.0946603182E+00
  7.2797403901E-07  3.0739328086E+00
  7.2929152779E-07  3.0519870066E+00
  7.3067489102E-07  3.0281624231E+00
  7.3212742240E-07  3.0011132790E+00
  7.3365258036E-07  2.9702587625E+00
  7.3525399621E-07  2.9346487950E+00
  7.3693548286E-07  2.8895844023E+00
  7.3870104383E-07  2.8358710111E+00
  7.4055488286E-07  2.7690268727E+00
  7.4250141384E-07  2.6857515229E+00
  7.4454527136E-07  2.5800973443E+00
  7.4669132177E-07  2.4553947968E+00
  7.4894467469E-07  2.3132741367E+00
  7.5131069526E-07  2.1626527517E+00
  7.5379501686E-07  2.0132563432E+00
  7.5640355454E-07  1.8641696530E+00
  7.5914251910E-07  1.6836104347E+00
  7.6201843189E-07  1.4725129882E+00
  7.6503814032E-07  1.2252176976E+00
  7.6820883417E-07  9.3831098023E-01
  7.7153806271E-07  6.7291122585E-01
  7.7503375268E-07  4.6615751575E-01
  7.7870422715E-07  3.4438618286E-01
  7.8255822534E-07  2.9867516036E-01
  7.8660492344E-07  2.9995756276E-01
  7.9085395645E-07  2.9763065851E-01
  7.9531544111E-07  2.9763277787E-01
  7.9765772055E-07  2.9793885805E-01
  8.0000000000E-07  2.9809482744E-01
 BLOCKEND
 $ X-AXIS = DISTANCE      Y-AXIS = W(C)
 BLOCK X=C1; Y=C2;       GOC=C3,WAD;
  0.0000000000E+00  6.5518059189E-02 M
  1.2290360605E-08  6.5500473299E-02
  2.4580721209E-08  6.5447830941E-02
  3.6871081814E-08  6.5360173078E-02
  4.9161442418E-08  6.5237567933E-02
  6.1451803023E-08  6.5080110927E-02
  7.3742163627E-08  6.4887924610E-02
  8.6032524232E-08  6.4661158556E-02
  9.8322884836E-08  6.4399989199E-02
  1.1061324544E-07  6.4104619764E-02
  1.2290360605E-07  6.3775280333E-02
  1.3519396665E-07  6.3412227871E-02
  1.4748432725E-07  6.3015746156E-02
  1.5977468786E-07  6.2586145838E-02
  1.7206504846E-07  6.2123764474E-02
  1.8435540907E-07  6.1628966719E-02
  1.9664576967E-07  6.1102144851E-02
  2.0893613028E-07  6.0543719441E-02
  2.2122649088E-07  5.9954140329E-02
  2.3351685149E-07  5.9333887977E-02
  2.4580721209E-07  5.8683475194E-02
  2.5809757270E-07  5.8003449456E-02
  2.7038793330E-07  5.7294395763E-02
  2.8267829390E-07  5.6556940643E-02
  2.9496865451E-07  5.5791757755E-02
  3.0725901511E-07  5.4999574995E-02
  3.1954937572E-07  5.4181183490E-02
  3.3183973632E-07  5.3337448783E-02
  3.4413009693E-07  5.2469325157E-02
  3.5642045753E-07  5.1577874821E-02
  3.6871081814E-07  5.0664293464E-02
  3.8100117874E-07  4.9729942183E-02
  3.9329153935E-07  4.8776386645E-02
  4.0558189995E-07  4.7805449823E-02
  4.1787226055E-07  4.6819283624E-02
  4.3016262116E-07  4.5820457024E-02
  4.4245298176E-07  4.4812068426E-02
  4.5474334237E-07  4.3797900924E-02
  4.6703370297E-07  4.2782618693E-02
  4.7932406358E-07  4.1772007992E-02
  4.9161442418E-07  4.0773341207E-02
  5.0390478479E-07  3.9795720563E-02
  5.1619514539E-07  3.8851008844E-02
  5.2848550600E-07  3.7953548680E-02
  5.4077586660E-07  3.7125909605E-02
  5.5306622720E-07  3.6388295724E-02
  5.6535658781E-07  3.5816635995E-02
  5.7764694841E-07  3.5401460628E-02
  5.8993730902E-07  3.5907657817E-02
  6.0222766962E-07  2.5057786951E-02
  6.0235026066E-07  2.3833516737E-02
  6.0272195135E-07  2.2724504948E-02
  6.0538038432E-07  2.1467176273E-02
  6.1339718963E-07  2.0233981584E-02
  6.2144683165E-07  1.9478245933E-02
  6.2722367149E-07  1.8993981569E-02
  6.3480177992E-07  1.8383666988E-02
  6.4456140209E-07  1.7683996979E-02
  6.5693090760E-07  1.6971387398E-02
  6.7241565393E-07  1.6356859689E-02
  6.9118524626E-07  1.5951031733E-02
  7.1351752315E-07  1.5807165311E-02
  7.4042460786E-07  1.5849664871E-02
  7.4042460786E-07  3.5804016868E+00
  7.4042499355E-07  3.3971236562E+00
  7.4047692428E-07  3.3974238657E+00
  7.4062123319E-07  3.3982601897E+00
  7.4077275755E-07  3.3991413018E+00
  7.4093185813E-07  3.4000403625E+00
  7.4109891373E-07  3.4009814288E+00
  7.4127432212E-07  3.4019695220E+00
  7.4145850092E-07  3.4029748563E+00
  7.4165188867E-07  3.4040188759E+00
  7.4185494580E-07  3.4050348546E+00
  7.4206815579E-07  3.4060947809E+00
  7.4229202627E-07  3.4071765735E+00
  7.4252709029E-07  3.4083017265E+00
  7.4277390750E-07  3.4094677413E+00
  7.4303306557E-07  3.4106312680E+00
  7.4330518155E-07  3.4118133016E+00
  7.4389091119E-07  3.4140366196E+00
  7.4453667812E-07  3.4159387271E+00
  7.4524863616E-07  3.4175309154E+00
  7.4603356990E-07  3.4190123025E+00
  7.4645571109E-07  3.4195469698E+00
  7.4689895934E-07  3.4200691537E+00
  7.4736437001E-07  3.4206042361E+00
  7.4785305121E-07  3.4210863449E+00
  7.4836616647E-07  3.4210970237E+00
  7.4890493749E-07  3.4210193236E+00
  7.4947064706E-07  3.4209134373E+00
  7.5006464211E-07  3.4203917041E+00
  7.5068833692E-07  3.4194440956E+00
  7.5134321646E-07  3.4182792943E+00
  7.5203083999E-07  3.4169747663E+00
  7.5275284468E-07  3.4155258208E+00
  7.5351094962E-07  3.4139999499E+00
  7.5430695980E-07  3.4118374161E+00
  7.5514277048E-07  3.4094688915E+00
  7.5602037171E-07  3.4070283388E+00
  7.5694185299E-07  3.4044674802E+00
  7.5790940834E-07  3.4017163499E+00
  7.5892534145E-07  3.3989795349E+00
  7.5999207122E-07  3.3963005672E+00
  7.6111213748E-07  3.3936206125E+00
  7.6228820706E-07  3.3909332937E+00
  7.6352308011E-07  3.3885604402E+00
  7.6481969681E-07  3.3866764977E+00
  7.6618114435E-07  3.3849536370E+00
  7.6761066427E-07  3.3834916830E+00
  7.6911166018E-07  3.3818455951E+00
  7.7068770589E-07  3.3799448968E+00
  7.7234255388E-07  3.3773025604E+00
  7.7408014427E-07  3.3735178419E+00
  7.7590461419E-07  3.3675344132E+00
  7.7782030759E-07  3.3594036158E+00
  7.7983178567E-07  3.3480320299E+00
  7.8194383765E-07  3.3336231562E+00
  7.8416149223E-07  3.3162149965E+00
  7.8649002955E-07  3.2946842694E+00
  7.8893499372E-07  3.2714566010E+00
  7.9150220611E-07  3.2467272045E+00
  7.9419777911E-07  3.2254894923E+00
  7.9702813076E-07  3.2077016576E+00
  7.9851406538E-07  3.2028386350E+00
  8.0000000000E-07  3.2003546118E+00
 BLOCKEND
 $ X-AXIS = DISTANCE      Y-AXIS = W(C)
 BLOCK X=C1; Y=C2;       GOC=C3,WAD;
  0.0000000000E+00  1.5386994164E-02 M
  9.7211549599E-09  1.5388240279E-02
  1.9442309920E-08  1.5387181222E-02
  2.9163464880E-08  1.5388619725E-02
  3.8884619840E-08  1.5390961732E-02
  4.8605774799E-08  1.5393986562E-02
  5.8326929759E-08  1.5396586299E-02
  6.8048084719E-08  1.5400141250E-02
  7.7769239679E-08  1.5404671281E-02
  8.7490394639E-08  1.5410199425E-02
  9.7211549599E-08  1.5416298901E-02
  1.0693270456E-07  1.5422360612E-02
  1.1665385952E-07  1.5429531507E-02
  1.2637501448E-07  1.5437848883E-02
  1.3609616944E-07  1.5447352983E-02
  1.4581732440E-07  1.5457432249E-02
  1.5553847936E-07  1.5467965900E-02
  1.6525963432E-07  1.5479867042E-02
  1.7498078928E-07  1.5493194402E-02
  1.8470194424E-07  1.5508009656E-02
  1.9442309920E-07  1.5523552009E-02
  2.0414425416E-07  1.5540164320E-02
  2.1386540912E-07  1.5558537275E-02
  2.2358656408E-07  1.5578760000E-02
  2.3330771904E-07  1.5600925566E-02
  2.4302887400E-07  1.5624187180E-02
  2.5275002896E-07  1.5649313846E-02
  2.6247118392E-07  1.5676803466E-02
  2.7219233888E-07  1.5706796303E-02
  2.8191349384E-07  1.5739440041E-02
  2.9163464880E-07  1.5773932359E-02
  3.0135580376E-07  1.5811405802E-02
  3.1107695872E-07  1.5852232349E-02
  3.2079811368E-07  1.5896653925E-02
  3.3051926864E-07  1.5944916604E-02
  3.4024042360E-07  1.5996621871E-02
  3.4996157856E-07  1.6053084664E-02
  3.5968273352E-07  1.6114728914E-02
  3.6940388848E-07  1.6182024073E-02
  3.7912504344E-07  1.6255467088E-02
  3.8884619840E-07  1.6335887600E-02
  3.9856735336E-07  1.6424400468E-02
  4.0828850832E-07  1.6521920851E-02
  4.1800966328E-07  1.6629475017E-02
  4.2773081824E-07  1.6748709485E-02
  4.3745197320E-07  1.6882496175E-02
  4.4717312816E-07  1.7032023096E-02
  4.5689428312E-07  1.7199468265E-02
  4.6661543808E-07  1.7387298406E-02
  4.7633659304E-07  1.7600993831E-02
  4.7883025690E-07  1.7661030913E-02
  4.8517121053E-07  1.7824136747E-02
  4.9153813661E-07  1.7999003798E-02
  4.9610737237E-07  1.8138421128E-02
  5.0210133535E-07  1.8326436791E-02
  5.0982078334E-07  1.8609487717E-02
  5.1960453857E-07  1.9010893881E-02
  5.3185231741E-07  1.9612426292E-02
  5.4669827039E-07  2.0496264840E-02
  5.6436215603E-07  2.1218162338E-02
  5.8564452100E-07  2.5784769625E-02
  5.8936158855E-07  1.5838609570E-02
  5.9185006313E-07  1.5849664871E-02
  5.9185006313E-07  3.5804016869E+00
  6.6735308288E-07  3.5657457599E+00
  7.4285610263E-07  3.5271948165E+00
  7.4290591420E-07  3.5276219752E+00
  7.4561875726E-07  3.5502413678E+00
  7.4823580681E-07  3.5658158521E+00
  7.5099000097E-07  3.5780595094E+00
  7.5332877980E-07  3.5855891715E+00
  7.5540805310E-07  3.5910944406E+00
  7.5781507187E-07  3.5975404903E+00
  7.5962702157E-07  3.6023216357E+00
  7.6162469612E-07  3.6076073651E+00
  7.6382713232E-07  3.6141541786E+00
  7.6625531822E-07  3.6218487146E+00
  7.6893239318E-07  3.6300526163E+00
  7.7037213715E-07  3.6340413239E+00
  7.7188386832E-07  3.6378274010E+00
  7.7347118604E-07  3.6411319784E+00
  7.7513786966E-07  3.6435066222E+00
  7.7688788745E-07  3.6451289317E+00
  7.7872540614E-07  3.6453788080E+00
  7.8065480076E-07  3.6444333102E+00
  7.8268066511E-07  3.6424826569E+00
  7.8480782267E-07  3.6391974055E+00
  7.8704133812E-07  3.6349151446E+00
  7.8938652934E-07  3.6301101893E+00
  7.9184898012E-07  3.6251315334E+00
  7.9443455343E-07  3.6209655470E+00
  7.9714940542E-07  3.6172467993E+00
  7.9857470271E-07  3.6162597591E+00
  8.0000000000E-07  3.6156363161E+00
 BLOCKEND
 $ X-AXIS = DISTANCE      Y-AXIS = W(C)
 BLOCK X=C1; Y=C2;       GOC=C3,WAD;
  0.0000000000E+00  1.5513807704E-02 M
  9.7203312466E-09  1.5514806526E-02
  1.9440662493E-08  1.5513005456E-02
  2.9160993740E-08  1.5513206925E-02
  3.8881324986E-08  1.5513817661E-02
  4.8601656233E-08  1.5514619366E-02
  5.8321987480E-08  1.5514505508E-02
  6.8042318726E-08  1.5514858954E-02
  7.7762649973E-08  1.5515702324E-02
  8.7482981220E-08  1.5517062687E-02
  9.7203312466E-08  1.5518518111E-02
  1.0692364371E-07  1.5519463025E-02
  1.1664397496E-07  1.5521050294E-02
  1.2636430621E-07  1.5523323178E-02
  1.3608463745E-07  1.5526329821E-02
  1.4580496870E-07  1.5529466413E-02
  1.5552529995E-07  1.5532619589E-02
  1.6524563119E-07  1.5536712785E-02
  1.7496596244E-07  1.5541815308E-02
  1.8468629369E-07  1.5548002263E-02
  1.9440662493E-07  1.5554524716E-02
  2.0412695618E-07  1.5561739262E-02
  2.1384728743E-07  1.5570353154E-02
  2.2356761867E-07  1.5580472921E-02
  2.3328794992E-07  1.5592213024E-02
  2.4300828117E-07  1.5604744920E-02
  2.5272861241E-07  1.5618860976E-02
  2.6244894366E-07  1.5635084791E-02
  2.7216927491E-07  1.5653584199E-02
  2.8188960615E-07  1.5674539727E-02
  2.9160993740E-07  1.5697177712E-02
  3.0133026865E-07  1.5722668337E-02
  3.1105059989E-07  1.5751423101E-02
  3.2077093114E-07  1.5783727037E-02
  3.3049126238E-07  1.5819875499E-02
  3.4021159363E-07  1.5859516853E-02
  3.4993192488E-07  1.5904024812E-02
  3.5965225612E-07  1.5953884960E-02
  3.6937258737E-07  1.6009634708E-02
  3.7909291862E-07  1.6071844773E-02
  3.8881324986E-07  1.6141426135E-02
  3.9853358111E-07  1.6219585129E-02
  4.0825391236E-07  1.6307337153E-02
  4.1797424360E-07  1.6405817823E-02
  4.2769457485E-07  1.6516792826E-02
  4.3741490610E-07  1.6643278561E-02
  4.4713523734E-07  1.6786614929E-02
  4.5685556859E-07  1.6949153788E-02
  4.6657589984E-07  1.7133545952E-02
  4.7629623108E-07  1.7345540885E-02
  4.7878968365E-07  1.7405401248E-02
  4.8513009998E-07  1.7568774210E-02
  4.9149648657E-07  1.7744808004E-02
  4.9606533516E-07  1.7885759431E-02
  5.0205879024E-07  1.8076483772E-02
  5.0977758413E-07  1.8364725979E-02
  5.1956051035E-07  1.8775495805E-02
  5.3180725138E-07  1.9394007821E-02
  5.4665194640E-07  2.0309380188E-02
  5.6431433531E-07  2.1075343777E-02
  5.8559489694E-07  2.5884026170E-02
  5.8931164953E-07  1.5823356669E-02
  5.9179991325E-07  1.5849387198E-02
  5.9192986038E-07  1.5849664871E-02
  5.9192986038E-07  3.5804016869E+00
  6.2966689767E-07  3.5761056247E+00
  6.6740393497E-07  3.5704148028E+00
  6.7683819429E-07  3.5665236094E+00
  6.8627245361E-07  3.5623817879E+00
  6.9570671294E-07  3.5579164468E+00
  7.0514097226E-07  3.5530515541E+00
  7.1457523158E-07  3.5477056740E+00
  7.2400949091E-07  3.5417901324E+00
  7.3344375023E-07  3.5351047664E+00
  7.4287800956E-07  3.5282778978E+00
  7.4563960509E-07  3.5506920230E+00
  7.4825565135E-07  3.5657053481E+00
  7.5100878966E-07  3.5773826531E+00
  7.5334667187E-07  3.5844516895E+00
  7.5542514806E-07  3.5895667970E+00
  7.5783124406E-07  3.5955748208E+00
  7.5964249913E-07  3.6000385731E+00
  7.6163940785E-07  3.6049931633E+00
  7.6384099970E-07  3.6111944188E+00
  7.6626825472E-07  3.6185322838E+00
  7.6894430339E-07  3.6263742540E+00
  7.7038349541E-07  3.6301811876E+00
  7.7189464704E-07  3.6337855296E+00
  7.7348135624E-07  3.6369072441E+00
  7.7514740091E-07  3.6391008640E+00
  7.7689674781E-07  3.6405423732E+00
  7.7873356206E-07  3.6406130188E+00
  7.8066221701E-07  3.6394930085E+00
  7.8268730472E-07  3.6373735315E+00
  7.8481364681E-07  3.6339246426E+00
  7.8704630601E-07  3.6294868199E+00
  7.8939059816E-07  3.6245393974E+00
  7.9185210493E-07  3.6194363795E+00
  7.9443668703E-07  3.6151729094E+00
  7.9715049823E-07  3.6113827397E+00
  7.9857524912E-07  3.6103767948E+00
  8.0000000000E-07  3.6097441239E+00
 BLOCKEND
 $ X-AXIS = DISTANCE      Y-AXIS = W(C)
 BLOCK X=C1; Y=C2;       GOC=C3,WAD;
  0.0000000000E+00  1.5650948762E-02 M
  9.7201371718E-09  1.5651731827E-02
  1.9440274344E-08  1.5649283546E-02
  2.9160411515E-08  1.5648404171E-02
  3.8880548687E-08  1.5647499381E-02
  4.8600685859E-08  1.5646350580E-02
  5.8320823031E-08  1.5643850309E-02
  6.8040960202E-08  1.5641379608E-02
  7.7761097374E-08  1.5638959188E-02
  8.7481234546E-08  1.5636614707E-02
  9.7201371718E-08  1.5633923146E-02
  1.0692150889E-07  1.5630277160E-02
  1.1664164606E-07  1.5626827619E-02
  1.2636178323E-07  1.5623615963E-02
  1.3608192040E-07  1.5620689431E-02
  1.4580205758E-07  1.5617443662E-02
  1.5552219475E-07  1.5613764479E-02
  1.6524233192E-07  1.5610574981E-02
  1.7496246909E-07  1.5607944822E-02
  1.8468260626E-07  1.5605951039E-02
  1.9440274344E-07  1.5603847096E-02
  2.0412288061E-07  1.5601992683E-02
  2.1384301778E-07  1.5601099393E-02
  2.2356315495E-07  1.5601279621E-02
  2.3328329212E-07  1.5602656260E-02
  2.4300342929E-07  1.5604410030E-02
  2.5272356647E-07  1.5607344808E-02
  2.6244370364E-07  1.5611997965E-02
  2.7216384081E-07  1.5618553962E-02
  2.8188397798E-07  1.5627213936E-02
  2.9160411515E-07  1.5637226637E-02
  3.0132425232E-07  1.5649789217E-02
  3.1104438950E-07  1.5665344019E-02
  3.2076452667E-07  1.5684211932E-02
  3.3048466384E-07  1.5706730252E-02
  3.4020480101E-07  1.5732593637E-02
  3.4992493818E-07  1.5763229939E-02
  3.5964507536E-07  1.5799185917E-02
  3.6936521253E-07  1.5841068931E-02
  3.7908534970E-07  1.5889529110E-02
  3.8880548687E-07  1.5945567641E-02
  3.9852562404E-07  1.6010493794E-02
  4.0824576121E-07  1.6085439912E-02
  4.1796589839E-07  1.6171674219E-02
  4.2768603556E-07  1.6271112636E-02
  4.3740617273E-07  1.6386945753E-02
  4.4712630990E-07  1.6520710953E-02
  4.5684644707E-07  1.6674986936E-02
  4.6656658424E-07  1.6852681192E-02
  4.7628672142E-07  1.7059851245E-02
  4.7878012420E-07  1.7118804862E-02
  4.8512041394E-07  1.7280593374E-02
  4.9148667342E-07  1.7456122910E-02
  4.9605543079E-07  1.7597474594E-02
  5.0204876620E-07  1.7789723021E-02
  5.0976740598E-07  1.8081879887E-02
  5.1955013687E-07  1.8501142600E-02
  5.3179663339E-07  1.9136902270E-02
  5.4664103202E-07  2.0085656750E-02
  5.6430306828E-07  2.0910560057E-02
  5.8558320503E-07  2.5869758686E-02
  5.8929988341E-07  1.5803834005E-02
  5.9178809745E-07  1.5848167478E-02
  5.9191804199E-07  1.5849425696E-02
  5.9195759313E-07  1.5849646418E-02
  5.9198876717E-07  1.5849664871E-02
  5.9198876717E-07  3.5804016869E+00
  6.0142035556E-07  3.5799712931E+00
  6.1085194395E-07  3.5795376467E+00
  6.2028353233E-07  3.5790720403E+00
  6.2971512072E-07  3.5785890207E+00
  6.3914670911E-07  3.5777825567E+00
  6.4857829750E-07  3.5769105146E+00
  6.5800988589E-07  3.5759569209E+00
  6.6744147427E-07  3.5748884800E+00
  6.7687306266E-07  3.5713541891E+00
  6.8630465105E-07  3.5674491341E+00
  6.9573623944E-07  3.5630517342E+00
  7.0516782782E-07  3.5580303021E+00
  7.1459941621E-07  3.5522389472E+00
  7.2403100460E-07  3.5455129130E+00
  7.3346259299E-07  3.5375192278E+00
  7.4289418138E-07  3.5290711812E+00
  7.4565499507E-07  3.5507860596E+00
  7.4827030071E-07  3.5651622214E+00
  7.5102265957E-07  3.5761861711E+00
  7.5335987991E-07  3.5827155957E+00
  7.5543776766E-07  3.5873671105E+00
  7.5784318247E-07  3.5928539209E+00
  7.5965392475E-07  3.5969389616E+00
  7.6165026812E-07  3.6014956532E+00
  7.6385123669E-07  3.6072828009E+00
  7.6627780453E-07  3.6141953758E+00
  7.6895309557E-07  3.6216070482E+00
  7.7039188015E-07  3.6252020572E+00
  7.7190260395E-07  3.6285966873E+00
  7.7348886394E-07  3.6315046051E+00
  7.7515443694E-07  3.6334865865E+00
  7.7690328858E-07  3.6347192684E+00
  7.7873958280E-07  3.6345784490E+00
  7.8066769174E-07  3.6332481703E+00
  7.8269220612E-07  3.6309235641E+00
  7.8481794622E-07  3.6272757694E+00
  7.8704997333E-07  3.6226510439E+00
  7.8939360179E-07  3.6175335373E+00
  7.9185441168E-07  3.6122819964E+00
  7.9443826206E-07  3.6079027986E+00
  7.9715130496E-07  3.6040270261E+00
  7.9857565248E-07  3.6029985132E+00
  8.0000000000E-07  3.6023545741E+00
 BLOCKEND
