 PROLOGUE 1
 XSCALE        0.00000           200.000    
 YSCALE       0.103888E-04      0.300000E-02
 XTEXT TIME
 YTEXT IWW(1,C)
 XTYPE LINEAR
 YTYPE LINEAR
 XLENGTH        11.5000    
 YLENGTH        11.5000    
 TITLE   
 DATASET 1
 CLIP OFF
 1.05 1.05 MNA' CELL #   1
 CLIP ON
 $ X-AXIS = TIME      Y-AXIS = IWW(1,C)
 BLOCK X=C1; Y=C2;       GOC=C3,WAD;
  0.0000000000E+00  3.0000000000E-03 M
  1.0000000000E-07  2.9824464921E-03
  1.9351514201E-05  2.9787089725E-03
  5.7854542603E-05  2.9722776074E-03
  1.3486059941E-04  2.9621018006E-03
  2.8887271302E-04  2.9470470439E-03
  5.9689694023E-04  2.9253797223E-03
  1.2129453947E-03  2.8945990402E-03
  2.4450423035E-03  2.8511641329E-03
  4.9092361213E-03  2.7898517329E-03
  9.8376237567E-03  2.7030226487E-03
  1.9694399028E-02  2.5801507621E-03
  3.9407949570E-02  2.4061990174E-03
  7.8835050653E-02  2.1599870267E-03
  1.5768925282E-01  1.8116196266E-03
  3.1539765716E-01  1.3254632279E-03
  6.3081446583E-01  7.2690390760E-04
  1.1604795208E+00  2.7628399534E-04
  2.2198096309E+00  5.5310661247E-05
  3.9704865370E+00  2.1554257349E-05
  7.4718403494E+00  1.5160943532E-05
  1.4474547974E+01  1.1548439218E-05
  2.8479963224E+01  1.0464682633E-05
  4.8479963224E+01  1.0574145355E-05
  6.8479963224E+01  1.0460952490E-05
  8.8479963224E+01  1.0455628904E-05
  1.0847996322E+02  1.0426052702E-05
  1.2847996322E+02  1.0415472036E-05
  1.4847996322E+02  1.0404593029E-05
  1.6847996322E+02  1.0398297604E-05
  1.8847996322E+02  1.0393324821E-05
  2.0000000000E+02  1.0388796544E-05
 BLOCKEND
 $ X-AXIS = TIME      Y-AXIS = IWW(1,C)
 BLOCK X=C1; Y=C2;       GOC=C3,WAD;
  0.0000000000E+00  3.0000000000E-03 M
  1.0000000000E-07  2.9824464921E-03
  1.9351514201E-05  2.9787089725E-03
  5.7854542603E-05  2.9722776074E-03
  1.3486059941E-04  2.9621018006E-03
  2.8887271302E-04  2.9470470439E-03
  5.9689694023E-04  2.9253797223E-03
  1.2129453947E-03  2.8945990402E-03
  2.4450423035E-03  2.8511641329E-03
  4.9092361213E-03  2.7898517329E-03
  9.8376237567E-03  2.7030226487E-03
  1.9694399028E-02  2.5801507621E-03
  3.9407949570E-02  2.4061990174E-03
  7.8835050653E-02  2.1599870267E-03
  1.5768925282E-01  1.8116196266E-03
  3.1539765716E-01  1.3254632279E-03
  6.3081446583E-01  7.2690390760E-04
  1.1604795208E+00  2.7628399534E-04
  2.2198096309E+00  5.5310661247E-05
  3.9704865370E+00  2.1554257349E-05
  7.4718403494E+00  1.5160943532E-05
  1.4474547974E+01  1.1548439218E-05
  2.8479963224E+01  1.0464682633E-05
  4.8479963224E+01  1.0574145355E-05
  6.8479963224E+01  1.0460952490E-05
  8.8479963224E+01  1.0455628904E-05
  1.0847996322E+02  1.0426052702E-05
  1.2847996322E+02  1.0415472036E-05
  1.4847996322E+02  1.0404593029E-05
  1.6847996322E+02  1.0398297604E-05
  1.8847996322E+02  1.0393324821E-05
  2.0000000000E+02  1.0388796544E-05
 BLOCKEND
 $ X-AXIS = TIME      Y-AXIS = IWW(1,C)
 BLOCK X=C1; Y=C2;       GOC=C3,WAD;
  0.0000000000E+00  3.0000000000E-03 M
  1.0000000000E-07  2.9824464921E-03
  1.9351514201E-05  2.9787089725E-03
  5.7854542603E-05  2.9722776074E-03
  1.3486059941E-04  2.9621018006E-03
  2.8887271302E-04  2.9470470439E-03
  5.9689694023E-04  2.9253797223E-03
  1.2129453947E-03  2.8945990402E-03
  2.4450423035E-03  2.8511641329E-03
  4.9092361213E-03  2.7898517329E-03
  9.8376237567E-03  2.7030226487E-03
  1.9694399028E-02  2.5801507621E-03
  3.9407949570E-02  2.4061990174E-03
  7.8835050653E-02  2.1599870267E-03
  1.5768925282E-01  1.8116196266E-03
  3.1539765716E-01  1.3254632279E-03
  6.3081446583E-01  7.2690390760E-04
  1.1604795208E+00  2.7628399534E-04
  2.2198096309E+00  5.5310661247E-05
  3.9704865370E+00  2.1554257349E-05
  7.4718403494E+00  1.5160943532E-05
  1.4474547974E+01  1.1548439218E-05
  2.8479963224E+01  1.0464682633E-05
  4.8479963224E+01  1.0574145355E-05
  6.8479963224E+01  1.0460952490E-05
  8.8479963224E+01  1.0455628904E-05
  1.0847996322E+02  1.0426052702E-05
  1.2847996322E+02  1.0415472036E-05
  1.4847996322E+02  1.0404593029E-05
  1.6847996322E+02  1.0398297604E-05
  1.8847996322E+02  1.0393324821E-05
  2.0000000000E+02  1.0388796544E-05
 BLOCKEND
 $ X-AXIS = TIME      Y-AXIS = IWW(1,C)
 BLOCK X=C1; Y=C2;       GOC=C3,WAD;
  0.0000000000E+00  3.0000000000E-03 M
  1.0000000000E-07  2.9824464921E-03
  1.9351514201E-05  2.9787089725E-03
  5.7854542603E-05  2.9722776074E-03
  1.3486059941E-04  2.9621018006E-03
  2.8887271302E-04  2.9470470439E-03
  5.9689694023E-04  2.9253797223E-03
  1.2129453947E-03  2.8945990402E-03
  2.4450423035E-03  2.8511641329E-03
  4.9092361213E-03  2.7898517329E-03
  9.8376237567E-03  2.7030226487E-03
  1.9694399028E-02  2.5801507621E-03
  3.9407949570E-02  2.4061990174E-03
  7.8835050653E-02  2.1599870267E-03
  1.5768925282E-01  1.8116196266E-03
  3.1539765716E-01  1.3254632279E-03
  6.3081446583E-01  7.2690390760E-04
  1.1604795208E+00  2.7628399534E-04
  2.2198096309E+00  5.5310661247E-05
  3.9704865370E+00  2.1554257349E-05
  7.4718403494E+00  1.5160943532E-05
  1.4474547974E+01  1.1548439218E-05
  2.8479963224E+01  1.0464682633E-05
  4.8479963224E+01  1.0574145355E-05
  6.8479963224E+01  1.0460952490E-05
  8.8479963224E+01  1.0455628904E-05
  1.0847996322E+02  1.0426052702E-05
  1.2847996322E+02  1.0415472036E-05
  1.4847996322E+02  1.0404593029E-05
  1.6847996322E+02  1.0398297604E-05
  1.8847996322E+02  1.0393324821E-05
  2.0000000000E+02  1.0388796544E-05
 BLOCKEND
 $ X-AXIS = TIME      Y-AXIS = IWW(1,C)
 BLOCK X=C1; Y=C2;       GOC=C3,WAD;
  0.0000000000E+00  3.0000000000E-03 M
  1.0000000000E-07  2.9824464921E-03
  1.9351514201E-05  2.9787089725E-03
  5.7854542603E-05  2.9722776074E-03
  1.3486059941E-04  2.9621018006E-03
  2.8887271302E-04  2.9470470439E-03
  5.9689694023E-04  2.9253797223E-03
  1.2129453947E-03  2.8945990402E-03
  2.4450423035E-03  2.8511641329E-03
  4.9092361213E-03  2.7898517329E-03
  9.8376237567E-03  2.7030226487E-03
  1.9694399028E-02  2.5801507621E-03
  3.9407949570E-02  2.4061990174E-03
  7.8835050653E-02  2.1599870267E-03
  1.5768925282E-01  1.8116196266E-03
  3.1539765716E-01  1.3254632279E-03
  6.3081446583E-01  7.2690390760E-04
  1.1604795208E+00  2.7628399534E-04
  2.2198096309E+00  5.5310661247E-05
  3.9704865370E+00  2.1554257349E-05
  7.4718403494E+00  1.5160943532E-05
  1.4474547974E+01  1.1548439218E-05
  2.8479963224E+01  1.0464682633E-05
  4.8479963224E+01  1.0574145355E-05
  6.8479963224E+01  1.0460952490E-05
  8.8479963224E+01  1.0455628904E-05
  1.0847996322E+02  1.0426052702E-05
  1.2847996322E+02  1.0415472036E-05
  1.4847996322E+02  1.0404593029E-05
  1.6847996322E+02  1.0398297604E-05
  1.8847996322E+02  1.0393324821E-05
  2.0000000000E+02  1.0388796544E-05
 BLOCKEND
 $ X-AXIS = TIME      Y-AXIS = IWW(1,C)
 BLOCK X=C1; Y=C2;       GOC=C3,WAD;
  0.0000000000E+00  3.0000000000E-03 M
  1.0000000000E-07  2.9824464921E-03
  1.9351514201E-05  2.9787089725E-03
  5.7854542603E-05  2.9722776074E-03
  1.3486059941E-04  2.9621018006E-03
  2.8887271302E-04  2.9470470439E-03
  5.9689694023E-04  2.9253797223E-03
  1.2129453947E-03  2.8945990402E-03
  2.4450423035E-03  2.8511641329E-03
  4.9092361213E-03  2.7898517329E-03
  9.8376237567E-03  2.7030226487E-03
  1.9694399028E-02  2.5801507621E-03
  3.9407949570E-02  2.4061990174E-03
  7.8835050653E-02  2.1599870267E-03
  1.5768925282E-01  1.8116196266E-03
  3.1539765716E-01  1.3254632279E-03
  6.3081446583E-01  7.2690390760E-04
  1.1604795208E+00  2.7628399534E-04
  2.2198096309E+00  5.5310661247E-05
  3.9704865370E+00  2.1554257349E-05
  7.4718403494E+00  1.5160943532E-05
  1.4474547974E+01  1.1548439218E-05
  2.8479963224E+01  1.0464682633E-05
  4.8479963224E+01  1.0574145355E-05
  6.8479963224E+01  1.0460952490E-05
  8.8479963224E+01  1.0455628904E-05
  1.0847996322E+02  1.0426052702E-05
  1.2847996322E+02  1.0415472036E-05
  1.4847996322E+02  1.0404593029E-05
  1.6847996322E+02  1.0398297604E-05
  1.8847996322E+02  1.0393324821E-05
  2.0000000000E+02  1.0388796544E-05
 BLOCKEND
 $ X-AXIS = TIME      Y-AXIS = IWW(1,C)
 BLOCK X=C1; Y=C2;       GOC=C3,WAD;
  0.0000000000E+00  3.0000000000E-03 M
  1.0000000000E-07  2.9824464921E-03
  1.9351514201E-05  2.9787089725E-03
  5.7854542603E-05  2.9722776074E-03
  1.3486059941E-04  2.9621018006E-03
  2.8887271302E-04  2.9470470439E-03
  5.9689694023E-04  2.9253797223E-03
  1.2129453947E-03  2.8945990402E-03
  2.4450423035E-03  2.8511641329E-03
  4.9092361213E-03  2.7898517329E-03
  9.8376237567E-03  2.7030226487E-03
  1.9694399028E-02  2.5801507621E-03
  3.9407949570E-02  2.4061990174E-03
  7.8835050653E-02  2.1599870267E-03
  1.5768925282E-01  1.8116196266E-03
  3.1539765716E-01  1.3254632279E-03
  6.3081446583E-01  7.2690390760E-04
  1.1604795208E+00  2.7628399534E-04
  2.2198096309E+00  5.5310661247E-05
  3.9704865370E+00  2.1554257349E-05
  7.4718403494E+00  1.5160943532E-05
  1.4474547974E+01  1.1548439218E-05
  2.8479963224E+01  1.0464682633E-05
  4.8479963224E+01  1.0574145355E-05
  6.8479963224E+01  1.0460952490E-05
  8.8479963224E+01  1.0455628904E-05
  1.0847996322E+02  1.0426052702E-05
  1.2847996322E+02  1.0415472036E-05
  1.4847996322E+02  1.0404593029E-05
  1.6847996322E+02  1.0398297604E-05
  1.8847996322E+02  1.0393324821E-05
  2.0000000000E+02  1.0388796544E-05
 BLOCKEND
 $ X-AXIS = TIME      Y-AXIS = IWW(1,C)
 BLOCK X=C1; Y=C2;       GOC=C3,WAD;
  0.0000000000E+00  3.0000000000E-03 M
  1.0000000000E-07  2.9824464921E-03
  1.9351514201E-05  2.9787089725E-03
  5.7854542603E-05  2.9722776074E-03
  1.3486059941E-04  2.9621018006E-03
  2.8887271302E-04  2.9470470439E-03
  5.9689694023E-04  2.9253797223E-03
  1.2129453947E-03  2.8945990402E-03
  2.4450423035E-03  2.8511641329E-03
  4.9092361213E-03  2.7898517329E-03
  9.8376237567E-03  2.7030226487E-03
  1.9694399028E-02  2.5801507621E-03
  3.9407949570E-02  2.4061990174E-03
  7.8835050653E-02  2.1599870267E-03
  1.5768925282E-01  1.8116196266E-03
  3.1539765716E-01  1.3254632279E-03
  6.3081446583E-01  7.2690390760E-04
  1.1604795208E+00  2.7628399534E-04
  2.2198096309E+00  5.5310661247E-05
  3.9704865370E+00  2.1554257349E-05
  7.4718403494E+00  1.5160943532E-05
  1.4474547974E+01  1.1548439218E-05
  2.8479963224E+01  1.0464682633E-05
  4.8479963224E+01  1.0574145355E-05
  6.8479963224E+01  1.0460952490E-05
  8.8479963224E+01  1.0455628904E-05
  1.0847996322E+02  1.0426052702E-05
  1.2847996322E+02  1.0415472036E-05
  1.4847996322E+02  1.0404593029E-05
  1.6847996322E+02  1.0398297604E-05
  1.8847996322E+02  1.0393324821E-05
  2.0000000000E+02  1.0388796544E-05
 BLOCKEND
 $ X-AXIS = TIME      Y-AXIS = IWW(1,C)
 BLOCK X=C1; Y=C2;       GOC=C3,WAD;
  0.0000000000E+00  3.0000000000E-03 M
  1.0000000000E-07  2.9824464921E-03
  1.9351514201E-05  2.9787089725E-03
  5.7854542603E-05  2.9722776074E-03
  1.3486059941E-04  2.9621018006E-03
  2.8887271302E-04  2.9470470439E-03
  5.9689694023E-04  2.9253797223E-03
  1.2129453947E-03  2.8945990402E-03
  2.4450423035E-03  2.8511641329E-03
  4.9092361213E-03  2.7898517329E-03
  9.8376237567E-03  2.7030226487E-03
  1.9694399028E-02  2.5801507621E-03
  3.9407949570E-02  2.4061990174E-03
  7.8835050653E-02  2.1599870267E-03
  1.5768925282E-01  1.8116196266E-03
  3.1539765716E-01  1.3254632279E-03
  6.3081446583E-01  7.2690390760E-04
  1.1604795208E+00  2.7628399534E-04
  2.2198096309E+00  5.5310661247E-05
  3.9704865370E+00  2.1554257349E-05
  7.4718403494E+00  1.5160943532E-05
  1.4474547974E+01  1.1548439218E-05
  2.8479963224E+01  1.0464682633E-05
  4.8479963224E+01  1.0574145355E-05
  6.8479963224E+01  1.0460952490E-05
  8.8479963224E+01  1.0455628904E-05
  1.0847996322E+02  1.0426052702E-05
  1.2847996322E+02  1.0415472036E-05
  1.4847996322E+02  1.0404593029E-05
  1.6847996322E+02  1.0398297604E-05
  1.8847996322E+02  1.0393324821E-05
  2.0000000000E+02  1.0388796544E-05
 BLOCKEND
