 PROLOGUE 1
 XSCALE        0.00000           200.000    
 YSCALE       0.300000E-02      0.118913E-01
 XTEXT TIME
 YTEXT IWW(2,C)
 XTYPE LINEAR
 YTYPE LINEAR
 XLENGTH        11.5000    
 YLENGTH        11.5000    
 TITLE   
 DATASET 1
 CLIP OFF
 1.05 1.05 MNA' CELL #   2
 CLIP ON
 $ X-AXIS = TIME      Y-AXIS = IWW(2,C)
 BLOCK X=C1; Y=C2;       GOC=C3,WAD;
  0.0000000000E+00  3.0000000000E-03 M
  1.0000000000E-07  3.0526568153E-03
  1.9351514201E-05  3.0713640918E-03
  5.7854542603E-05  3.1043029645E-03
  1.3486059941E-04  3.1429145594E-03
  2.8887271302E-04  3.1880597232E-03
  5.9689694023E-04  3.2530246205E-03
  1.2129453947E-03  3.3452945973E-03
  2.4450423035E-03  3.4754588769E-03
  4.9092361213E-03  3.6591206814E-03
  9.8376237567E-03  3.9190635220E-03
  1.9694399028E-02  4.2865998333E-03
  3.9407949570E-02  4.8063088614E-03
  7.8835050653E-02  5.5406712706E-03
  1.5768925282E-01  6.5772599466E-03
  3.1539765716E-01  8.0190373302E-03
  6.3081446583E-01  9.7865089838E-03
  1.1604795208E+00  1.1111593480E-02
  2.2198096309E+00  1.1759653182E-02
  3.9704865370E+00  1.1858552321E-02
  7.4718403494E+00  1.1877280399E-02
  1.4474547974E+01  1.1887862170E-02
  2.8479963224E+01  1.1891036667E-02
  4.8479963224E+01  1.1890716036E-02
  6.8479963224E+01  1.1891047560E-02
  8.8479963224E+01  1.1891063153E-02
  1.0847996322E+02  1.1891149786E-02
  1.2847996322E+02  1.1891180778E-02
  1.4847996322E+02  1.1891212644E-02
  1.6847996322E+02  1.1891231084E-02
  1.8847996322E+02  1.1891245650E-02
  2.0000000000E+02  1.1891258914E-02
 BLOCKEND
 $ X-AXIS = TIME      Y-AXIS = IWW(2,C)
 BLOCK X=C1; Y=C2;       GOC=C3,WAD;
  0.0000000000E+00  3.0000000000E-03 M
  1.0000000000E-07  3.0526568153E-03
  1.9351514201E-05  3.0713640918E-03
  5.7854542603E-05  3.1043029645E-03
  1.3486059941E-04  3.1429145594E-03
  2.8887271302E-04  3.1880597232E-03
  5.9689694023E-04  3.2530246205E-03
  1.2129453947E-03  3.3452945973E-03
  2.4450423035E-03  3.4754588769E-03
  4.9092361213E-03  3.6591206814E-03
  9.8376237567E-03  3.9190635220E-03
  1.9694399028E-02  4.2865998333E-03
  3.9407949570E-02  4.8063088614E-03
  7.8835050653E-02  5.5406712706E-03
  1.5768925282E-01  6.5772599466E-03
  3.1539765716E-01  8.0190373302E-03
  6.3081446583E-01  9.7865089838E-03
  1.1604795208E+00  1.1111593480E-02
  2.2198096309E+00  1.1759653182E-02
  3.9704865370E+00  1.1858552321E-02
  7.4718403494E+00  1.1877280399E-02
  1.4474547974E+01  1.1887862170E-02
  2.8479963224E+01  1.1891036667E-02
  4.8479963224E+01  1.1890716036E-02
  6.8479963224E+01  1.1891047560E-02
  8.8479963224E+01  1.1891063153E-02
  1.0847996322E+02  1.1891149786E-02
  1.2847996322E+02  1.1891180778E-02
  1.4847996322E+02  1.1891212644E-02
  1.6847996322E+02  1.1891231084E-02
  1.8847996322E+02  1.1891245650E-02
  2.0000000000E+02  1.1891258914E-02
 BLOCKEND
 $ X-AXIS = TIME      Y-AXIS = IWW(2,C)
 BLOCK X=C1; Y=C2;       GOC=C3,WAD;
  0.0000000000E+00  3.0000000000E-03 M
  1.0000000000E-07  3.0526568153E-03
  1.9351514201E-05  3.0713640918E-03
  5.7854542603E-05  3.1043029645E-03
  1.3486059941E-04  3.1429145594E-03
  2.8887271302E-04  3.1880597232E-03
  5.9689694023E-04  3.2530246205E-03
  1.2129453947E-03  3.3452945973E-03
  2.4450423035E-03  3.4754588769E-03
  4.9092361213E-03  3.6591206814E-03
  9.8376237567E-03  3.9190635220E-03
  1.9694399028E-02  4.2865998333E-03
  3.9407949570E-02  4.8063088614E-03
  7.8835050653E-02  5.5406712706E-03
  1.5768925282E-01  6.5772599466E-03
  3.1539765716E-01  8.0190373302E-03
  6.3081446583E-01  9.7865089838E-03
  1.1604795208E+00  1.1111593480E-02
  2.2198096309E+00  1.1759653182E-02
  3.9704865370E+00  1.1858552321E-02
  7.4718403494E+00  1.1877280399E-02
  1.4474547974E+01  1.1887862170E-02
  2.8479963224E+01  1.1891036667E-02
  4.8479963224E+01  1.1890716036E-02
  6.8479963224E+01  1.1891047560E-02
  8.8479963224E+01  1.1891063153E-02
  1.0847996322E+02  1.1891149786E-02
  1.2847996322E+02  1.1891180778E-02
  1.4847996322E+02  1.1891212644E-02
  1.6847996322E+02  1.1891231084E-02
  1.8847996322E+02  1.1891245650E-02
  2.0000000000E+02  1.1891258914E-02
 BLOCKEND
 $ X-AXIS = TIME      Y-AXIS = IWW(2,C)
 BLOCK X=C1; Y=C2;       GOC=C3,WAD;
  0.0000000000E+00  3.0000000000E-03 M
  1.0000000000E-07  3.0526568153E-03
  1.9351514201E-05  3.0713640918E-03
  5.7854542603E-05  3.1043029645E-03
  1.3486059941E-04  3.1429145594E-03
  2.8887271302E-04  3.1880597232E-03
  5.9689694023E-04  3.2530246205E-03
  1.2129453947E-03  3.3452945973E-03
  2.4450423035E-03  3.4754588769E-03
  4.9092361213E-03  3.6591206814E-03
  9.8376237567E-03  3.9190635220E-03
  1.9694399028E-02  4.2865998333E-03
  3.9407949570E-02  4.8063088614E-03
  7.8835050653E-02  5.5406712706E-03
  1.5768925282E-01  6.5772599466E-03
  3.1539765716E-01  8.0190373302E-03
  6.3081446583E-01  9.7865089838E-03
  1.1604795208E+00  1.1111593480E-02
  2.2198096309E+00  1.1759653182E-02
  3.9704865370E+00  1.1858552321E-02
  7.4718403494E+00  1.1877280399E-02
  1.4474547974E+01  1.1887862170E-02
  2.8479963224E+01  1.1891036667E-02
  4.8479963224E+01  1.1890716036E-02
  6.8479963224E+01  1.1891047560E-02
  8.8479963224E+01  1.1891063153E-02
  1.0847996322E+02  1.1891149786E-02
  1.2847996322E+02  1.1891180778E-02
  1.4847996322E+02  1.1891212644E-02
  1.6847996322E+02  1.1891231084E-02
  1.8847996322E+02  1.1891245650E-02
  2.0000000000E+02  1.1891258914E-02
 BLOCKEND
 $ X-AXIS = TIME      Y-AXIS = IWW(2,C)
 BLOCK X=C1; Y=C2;       GOC=C3,WAD;
  0.0000000000E+00  3.0000000000E-03 M
  1.0000000000E-07  3.0526568153E-03
  1.9351514201E-05  3.0713640918E-03
  5.7854542603E-05  3.1043029645E-03
  1.3486059941E-04  3.1429145594E-03
  2.8887271302E-04  3.1880597232E-03
  5.9689694023E-04  3.2530246205E-03
  1.2129453947E-03  3.3452945973E-03
  2.4450423035E-03  3.4754588769E-03
  4.9092361213E-03  3.6591206814E-03
  9.8376237567E-03  3.9190635220E-03
  1.9694399028E-02  4.2865998333E-03
  3.9407949570E-02  4.8063088614E-03
  7.8835050653E-02  5.5406712706E-03
  1.5768925282E-01  6.5772599466E-03
  3.1539765716E-01  8.0190373302E-03
  6.3081446583E-01  9.7865089838E-03
  1.1604795208E+00  1.1111593480E-02
  2.2198096309E+00  1.1759653182E-02
  3.9704865370E+00  1.1858552321E-02
  7.4718403494E+00  1.1877280399E-02
  1.4474547974E+01  1.1887862170E-02
  2.8479963224E+01  1.1891036667E-02
  4.8479963224E+01  1.1890716036E-02
  6.8479963224E+01  1.1891047560E-02
  8.8479963224E+01  1.1891063153E-02
  1.0847996322E+02  1.1891149786E-02
  1.2847996322E+02  1.1891180778E-02
  1.4847996322E+02  1.1891212644E-02
  1.6847996322E+02  1.1891231084E-02
  1.8847996322E+02  1.1891245650E-02
  2.0000000000E+02  1.1891258914E-02
 BLOCKEND
 $ X-AXIS = TIME      Y-AXIS = IWW(2,C)
 BLOCK X=C1; Y=C2;       GOC=C3,WAD;
  0.0000000000E+00  3.0000000000E-03 M
  1.0000000000E-07  3.0526568153E-03
  1.9351514201E-05  3.0713640918E-03
  5.7854542603E-05  3.1043029645E-03
  1.3486059941E-04  3.1429145594E-03
  2.8887271302E-04  3.1880597232E-03
  5.9689694023E-04  3.2530246205E-03
  1.2129453947E-03  3.3452945973E-03
  2.4450423035E-03  3.4754588769E-03
  4.9092361213E-03  3.6591206814E-03
  9.8376237567E-03  3.9190635220E-03
  1.9694399028E-02  4.2865998333E-03
  3.9407949570E-02  4.8063088614E-03
  7.8835050653E-02  5.5406712706E-03
  1.5768925282E-01  6.5772599466E-03
  3.1539765716E-01  8.0190373302E-03
  6.3081446583E-01  9.7865089838E-03
  1.1604795208E+00  1.1111593480E-02
  2.2198096309E+00  1.1759653182E-02
  3.9704865370E+00  1.1858552321E-02
  7.4718403494E+00  1.1877280399E-02
  1.4474547974E+01  1.1887862170E-02
  2.8479963224E+01  1.1891036667E-02
  4.8479963224E+01  1.1890716036E-02
  6.8479963224E+01  1.1891047560E-02
  8.8479963224E+01  1.1891063153E-02
  1.0847996322E+02  1.1891149786E-02
  1.2847996322E+02  1.1891180778E-02
  1.4847996322E+02  1.1891212644E-02
  1.6847996322E+02  1.1891231084E-02
  1.8847996322E+02  1.1891245650E-02
  2.0000000000E+02  1.1891258914E-02
 BLOCKEND
 $ X-AXIS = TIME      Y-AXIS = IWW(2,C)
 BLOCK X=C1; Y=C2;       GOC=C3,WAD;
  0.0000000000E+00  3.0000000000E-03 M
  1.0000000000E-07  3.0526568153E-03
  1.9351514201E-05  3.0713640918E-03
  5.7854542603E-05  3.1043029645E-03
  1.3486059941E-04  3.1429145594E-03
  2.8887271302E-04  3.1880597232E-03
  5.9689694023E-04  3.2530246205E-03
  1.2129453947E-03  3.3452945973E-03
  2.4450423035E-03  3.4754588769E-03
  4.9092361213E-03  3.6591206814E-03
  9.8376237567E-03  3.9190635220E-03
  1.9694399028E-02  4.2865998333E-03
  3.9407949570E-02  4.8063088614E-03
  7.8835050653E-02  5.5406712706E-03
  1.5768925282E-01  6.5772599466E-03
  3.1539765716E-01  8.0190373302E-03
  6.3081446583E-01  9.7865089838E-03
  1.1604795208E+00  1.1111593480E-02
  2.2198096309E+00  1.1759653182E-02
  3.9704865370E+00  1.1858552321E-02
  7.4718403494E+00  1.1877280399E-02
  1.4474547974E+01  1.1887862170E-02
  2.8479963224E+01  1.1891036667E-02
  4.8479963224E+01  1.1890716036E-02
  6.8479963224E+01  1.1891047560E-02
  8.8479963224E+01  1.1891063153E-02
  1.0847996322E+02  1.1891149786E-02
  1.2847996322E+02  1.1891180778E-02
  1.4847996322E+02  1.1891212644E-02
  1.6847996322E+02  1.1891231084E-02
  1.8847996322E+02  1.1891245650E-02
  2.0000000000E+02  1.1891258914E-02
 BLOCKEND
 $ X-AXIS = TIME      Y-AXIS = IWW(2,C)
 BLOCK X=C1; Y=C2;       GOC=C3,WAD;
  0.0000000000E+00  3.0000000000E-03 M
  1.0000000000E-07  3.0526568153E-03
  1.9351514201E-05  3.0713640918E-03
  5.7854542603E-05  3.1043029645E-03
  1.3486059941E-04  3.1429145594E-03
  2.8887271302E-04  3.1880597232E-03
  5.9689694023E-04  3.2530246205E-03
  1.2129453947E-03  3.3452945973E-03
  2.4450423035E-03  3.4754588769E-03
  4.9092361213E-03  3.6591206814E-03
  9.8376237567E-03  3.9190635220E-03
  1.9694399028E-02  4.2865998333E-03
  3.9407949570E-02  4.8063088614E-03
  7.8835050653E-02  5.5406712706E-03
  1.5768925282E-01  6.5772599466E-03
  3.1539765716E-01  8.0190373302E-03
  6.3081446583E-01  9.7865089838E-03
  1.1604795208E+00  1.1111593480E-02
  2.2198096309E+00  1.1759653182E-02
  3.9704865370E+00  1.1858552321E-02
  7.4718403494E+00  1.1877280399E-02
  1.4474547974E+01  1.1887862170E-02
  2.8479963224E+01  1.1891036667E-02
  4.8479963224E+01  1.1890716036E-02
  6.8479963224E+01  1.1891047560E-02
  8.8479963224E+01  1.1891063153E-02
  1.0847996322E+02  1.1891149786E-02
  1.2847996322E+02  1.1891180778E-02
  1.4847996322E+02  1.1891212644E-02
  1.6847996322E+02  1.1891231084E-02
  1.8847996322E+02  1.1891245650E-02
  2.0000000000E+02  1.1891258914E-02
 BLOCKEND
 $ X-AXIS = TIME      Y-AXIS = IWW(2,C)
 BLOCK X=C1; Y=C2;       GOC=C3,WAD;
  0.0000000000E+00  3.0000000000E-03 M
  1.0000000000E-07  3.0526568153E-03
  1.9351514201E-05  3.0713640918E-03
  5.7854542603E-05  3.1043029645E-03
  1.3486059941E-04  3.1429145594E-03
  2.8887271302E-04  3.1880597232E-03
  5.9689694023E-04  3.2530246205E-03
  1.2129453947E-03  3.3452945973E-03
  2.4450423035E-03  3.4754588769E-03
  4.9092361213E-03  3.6591206814E-03
  9.8376237567E-03  3.9190635220E-03
  1.9694399028E-02  4.2865998333E-03
  3.9407949570E-02  4.8063088614E-03
  7.8835050653E-02  5.5406712706E-03
  1.5768925282E-01  6.5772599466E-03
  3.1539765716E-01  8.0190373302E-03
  6.3081446583E-01  9.7865089838E-03
  1.1604795208E+00  1.1111593480E-02
  2.2198096309E+00  1.1759653182E-02
  3.9704865370E+00  1.1858552321E-02
  7.4718403494E+00  1.1877280399E-02
  1.4474547974E+01  1.1887862170E-02
  2.8479963224E+01  1.1891036667E-02
  4.8479963224E+01  1.1890716036E-02
  6.8479963224E+01  1.1891047560E-02
  8.8479963224E+01  1.1891063153E-02
  1.0847996322E+02  1.1891149786E-02
  1.2847996322E+02  1.1891180778E-02
  1.4847996322E+02  1.1891212644E-02
  1.6847996322E+02  1.1891231084E-02
  1.8847996322E+02  1.1891245650E-02
  2.0000000000E+02  1.1891258914E-02
 BLOCKEND
