 PROLOGUE 1
 XSCALE        0.00000          0.200000E-06
 YSCALE       0.215070E-08       2.69647    
 XTEXT DISTANCE
 YTEXT WEIGHT-PERCENT C
 XTYPE LINEAR
 YTYPE LINEAR
 XLENGTH        11.5000    
 YLENGTH        11.5000    
 TITLE   
 DATASET 1
 CLIP OFF
    0.00000    1.12000 NAM' TIME = 0,1E-04,.001,.01,.03,.1,.5,10,20
 1.05 1.05 MNA' CELL #   2
 CLIP ON
 $ X-AXIS = DISTANCE      Y-AXIS = W(C)
 BLOCK X=C1; Y=C2;       GOC=C3,WAD;
  0.0000000000E+00  3.0000000000E-01 M
  3.3898305085E-09  3.0000000000E-01
  6.7796610169E-09  3.0000000000E-01
  1.0169491525E-08  3.0000000000E-01
  1.3559322034E-08  3.0000000000E-01
  1.6949152542E-08  3.0000000000E-01
  2.0338983051E-08  3.0000000000E-01
  2.3728813559E-08  3.0000000000E-01
  2.7118644068E-08  3.0000000000E-01
  3.0508474576E-08  3.0000000000E-01
  3.3898305085E-08  3.0000000000E-01
  3.7288135593E-08  3.0000000000E-01
  4.0677966102E-08  3.0000000000E-01
  4.4067796610E-08  3.0000000000E-01
  4.7457627119E-08  3.0000000000E-01
  5.0847457627E-08  3.0000000000E-01
  5.4237288136E-08  3.0000000000E-01
  5.7627118644E-08  3.0000000000E-01
  6.1016949153E-08  3.0000000000E-01
  6.4406779661E-08  3.0000000000E-01
  6.7796610169E-08  3.0000000000E-01
  7.1186440678E-08  3.0000000000E-01
  7.4576271186E-08  3.0000000000E-01
  7.7966101695E-08  3.0000000000E-01
  8.1355932203E-08  3.0000000000E-01
  8.4745762712E-08  3.0000000000E-01
  8.8135593220E-08  3.0000000000E-01
  9.1525423729E-08  3.0000000000E-01
  9.4915254237E-08  3.0000000000E-01
  9.8305084746E-08  3.0000000000E-01
  1.0169491525E-07  3.0000000000E-01
  1.0508474576E-07  3.0000000000E-01
  1.0847457627E-07  3.0000000000E-01
  1.1186440678E-07  3.0000000000E-01
  1.1525423729E-07  3.0000000000E-01
  1.1864406780E-07  3.0000000000E-01
  1.2203389831E-07  3.0000000000E-01
  1.2542372881E-07  3.0000000000E-01
  1.2881355932E-07  3.0000000000E-01
  1.3220338983E-07  3.0000000000E-01
  1.3559322034E-07  3.0000000000E-01
  1.3898305085E-07  3.0000000000E-01
  1.4237288136E-07  3.0000000000E-01
  1.4576271186E-07  3.0000000000E-01
  1.4915254237E-07  3.0000000000E-01
  1.5254237288E-07  3.0000000000E-01
  1.5593220339E-07  3.0000000000E-01
  1.5932203390E-07  3.0000000000E-01
  1.6271186441E-07  3.0000000000E-01
  1.6610169492E-07  3.0000000000E-01
  1.6949152542E-07  3.0000000000E-01
  1.7288135593E-07  3.0000000000E-01
  1.7627118644E-07  3.0000000000E-01
  1.7966101695E-07  3.0000000000E-01
  1.8305084746E-07  3.0000000000E-01
  1.8644067797E-07  3.0000000000E-01
  1.8983050847E-07  3.0000000000E-01
  1.9322033898E-07  3.0000000000E-01
  1.9661016949E-07  3.0000000000E-01
  2.0000000000E-07  3.0000000000E-01
 BLOCKEND
 $ X-AXIS = DISTANCE      Y-AXIS = W(C)
 BLOCK X=C1; Y=C2;       GOC=C3,WAD;
  0.0000000000E+00  3.0000000000E-01 M
  3.3898305085E-09  3.0000000000E-01
  6.7796610169E-09  3.0000000000E-01
  1.0169491525E-08  3.0000000000E-01
  1.3559322034E-08  3.0000000000E-01
  1.6949152542E-08  3.0000000000E-01
  2.0338983051E-08  3.0000000000E-01
  2.3728813559E-08  3.0000000000E-01
  2.7118644068E-08  3.0000000000E-01
  3.0508474576E-08  3.0000000000E-01
  3.3898305085E-08  3.0000000000E-01
  3.7288135593E-08  3.0000000000E-01
  4.0677966102E-08  3.0000000000E-01
  4.4067796610E-08  3.0000000000E-01
  4.7457627119E-08  3.0000000000E-01
  5.0847457627E-08  3.0000000000E-01
  5.4237288136E-08  3.0000000000E-01
  5.7627118644E-08  3.0000000000E-01
  6.1016949153E-08  3.0000000000E-01
  6.4406779661E-08  3.0000000000E-01
  6.7796610169E-08  3.0000000000E-01
  7.1186440678E-08  3.0000000000E-01
  7.4576271186E-08  3.0000000000E-01
  7.7966101695E-08  3.0000000000E-01
  8.1355932203E-08  3.0000000000E-01
  8.4745762712E-08  3.0000000000E-01
  8.8135593220E-08  3.0000000000E-01
  9.1525423729E-08  3.0000000000E-01
  9.4915254237E-08  3.0000000000E-01
  9.8305084746E-08  3.0000000000E-01
  1.0169491525E-07  3.0000000000E-01
  1.0508474576E-07  3.0000000000E-01
  1.0847457627E-07  3.0000000000E-01
  1.1186440678E-07  3.0000000000E-01
  1.1525423729E-07  3.0000000000E-01
  1.1864406780E-07  3.0000000000E-01
  1.2203389831E-07  3.0000000000E-01
  1.2542372881E-07  3.0000000000E-01
  1.2881355932E-07  3.0000000000E-01
  1.3220338983E-07  3.0000000000E-01
  1.3559322034E-07  2.9999999998E-01
  1.3898305085E-07  3.0000000007E-01
  1.4237288136E-07  2.9999999974E-01
  1.4576271186E-07  3.0000000098E-01
  1.4915254237E-07  2.9999999630E-01
  1.5254237288E-07  3.0000001401E-01
  1.5593220339E-07  2.9999994705E-01
  1.5932203390E-07  3.0000020016E-01
  1.6271186441E-07  2.9999924339E-01
  1.6610169492E-07  3.0000285977E-01
  1.6949152542E-07  2.9998919152E-01
  1.7288135593E-07  3.0004084792E-01
  1.7627118644E-07  2.9984563469E-01
  1.7966101695E-07  3.0058330669E-01
  1.8305084746E-07  2.9779586226E-01
  1.8644067797E-07  3.0832672688E-01
  1.8983050847E-07  2.6852344992E-01
  1.9322033898E-07  4.1870875136E-01
  1.9661016949E-07  2.1506974410E-09
  2.0000000000E-07  2.1549543311E+00
 BLOCKEND
 $ X-AXIS = DISTANCE      Y-AXIS = W(C)
 BLOCK X=C1; Y=C2;       GOC=C3,WAD;
  0.0000000000E+00  3.0000000000E-01 M
  3.3898305085E-09  3.0000000000E-01
  6.7796610169E-09  3.0000000000E-01
  1.0169491525E-08  3.0000000000E-01
  1.3559322034E-08  3.0000000000E-01
  1.6949152542E-08  3.0000000000E-01
  2.0338983051E-08  3.0000000000E-01
  2.3728813559E-08  3.0000000000E-01
  2.7118644068E-08  3.0000000000E-01
  3.0508474576E-08  3.0000000000E-01
  3.3898305085E-08  3.0000000000E-01
  3.7288135593E-08  3.0000000000E-01
  4.0677966102E-08  3.0000000000E-01
  4.4067796610E-08  3.0000000000E-01
  4.7457627119E-08  3.0000000000E-01
  5.0847457627E-08  3.0000000000E-01
  5.4237288136E-08  3.0000000000E-01
  5.7627118644E-08  3.0000000000E-01
  6.1016949153E-08  3.0000000000E-01
  6.4406779661E-08  3.0000000000E-01
  6.7796610169E-08  3.0000000000E-01
  7.1186440678E-08  3.0000000000E-01
  7.4576271186E-08  3.0000000000E-01
  7.7966101695E-08  3.0000000000E-01
  8.1355932203E-08  3.0000000000E-01
  8.4745762712E-08  3.0000000000E-01
  8.8135593220E-08  3.0000000000E-01
  9.1525423729E-08  3.0000000000E-01
  9.4915254237E-08  3.0000000000E-01
  9.8305084746E-08  3.0000000000E-01
  1.0169491525E-07  3.0000000000E-01
  1.0508474576E-07  3.0000000000E-01
  1.0847457627E-07  3.0000000000E-01
  1.1186440678E-07  3.0000000000E-01
  1.1525423729E-07  3.0000000000E-01
  1.1864406780E-07  3.0000000000E-01
  1.2203389831E-07  3.0000000000E-01
  1.2542372881E-07  3.0000000000E-01
  1.2881355932E-07  3.0000000000E-01
  1.3220338983E-07  3.0000000000E-01
  1.3559322034E-07  3.0000000001E-01
  1.3898305085E-07  2.9999999995E-01
  1.4237288136E-07  3.0000000020E-01
  1.4576271186E-07  2.9999999921E-01
  1.4915254237E-07  3.0000000312E-01
  1.5254237288E-07  2.9999998775E-01
  1.5593220339E-07  3.0000004802E-01
  1.5932203390E-07  2.9999981224E-01
  1.6271186441E-07  3.0000073244E-01
  1.6610169492E-07  2.9999714920E-01
  1.6949152542E-07  3.0001107192E-01
  1.7288135593E-07  2.9995708978E-01
  1.7627118644E-07  3.0016595499E-01
  1.7966101695E-07  2.9935945337E-01
  1.8305084746E-07  3.0246695617E-01
  1.8644067797E-07  2.9051221288E-01
  1.8983050847E-07  3.3633058507E-01
  1.9322033898E-07  1.5932726281E-01
  1.9661016949E-07  1.1301711867E+00
  2.0000000000E-07  2.4969745261E+00
 BLOCKEND
 $ X-AXIS = DISTANCE      Y-AXIS = W(C)
 BLOCK X=C1; Y=C2;       GOC=C3,WAD;
  0.0000000000E+00  3.0000000000E-01 M
  3.3898305085E-09  3.0000000000E-01
  6.7796610169E-09  3.0000000000E-01
  1.0169491525E-08  3.0000000000E-01
  1.3559322034E-08  3.0000000000E-01
  1.6949152542E-08  3.0000000000E-01
  2.0338983051E-08  3.0000000000E-01
  2.3728813559E-08  3.0000000000E-01
  2.7118644068E-08  3.0000000000E-01
  3.0508474576E-08  3.0000000000E-01
  3.3898305085E-08  3.0000000000E-01
  3.7288135593E-08  3.0000000000E-01
  4.0677966102E-08  3.0000000000E-01
  4.4067796610E-08  3.0000000000E-01
  4.7457627119E-08  3.0000000000E-01
  5.0847457627E-08  3.0000000000E-01
  5.4237288136E-08  3.0000000000E-01
  5.7627118644E-08  3.0000000000E-01
  6.1016949153E-08  3.0000000000E-01
  6.4406779661E-08  3.0000000000E-01
  6.7796610169E-08  3.0000000000E-01
  7.1186440678E-08  3.0000000000E-01
  7.4576271186E-08  3.0000000000E-01
  7.7966101695E-08  3.0000000000E-01
  8.1355932203E-08  3.0000000000E-01
  8.4745762712E-08  3.0000000000E-01
  8.8135593220E-08  3.0000000000E-01
  9.1525423729E-08  3.0000000000E-01
  9.4915254237E-08  3.0000000000E-01
  9.8305084746E-08  3.0000000000E-01
  1.0169491525E-07  3.0000000000E-01
  1.0508474576E-07  3.0000000000E-01
  1.0847457627E-07  3.0000000000E-01
  1.1186440678E-07  3.0000000000E-01
  1.1525423729E-07  3.0000000000E-01
  1.1864406780E-07  3.0000000000E-01
  1.2203389831E-07  3.0000000000E-01
  1.2542372881E-07  3.0000000000E-01
  1.2881355932E-07  3.0000000000E-01
  1.3220338983E-07  3.0000000002E-01
  1.3559322034E-07  2.9999999994E-01
  1.3898305085E-07  3.0000000023E-01
  1.4237288136E-07  2.9999999918E-01
  1.4576271186E-07  3.0000000277E-01
  1.4915254237E-07  2.9999999123E-01
  1.5254237288E-07  3.0000002500E-01
  1.5593220339E-07  2.9999994349E-01
  1.5932203390E-07  3.0000004265E-01
  1.6271186441E-07  3.0000058712E-01
  1.6610169492E-07  2.9999458626E-01
  1.6949152542E-07  3.0003377697E-01
  1.7288135593E-07  2.9981816497E-01
  1.7627118644E-07  3.0090134452E-01
  1.7966101695E-07  2.9576778872E-01
  1.8305084746E-07  3.1889773186E-01
  1.8644067797E-07  2.2265353364E-01
  1.8983050847E-07  8.1164830253E-01
  1.9322033898E-07  1.8905222281E+00
  1.9661016949E-07  2.4244761170E+00
  2.0000000000E-07  2.6884762787E+00
 BLOCKEND
 $ X-AXIS = DISTANCE      Y-AXIS = W(C)
 BLOCK X=C1; Y=C2;       GOC=C3,WAD;
  0.0000000000E+00  3.0000000000E-01 M
  3.3898305085E-09  3.0000000000E-01
  6.7796610169E-09  3.0000000000E-01
  1.0169491525E-08  3.0000000000E-01
  1.3559322034E-08  3.0000000000E-01
  1.6949152542E-08  3.0000000000E-01
  2.0338983051E-08  3.0000000000E-01
  2.3728813559E-08  3.0000000000E-01
  2.7118644068E-08  3.0000000000E-01
  3.0508474576E-08  3.0000000000E-01
  3.3898305085E-08  3.0000000000E-01
  3.7288135593E-08  3.0000000000E-01
  4.0677966102E-08  3.0000000000E-01
  4.4067796610E-08  3.0000000000E-01
  4.7457627119E-08  3.0000000000E-01
  5.0847457627E-08  3.0000000000E-01
  5.4237288136E-08  3.0000000000E-01
  5.7627118644E-08  3.0000000000E-01
  6.1016949153E-08  3.0000000000E-01
  6.4406779661E-08  3.0000000000E-01
  6.7796610169E-08  3.0000000000E-01
  7.1186440678E-08  3.0000000000E-01
  7.4576271186E-08  3.0000000000E-01
  7.7966101695E-08  3.0000000000E-01
  8.1355932203E-08  3.0000000000E-01
  8.4745762712E-08  3.0000000000E-01
  8.8135593220E-08  3.0000000000E-01
  9.1525423729E-08  3.0000000000E-01
  9.4915254237E-08  3.0000000000E-01
  9.8305084746E-08  3.0000000000E-01
  1.0169491525E-07  3.0000000000E-01
  1.0508474576E-07  3.0000000000E-01
  1.0847457627E-07  3.0000000000E-01
  1.1186440678E-07  3.0000000000E-01
  1.1525423729E-07  3.0000000000E-01
  1.1864406780E-07  3.0000000000E-01
  1.2203389831E-07  3.0000000000E-01
  1.2542372881E-07  3.0000000000E-01
  1.2881355932E-07  3.0000000001E-01
  1.3220338983E-07  2.9999999996E-01
  1.3559322034E-07  3.0000000015E-01
  1.3898305085E-07  2.9999999939E-01
  1.4237288136E-07  3.0000000236E-01
  1.4576271186E-07  2.9999999132E-01
  1.4915254237E-07  3.0000002971E-01
  1.5254237288E-07  2.9999990933E-01
  1.5593220339E-07  3.0000021682E-01
  1.5932203390E-07  2.9999985293E-01
  1.6271186441E-07  2.9999711609E-01
  1.6610169492E-07  3.0002838477E-01
  1.6949152542E-07  2.9979989904E-01
  1.7288135593E-07  3.0129482865E-01
  1.7627118644E-07  2.9081610214E-01
  1.7966101695E-07  4.5908867326E-01
  1.8305084746E-07  8.4600754468E-01
  1.8644067797E-07  1.4336813000E+00
  1.8983050847E-07  2.0069745945E+00
  1.9322033898E-07  2.3441621976E+00
  1.9661016949E-07  2.5517920907E+00
  2.0000000000E-07  2.6964726945E+00
 BLOCKEND
 $ X-AXIS = DISTANCE      Y-AXIS = W(C)
 BLOCK X=C1; Y=C2;       GOC=C3,WAD;
  0.0000000000E+00  3.0000000000E-01 M
  3.3898305085E-09  3.0000000000E-01
  6.7796610169E-09  3.0000000000E-01
  1.0169491525E-08  3.0000000000E-01
  1.3559322034E-08  3.0000000000E-01
  1.6949152542E-08  3.0000000000E-01
  2.0338983051E-08  3.0000000000E-01
  2.3728813559E-08  3.0000000000E-01
  2.7118644068E-08  3.0000000000E-01
  3.0508474576E-08  3.0000000000E-01
  3.3898305085E-08  3.0000000000E-01
  3.7288135593E-08  3.0000000000E-01
  4.0677966102E-08  3.0000000000E-01
  4.4067796610E-08  3.0000000000E-01
  4.7457627119E-08  3.0000000000E-01
  5.0847457627E-08  3.0000000000E-01
  5.4237288136E-08  3.0000000000E-01
  5.7627118644E-08  3.0000000000E-01
  6.1016949153E-08  3.0000000000E-01
  6.4406779661E-08  3.0000000000E-01
  6.7796610169E-08  3.0000000000E-01
  7.1186440678E-08  3.0000000000E-01
  7.4576271186E-08  3.0000000000E-01
  7.7966101695E-08  3.0000000000E-01
  8.1355932203E-08  3.0000000000E-01
  8.4745762712E-08  3.0000000000E-01
  8.8135593220E-08  3.0000000000E-01
  9.1525423729E-08  3.0000000000E-01
  9.4915254237E-08  3.0000000000E-01
  9.8305084746E-08  3.0000000000E-01
  1.0169491525E-07  3.0000000000E-01
  1.0508474576E-07  3.0000000000E-01
  1.0847457627E-07  3.0000000000E-01
  1.1186440678E-07  3.0000000000E-01
  1.1525423729E-07  3.0000000000E-01
  1.1864406780E-07  3.0000000000E-01
  1.2203389831E-07  3.0000000000E-01
  1.2542372881E-07  3.0000000000E-01
  1.2881355932E-07  3.0000000005E-01
  1.3220338983E-07  3.0000000041E-01
  1.3559322034E-07  3.0000000572E-01
  1.3898305085E-07  3.0000006700E-01
  1.4237288136E-07  3.0000081143E-01
  1.4576271186E-07  3.0000973840E-01
  1.4915254237E-07  3.0011570188E-01
  1.5254237288E-07  3.0131213198E-01
  1.5593220339E-07  3.1181101097E-01
  1.5932203390E-07  3.6162005168E-01
  1.6271186441E-07  4.6856591683E-01
  1.6610169492E-07  5.8849698891E-01
  1.6949152542E-07  7.3519531901E-01
  1.7288135593E-07  1.1065571042E+00
  1.7627118644E-07  1.5912089389E+00
  1.7966101695E-07  1.9147228433E+00
  1.8305084746E-07  2.1362049023E+00
  1.8644067797E-07  2.2948528146E+00
  1.8983050847E-07  2.4228228584E+00
  1.9322033898E-07  2.5256688189E+00
  1.9661016949E-07  2.6093503262E+00
  2.0000000000E-07  2.6829916748E+00
 BLOCKEND
 $ X-AXIS = DISTANCE      Y-AXIS = W(C)
 BLOCK X=C1; Y=C2;       GOC=C3,WAD;
  0.0000000000E+00  3.0000000000E-01 M
  3.3898305085E-09  3.0000000000E-01
  6.7796610169E-09  3.0000000000E-01
  1.0169491525E-08  3.0000000000E-01
  1.3559322034E-08  3.0000000000E-01
  1.6949152542E-08  3.0000000000E-01
  2.0338983051E-08  3.0000000000E-01
  2.3728813559E-08  3.0000000000E-01
  2.7118644068E-08  3.0000000000E-01
  3.0508474576E-08  3.0000000000E-01
  3.3898305085E-08  3.0000000000E-01
  3.7288135593E-08  3.0000000001E-01
  4.0677966102E-08  3.0000000002E-01
  4.4067796610E-08  3.0000000005E-01
  4.7457627119E-08  3.0000000013E-01
  5.0847457627E-08  3.0000000037E-01
  5.4237288136E-08  3.0000000100E-01
  5.7627118644E-08  3.0000000272E-01
  6.1016949153E-08  3.0000000738E-01
  6.4406779661E-08  3.0000002006E-01
  6.7796610169E-08  3.0000005447E-01
  7.1186440678E-08  3.0000014777E-01
  7.4576271186E-08  3.0000040050E-01
  7.7966101695E-08  3.0000108446E-01
  8.1355932203E-08  3.0000293353E-01
  8.4745762712E-08  3.0000792689E-01
  8.8135593220E-08  3.0002139546E-01
  9.1525423729E-08  3.0005767815E-01
  9.4915254237E-08  3.0015525807E-01
  9.8305084746E-08  3.0041704694E-01
  1.0169491525E-07  3.0111665506E-01
  1.0508474576E-07  3.0297223543E-01
  1.0847457627E-07  3.0781171245E-01
  1.1186440678E-07  3.1996402591E-01
  1.1525423729E-07  3.4816618755E-01
  1.1864406780E-07  4.0510530930E-01
  1.2203389831E-07  4.9952335804E-01
  1.2542372881E-07  6.2545586378E-01
  1.2881355932E-07  7.6393306859E-01
  1.3220338983E-07  8.9583416756E-01
  1.3559322034E-07  1.0119038846E+00
  1.3898305085E-07  1.1185591709E+00
  1.4237288136E-07  1.2399772804E+00
  1.4576271186E-07  1.3974503517E+00
  1.4915254237E-07  1.5797040490E+00
  1.5254237288E-07  1.7554897924E+00
  1.5593220339E-07  1.8991160601E+00
  1.5932203390E-07  2.0022568698E+00
  1.6271186441E-07  2.0808452863E+00
  1.6610169492E-07  2.1585332792E+00
  1.6949152542E-07  2.2308743111E+00
  1.7288135593E-07  2.2854798657E+00
  1.7627118644E-07  2.3407743019E+00
  1.7966101695E-07  2.3893767850E+00
  1.8305084746E-07  2.4344719854E+00
  1.8644067797E-07  2.4740550711E+00
  1.8983050847E-07  2.5137475015E+00
  1.9322033898E-07  2.5496015639E+00
  1.9661016949E-07  2.5805106084E+00
  2.0000000000E-07  2.6116269234E+00
 BLOCKEND
 $ X-AXIS = DISTANCE      Y-AXIS = W(C)
 BLOCK X=C1; Y=C2;       GOC=C3,WAD;
  0.0000000000E+00  8.7852611494E-01 M
  3.3898305085E-09  8.8006839365E-01
  6.7796610169E-09  8.8457600588E-01
  1.0169491525E-08  8.9173534557E-01
  1.3559322034E-08  9.0108895263E-01
  1.6949152542E-08  9.1211010784E-01
  2.0338983051E-08  9.2428809365E-01
  2.3728813559E-08  9.3720813057E-01
  2.7118644068E-08  9.5061048090E-01
  3.0508474576E-08  9.6441474967E-01
  3.3898305085E-08  9.7869794079E-01
  3.7288135593E-08  9.9362189627E-01
  4.0677966102E-08  1.0093198793E+00
  4.4067796610E-08  1.0257713645E+00
  4.7457627119E-08  1.0427101446E+00
  5.0847457627E-08  1.0596122555E+00
  5.4237288136E-08  1.0757911182E+00
  5.7627118644E-08  1.0905928035E+00
  6.1016949153E-08  1.1036455572E+00
  6.4406779661E-08  1.1150826420E+00
  6.7796610169E-08  1.1256317049E+00
  7.1186440678E-08  1.1364683380E+00
  7.4576271186E-08  1.1487952127E+00
  7.7966101695E-08  1.1632520942E+00
  8.1355932203E-08  1.1794177294E+00
  8.4745762712E-08  1.1957052003E+00
  8.8135593220E-08  1.2098106765E+00
  9.1525423729E-08  1.2196568332E+00
  9.4915254237E-08  1.2245825619E+00
  9.8305084746E-08  1.2262919586E+00
  1.0169491525E-07  1.2287674759E+00
  1.0508474576E-07  1.2364538283E+00
  1.0847457627E-07  1.2512115508E+00
  1.1186440678E-07  1.2702074473E+00
  1.1525423729E-07  1.2867960901E+00
  1.1864406780E-07  1.2942375807E+00
  1.2203389831E-07  1.2904896217E+00
  1.2542372881E-07  1.2815687316E+00
  1.2881355932E-07  1.2797064216E+00
  1.3220338983E-07  1.2940417150E+00
  1.3559322034E-07  1.3204708634E+00
  1.3898305085E-07  1.3422693739E+00
  1.4237288136E-07  1.3426896801E+00
  1.4576271186E-07  1.3227574737E+00
  1.4915254237E-07  1.3097303989E+00
  1.5254237288E-07  1.3291777933E+00
  1.5593220339E-07  1.3621360211E+00
  1.5932203390E-07  1.3631408780E+00
  1.6271186441E-07  1.3365261717E+00
  1.6610169492E-07  1.3476805625E+00
  1.6949152542E-07  1.3769389915E+00
  1.7288135593E-07  1.3541110161E+00
  1.7627118644E-07  1.3665264080E+00
  1.7966101695E-07  1.3672118503E+00
  1.8305084746E-07  1.3716313280E+00
  1.8644067797E-07  1.3601560587E+00
  1.8983050847E-07  1.3729662559E+00
  1.9322033898E-07  1.3763267192E+00
  1.9661016949E-07  1.3551745216E+00
  2.0000000000E-07  1.3548460932E+00
 BLOCKEND
 $ X-AXIS = DISTANCE      Y-AXIS = W(C)
 BLOCK X=C1; Y=C2;       GOC=C3,WAD;
  0.0000000000E+00  1.1432776021E+00 M
  3.3898305085E-09  1.1434939825E+00
  6.7796610169E-09  1.1441158229E+00
  1.0169491525E-08  1.1450643156E+00
  1.3559322034E-08  1.1462205543E+00
  1.6949152542E-08  1.1474449998E+00
  2.0338983051E-08  1.1486035343E+00
  2.3728813559E-08  1.1496000155E+00
  2.7118644068E-08  1.1504093536E+00
  3.0508474576E-08  1.1511009882E+00
  3.3898305085E-08  1.1518403495E+00
  3.7288135593E-08  1.1528572506E+00
  4.0677966102E-08  1.1543779707E+00
  4.4067796610E-08  1.1565324006E+00
  4.7457627119E-08  1.1592647691E+00
  5.0847457627E-08  1.1622892721E+00
  5.4237288136E-08  1.1651298251E+00
  5.7627118644E-08  1.1672580673E+00
  6.1016949153E-08  1.1683089146E+00
  6.4406779661E-08  1.1683073649E+00
  6.7796610169E-08  1.1678069449E+00
  7.1186440678E-08  1.1678272407E+00
  7.4576271186E-08  1.1695172079E+00
  7.7966101695E-08  1.1736045192E+00
  8.1355932203E-08  1.1798542077E+00
  8.4745762712E-08  1.1868499613E+00
  8.8135593220E-08  1.1923258628E+00
  9.1525423729E-08  1.1940648476E+00
  9.4915254237E-08  1.1911550270E+00
  9.8305084746E-08  1.1851108506E+00
  1.0169491525E-07  1.1799863636E+00
  1.0508474576E-07  1.1806040081E+00
  1.0847457627E-07  1.1892371958E+00
  1.1186440678E-07  1.2030572234E+00
  1.1525423729E-07  1.2148163561E+00
  1.1864406780E-07  1.2168295378E+00
  1.2203389831E-07  1.2063965084E+00
  1.2542372881E-07  1.1899905828E+00
  1.2881355932E-07  1.1817267876E+00
  1.3220338983E-07  1.1926820351E+00
  1.3559322034E-07  1.2184110257E+00
  1.3898305085E-07  1.2392204025E+00
  1.4237288136E-07  1.2349363174E+00
  1.4576271186E-07  1.2061129838E+00
  1.4915254237E-07  1.1856337383E+00
  1.5254237288E-07  1.2054961624E+00
  1.5593220339E-07  1.2424584348E+00
  1.5932203390E-07  1.2401448952E+00
  1.6271186441E-07  1.2034253255E+00
  1.6610169492E-07  1.2146278223E+00
  1.6949152542E-07  1.2491074850E+00
  1.7288135593E-07  1.2178834285E+00
  1.7627118644E-07  1.2319489000E+00
  1.7966101695E-07  1.2314071999E+00
  1.8305084746E-07  1.2360664107E+00
  1.8644067797E-07  1.2207282791E+00
  1.8983050847E-07  1.2368409104E+00
  1.9322033898E-07  1.2412393613E+00
  1.9661016949E-07  1.2145257677E+00
  2.0000000000E-07  1.2147249905E+00
 BLOCKEND
