 PROLOGUE 1
 XSCALE        0.00000          0.600000E-06
 YSCALE       0.107557E-02      0.308906    
 XTEXT DISTANCE
 YTEXT WEIGHT-PERCENT C
 XTYPE LINEAR
 YTYPE LINEAR
 XLENGTH        11.5000    
 YLENGTH        11.5000    
 TITLE   
 DATASET 1
 CLIP OFF
    0.00000    1.12000 NAM' TIME = 0,1E-04,.001,.01,.03,.1,.5,10,20
 1.05 1.05 MNA' CELL #   1
 CLIP ON
 $ X-AXIS = DISTANCE      Y-AXIS = W(C)
 BLOCK X=C1; Y=C2;       GOC=C3,WAD;
  0.0000000000E+00  3.0000000000E-01 M
  1.2244897959E-08  3.0000000000E-01
  2.4489795918E-08  3.0000000000E-01
  3.6734693878E-08  3.0000000000E-01
  4.8979591837E-08  3.0000000000E-01
  6.1224489796E-08  3.0000000000E-01
  7.3469387755E-08  3.0000000000E-01
  8.5714285714E-08  3.0000000000E-01
  9.7959183673E-08  3.0000000000E-01
  1.1020408163E-07  3.0000000000E-01
  1.2244897959E-07  3.0000000000E-01
  1.3469387755E-07  3.0000000000E-01
  1.4693877551E-07  3.0000000000E-01
  1.5918367347E-07  3.0000000000E-01
  1.7142857143E-07  3.0000000000E-01
  1.8367346939E-07  3.0000000000E-01
  1.9591836735E-07  3.0000000000E-01
  2.0816326531E-07  3.0000000000E-01
  2.2040816327E-07  3.0000000000E-01
  2.3265306122E-07  3.0000000000E-01
  2.4489795918E-07  3.0000000000E-01
  2.5714285714E-07  3.0000000000E-01
  2.6938775510E-07  3.0000000000E-01
  2.8163265306E-07  3.0000000000E-01
  2.9387755102E-07  3.0000000000E-01
  3.0612244898E-07  3.0000000000E-01
  3.1836734694E-07  3.0000000000E-01
  3.3061224490E-07  3.0000000000E-01
  3.4285714286E-07  3.0000000000E-01
  3.5510204082E-07  3.0000000000E-01
  3.6734693878E-07  3.0000000000E-01
  3.7959183673E-07  3.0000000000E-01
  3.9183673469E-07  3.0000000000E-01
  4.0408163265E-07  3.0000000000E-01
  4.1632653061E-07  3.0000000000E-01
  4.2857142857E-07  3.0000000000E-01
  4.4081632653E-07  3.0000000000E-01
  4.5306122449E-07  3.0000000000E-01
  4.6530612245E-07  3.0000000000E-01
  4.7755102041E-07  3.0000000000E-01
  4.8979591837E-07  3.0000000000E-01
  5.0204081633E-07  3.0000000000E-01
  5.1428571429E-07  3.0000000000E-01
  5.2653061224E-07  3.0000000000E-01
  5.3877551020E-07  3.0000000000E-01
  5.5102040816E-07  3.0000000000E-01
  5.6326530612E-07  3.0000000000E-01
  5.7551020408E-07  3.0000000000E-01
  5.8775510204E-07  3.0000000000E-01
  6.0000000000E-07  3.0000000000E-01
 BLOCKEND
 $ X-AXIS = DISTANCE      Y-AXIS = W(C)
 BLOCK X=C1; Y=C2;       GOC=C3,WAD;
  0.0000000000E+00  3.0000000000E-01 M
  1.2244897959E-08  3.0000000000E-01
  2.4489795918E-08  3.0000000000E-01
  3.6734693878E-08  3.0000000000E-01
  4.8979591837E-08  3.0000000000E-01
  6.1224489796E-08  3.0000000000E-01
  7.3469387755E-08  3.0000000000E-01
  8.5714285714E-08  3.0000000000E-01
  9.7959183673E-08  3.0000000000E-01
  1.1020408163E-07  3.0000000000E-01
  1.2244897959E-07  3.0000000000E-01
  1.3469387755E-07  3.0000000000E-01
  1.4693877551E-07  3.0000000000E-01
  1.5918367347E-07  3.0000000000E-01
  1.7142857143E-07  3.0000000000E-01
  1.8367346939E-07  3.0000000000E-01
  1.9591836735E-07  3.0000000000E-01
  2.0816326531E-07  3.0000000000E-01
  2.2040816327E-07  3.0000000000E-01
  2.3265306122E-07  3.0000000000E-01
  2.4489795918E-07  3.0000000000E-01
  2.5714285714E-07  3.0000000000E-01
  2.6938775510E-07  3.0000000000E-01
  2.8163265306E-07  3.0000000000E-01
  2.9387755102E-07  3.0000000000E-01
  3.0612244898E-07  3.0000000000E-01
  3.1836734694E-07  3.0000000000E-01
  3.3061224490E-07  3.0000000000E-01
  3.4285714286E-07  3.0000000000E-01
  3.5510204082E-07  3.0000000000E-01
  3.6734693878E-07  3.0000000000E-01
  3.7959183673E-07  3.0000000000E-01
  3.9183673469E-07  3.0000000001E-01
  4.0408163265E-07  2.9999999997E-01
  4.1632653061E-07  3.0000000008E-01
  4.2857142857E-07  2.9999999980E-01
  4.4081632653E-07  3.0000000037E-01
  4.5306122449E-07  2.9999999988E-01
  4.6530612245E-07  2.9999999734E-01
  4.7755102041E-07  3.0000001171E-01
  4.8979591837E-07  2.9999999377E-01
  5.0204081633E-07  2.9999973370E-01
  5.1428571429E-07  3.0000230942E-01
  5.2653061224E-07  2.9998810945E-01
  5.3877551020E-07  3.0003641243E-01
  5.5102040816E-07  3.0002447873E-01
  5.6326530612E-07  2.9877314921E-01
  5.7551020408E-07  3.0890625381E-01
  5.8775510204E-07  2.7687797273E-01
  6.0000000000E-07  3.6303505296E-03
 BLOCKEND
 $ X-AXIS = DISTANCE      Y-AXIS = W(C)
 BLOCK X=C1; Y=C2;       GOC=C3,WAD;
  0.0000000000E+00  3.0000000000E-01 M
  1.2244897959E-08  3.0000000000E-01
  2.4489795918E-08  3.0000000000E-01
  3.6734693878E-08  3.0000000000E-01
  4.8979591837E-08  3.0000000000E-01
  6.1224489796E-08  3.0000000000E-01
  7.3469387755E-08  3.0000000000E-01
  8.5714285714E-08  3.0000000000E-01
  9.7959183673E-08  3.0000000000E-01
  1.1020408163E-07  3.0000000000E-01
  1.2244897959E-07  3.0000000000E-01
  1.3469387755E-07  3.0000000000E-01
  1.4693877551E-07  3.0000000000E-01
  1.5918367347E-07  3.0000000000E-01
  1.7142857143E-07  3.0000000000E-01
  1.8367346939E-07  3.0000000000E-01
  1.9591836735E-07  3.0000000000E-01
  2.0816326531E-07  3.0000000000E-01
  2.2040816327E-07  3.0000000000E-01
  2.3265306122E-07  3.0000000000E-01
  2.4489795918E-07  3.0000000000E-01
  2.5714285714E-07  3.0000000000E-01
  2.6938775510E-07  3.0000000000E-01
  2.8163265306E-07  3.0000000000E-01
  2.9387755102E-07  3.0000000000E-01
  3.0612244898E-07  3.0000000000E-01
  3.1836734694E-07  3.0000000000E-01
  3.3061224490E-07  3.0000000000E-01
  3.4285714286E-07  3.0000000000E-01
  3.5510204082E-07  3.0000000000E-01
  3.6734693878E-07  3.0000000000E-01
  3.7959183673E-07  3.0000000000E-01
  3.9183673469E-07  2.9999999999E-01
  4.0408163265E-07  3.0000000001E-01
  4.1632653061E-07  3.0000000007E-01
  4.2857142857E-07  2.9999999924E-01
  4.4081632653E-07  3.0000000338E-01
  4.5306122449E-07  2.9999998532E-01
  4.6530612245E-07  2.9999999754E-01
  4.7755102041E-07  2.9999994583E-01
  4.8979591837E-07  2.9999789622E-01
  5.0204081633E-07  2.9999333403E-01
  5.1428571429E-07  2.9993759374E-01
  5.2653061224E-07  2.9942675409E-01
  5.3877551020E-07  2.9693426334E-01
  5.5102040816E-07  2.8820703889E-01
  5.6326530612E-07  2.6406242385E-01
  5.7551020408E-07  2.1145557537E-01
  5.8775510204E-07  1.2226052338E-01
  6.0000000000E-07  5.1655228644E-03
 BLOCKEND
 $ X-AXIS = DISTANCE      Y-AXIS = W(C)
 BLOCK X=C1; Y=C2;       GOC=C3,WAD;
  0.0000000000E+00  2.9999999652E-01 M
  1.2244897959E-08  2.9999999621E-01
  2.4489795918E-08  2.9999999522E-01
  3.6734693878E-08  2.9999999337E-01
  4.8979591837E-08  2.9999999034E-01
  6.1224489796E-08  2.9999998559E-01
  7.3469387755E-08  2.9999997830E-01
  8.5714285714E-08  2.9999996719E-01
  9.7959183673E-08  2.9999995033E-01
  1.1020408163E-07  2.9999992477E-01
  1.2244897959E-07  2.9999988604E-01
  1.3469387755E-07  2.9999982737E-01
  1.4693877551E-07  2.9999973843E-01
  1.5918367347E-07  2.9999960343E-01
  1.7142857143E-07  2.9999939816E-01
  1.8367346939E-07  2.9999908529E-01
  1.9591836735E-07  2.9999860691E-01
  2.0816326531E-07  2.9999787263E-01
  2.2040816327E-07  2.9999674028E-01
  2.3265306122E-07  2.9999498463E-01
  2.4489795918E-07  2.9999224629E-01
  2.5714285714E-07  2.9998794790E-01
  2.6938775510E-07  2.9998115676E-01
  2.8163265306E-07  2.9997035984E-01
  2.9387755102E-07  2.9995309719E-01
  3.0612244898E-07  2.9992536991E-01
  3.1836734694E-07  2.9988069559E-01
  3.3061224490E-07  2.9980862683E-01
  3.4285714286E-07  2.9969247964E-01
  3.5510204082E-07  2.9950595246E-01
  3.6734693878E-07  2.9920828486E-01
  3.7959183673E-07  2.9873766557E-01
  3.9183673469E-07  2.9800285863E-01
  4.0408163265E-07  2.9687354461E-01
  4.1632653061E-07  2.9517069188E-01
  4.2857142857E-07  2.9265916823E-01
  4.4081632653E-07  2.8904514635E-01
  4.5306122449E-07  2.8397987230E-01
  4.6530612245E-07  2.7706987583E-01
  4.7755102041E-07  2.6789565988E-01
  4.8979591837E-07  2.5604108804E-01
  5.0204081633E-07  2.4112768289E-01
  5.1428571429E-07  2.2285227553E-01
  5.2653061224E-07  2.0102855921E-01
  5.3877551020E-07  1.7561999193E-01
  5.5102040816E-07  1.4676916521E-01
  5.6326530612E-07  1.1480889052E-01
  5.7551020408E-07  8.0252717038E-02
  5.8775510204E-07  4.3803041214E-02
  6.0000000000E-07  6.3263275107E-03
 BLOCKEND
 $ X-AXIS = DISTANCE      Y-AXIS = W(C)
 BLOCK X=C1; Y=C2;       GOC=C3,WAD;
  0.0000000000E+00  2.9995950995E-01 M
  1.2244897959E-08  2.9995799488E-01
  2.4489795918E-08  2.9995334845E-01
  3.6734693878E-08  2.9994526145E-01
  4.8979591837E-08  2.9993320009E-01
  6.1224489796E-08  2.9991637756E-01
  7.3469387755E-08  2.9989371312E-01
  8.5714285714E-08  2.9986377742E-01
  9.7959183673E-08  2.9982472241E-01
  1.1020408163E-07  2.9977419444E-01
  1.2244897959E-07  2.9970922914E-01
  1.3469387755E-07  2.9962612454E-01
  1.4693877551E-07  2.9952029148E-01
  1.5918367347E-07  2.9938608049E-01
  1.7142857143E-07  2.9921658070E-01
  1.8367346939E-07  2.9900339223E-01
  1.9591836735E-07  2.9873636937E-01
  2.0816326531E-07  2.9840333105E-01
  2.2040816327E-07  2.9798974001E-01
  2.3265306122E-07  2.9747834694E-01
  2.4489795918E-07  2.9684879670E-01
  2.5714285714E-07  2.9607719290E-01
  2.6938775510E-07  2.9513561689E-01
  2.8163265306E-07  2.9399159979E-01
  2.9387755102E-07  2.9260755188E-01
  3.0612244898E-07  2.9094017003E-01
  3.1836734694E-07  2.8893986082E-01
  3.3061224490E-07  2.8655024575E-01
  3.4285714286E-07  2.8370785188E-01
  3.5510204082E-07  2.8034210908E-01
  3.6734693878E-07  2.7637577251E-01
  3.7959183673E-07  2.7172584220E-01
  3.9183673469E-07  2.6630496918E-01
  4.0408163265E-07  2.6002327256E-01
  4.1632653061E-07  2.5279053905E-01
  4.2857142857E-07  2.4451896826E-01
  4.4081632653E-07  2.3512677365E-01
  4.5306122449E-07  2.2454235944E-01
  4.6530612245E-07  2.1270771828E-01
  4.7755102041E-07  1.9958165723E-01
  4.8979591837E-07  1.8514477249E-01
  5.0204081633E-07  1.6940238763E-01
  5.1428571429E-07  1.5238616825E-01
  5.2653061224E-07  1.3415803830E-01
  5.3877551020E-07  1.1480886892E-01
  5.5102040816E-07  9.4460757436E-02
  5.6326530612E-07  7.3263000152E-02
  5.7551020408E-07  5.1379606418E-02
  5.8775510204E-07  2.9005803014E-02
  6.0000000000E-07  6.3795660301E-03
 BLOCKEND
 $ X-AXIS = DISTANCE      Y-AXIS = W(C)
 BLOCK X=C1; Y=C2;       GOC=C3,WAD;
  0.0000000000E+00  2.8997748627E-01 M
  1.2244897959E-08  2.8991744600E-01
  2.4489795918E-08  2.8973677313E-01
  3.6734693878E-08  2.8943381289E-01
  4.8979591837E-08  2.8900581396E-01
  6.1224489796E-08  2.8844893818E-01
  7.3469387755E-08  2.8775827413E-01
  8.5714285714E-08  2.8692785727E-01
  9.7959183673E-08  2.8595069684E-01
  1.1020408163E-07  2.8481881067E-01
  1.2244897959E-07  2.8352326863E-01
  1.3469387755E-07  2.8205424550E-01
  1.4693877551E-07  2.8040108385E-01
  1.5918367347E-07  2.7855236649E-01
  1.7142857143E-07  2.7649599878E-01
  1.8367346939E-07  2.7421930004E-01
  1.9591836735E-07  2.7170910385E-01
  2.0816326531E-07  2.6895186752E-01
  2.2040816327E-07  2.6593379114E-01
  2.3265306122E-07  2.6264094782E-01
  2.4489795918E-07  2.5905942667E-01
  2.5714285714E-07  2.5517548985E-01
  2.6938775510E-07  2.5097574447E-01
  2.8163265306E-07  2.4644732669E-01
  2.9387755102E-07  2.4157809241E-01
  3.0612244898E-07  2.3635680474E-01
  3.1836734694E-07  2.3077330896E-01
  3.3061224490E-07  2.2481869011E-01
  3.4285714286E-07  2.1848541830E-01
  3.5510204082E-07  2.1176750045E-01
  3.6734693878E-07  2.0466066246E-01
  3.7959183673E-07  1.9716256676E-01
  3.9183673469E-07  1.8927302198E-01
  4.0408163265E-07  1.8099409449E-01
  4.1632653061E-07  1.7233006846E-01
  4.2857142857E-07  1.6328738193E-01
  4.4081632653E-07  1.5387487524E-01
  4.5306122449E-07  1.4410426222E-01
  4.6530612245E-07  1.3398971837E-01
  4.7755102041E-07  1.2354723188E-01
  4.8979591837E-07  1.1279572300E-01
  5.0204081633E-07  1.0175661442E-01
  5.1428571429E-07  9.0452705932E-02
  5.2653061224E-07  7.8910035691E-02
  5.3877551020E-07  6.7155699356E-02
  5.5102040816E-07  5.5220388273E-02
  5.6326530612E-07  4.3136247595E-02
  5.7551020408E-07  3.0926793123E-02
  5.8775510204E-07  1.8624817187E-02
  6.0000000000E-07  6.2901397921E-03
 BLOCKEND
 $ X-AXIS = DISTANCE      Y-AXIS = W(C)
 BLOCK X=C1; Y=C2;       GOC=C3,WAD;
  0.0000000000E+00  1.4937790379E-01 M
  1.2244897959E-08  1.4930528673E-01
  2.4489795918E-08  1.4908750283E-01
  3.6734693878E-08  1.4872475479E-01
  4.8979591837E-08  1.4821738052E-01
  6.1224489796E-08  1.4756585141E-01
  7.3469387755E-08  1.4677077095E-01
  8.5714285714E-08  1.4583287356E-01
  9.7959183673E-08  1.4475302362E-01
  1.1020408163E-07  1.4353221500E-01
  1.2244897959E-07  1.4217157107E-01
  1.3469387755E-07  1.4067234552E-01
  1.4693877551E-07  1.3903592359E-01
  1.5918367347E-07  1.3726382340E-01
  1.7142857143E-07  1.3535769700E-01
  1.8367346939E-07  1.3331933020E-01
  1.9591836735E-07  1.3115064100E-01
  2.0816326531E-07  1.2885367599E-01
  2.2040816327E-07  1.2643060540E-01
  2.3265306122E-07  1.2388371756E-01
  2.4489795918E-07  1.2121541449E-01
  2.5714285714E-07  1.1842821053E-01
  2.6938775510E-07  1.1552473558E-01
  2.8163265306E-07  1.1250774309E-01
  2.9387755102E-07  1.0938011975E-01
  3.0612244898E-07  1.0614489081E-01
  3.1836734694E-07  1.0280521432E-01
  3.3061224490E-07  9.9364360918E-02
  3.4285714286E-07  9.5825683957E-02
  3.5510204082E-07  9.2192597557E-02
  3.6734693878E-07  8.8468587083E-02
  3.7959183673E-07  8.4657262285E-02
  3.9183673469E-07  8.0762419197E-02
  4.0408163265E-07  7.6788030076E-02
  4.1632653061E-07  7.2738107087E-02
  4.2857142857E-07  6.8616554379E-02
  4.4081632653E-07  6.4427336991E-02
  4.5306122449E-07  6.0174900563E-02
  4.6530612245E-07  5.5863763159E-02
  4.7755102041E-07  5.1497889695E-02
  4.8979591837E-07  4.7081827970E-02
  5.0204081633E-07  4.2620347685E-02
  5.1428571429E-07  3.8117415547E-02
  5.2653061224E-07  3.3578150525E-02
  5.3877551020E-07  2.9006802693E-02
  5.5102040816E-07  2.4409483208E-02
  5.6326530612E-07  1.9792366379E-02
  5.7551020408E-07  1.5151765132E-02
  5.8775510204E-07  1.0491516380E-02
  6.0000000000E-07  5.8412805734E-03
 BLOCKEND
 $ X-AXIS = DISTANCE      Y-AXIS = W(C)
 BLOCK X=C1; Y=C2;       GOC=C3,WAD;
  0.0000000000E+00  1.3936308996E-03 M
  1.2244897959E-08  1.3936348151E-03
  2.4489795918E-08  1.3936475248E-03
  3.6734693878E-08  1.3936717143E-03
  4.8979591837E-08  1.3937111659E-03
  6.1224489796E-08  1.3937698689E-03
  7.3469387755E-08  1.3938510652E-03
  8.5714285714E-08  1.3939563295E-03
  9.7959183673E-08  1.3940849336E-03
  1.1020408163E-07  1.3942336256E-03
  1.2244897959E-07  1.3943969150E-03
  1.3469387755E-07  1.3945680603E-03
  1.4693877551E-07  1.3947405804E-03
  1.5918367347E-07  1.3949099327E-03
  1.7142857143E-07  1.3950750100E-03
  1.8367346939E-07  1.3952387926E-03
  1.9591836735E-07  1.3954076279E-03
  2.0816326531E-07  1.3955889344E-03
  2.2040816327E-07  1.3957874667E-03
  2.3265306122E-07  1.3960011294E-03
  2.4489795918E-07  1.3962177441E-03
  2.5714285714E-07  1.3964145545E-03
  2.6938775510E-07  1.3965622406E-03
  2.8163265306E-07  1.3966335614E-03
  2.9387755102E-07  1.3966140136E-03
  3.0612244898E-07  1.3965087856E-03
  3.1836734694E-07  1.3963394479E-03
  3.3061224490E-07  1.3961268517E-03
  3.4285714286E-07  1.3958644623E-03
  3.5510204082E-07  1.3954987953E-03
  3.6734693878E-07  1.3949411250E-03
  3.7959183673E-07  1.3941212500E-03
  3.9183673469E-07  1.3930510894E-03
  4.0408163265E-07  1.3918188700E-03
  4.1632653061E-07  1.3904587477E-03
  4.2857142857E-07  1.3888069508E-03
  4.4081632653E-07  1.3866713740E-03
  4.5306122449E-07  1.3842539932E-03
  4.6530612245E-07  1.3817506728E-03
  4.7755102041E-07  1.3787318632E-03
  4.8979591837E-07  1.3752813253E-03
  5.0204081633E-07  1.3716397474E-03
  5.1428571429E-07  1.3671848246E-03
  5.2653061224E-07  1.3623893873E-03
  5.3877551020E-07  1.3568044421E-03
  5.5102040816E-07  1.3518053025E-03
  5.6326530612E-07  1.3488388697E-03
  5.7551020408E-07  1.3394815321E-03
  5.8775510204E-07  1.3226377907E-03
  6.0000000000E-07  1.3229262566E-03
 BLOCKEND
 $ X-AXIS = DISTANCE      Y-AXIS = W(C)
 BLOCK X=C1; Y=C2;       GOC=C3,WAD;
  0.0000000000E+00  1.1068750439E-03 M
  1.2244897959E-08  1.1068931303E-03
  2.4489795918E-08  1.1069483731E-03
  3.6734693878E-08  1.1070435199E-03
  4.8979591837E-08  1.1071824588E-03
  6.1224489796E-08  1.1073693328E-03
  7.3469387755E-08  1.1076075887E-03
  8.5714285714E-08  1.1078990610E-03
  9.7959183673E-08  1.1082433373E-03
  1.1020408163E-07  1.1086375366E-03
  1.2244897959E-07  1.1090765918E-03
  1.3469387755E-07  1.1095542323E-03
  1.4693877551E-07  1.1100644889E-03
  1.5918367347E-07  1.1106033658E-03
  1.7142857143E-07  1.1111703344E-03
  1.8367346939E-07  1.1117689838E-03
  1.9591836735E-07  1.1124063035E-03
  2.0816326531E-07  1.1130903937E-03
  2.2040816327E-07  1.1138267368E-03
  2.3265306122E-07  1.1146140158E-03
  2.4489795918E-07  1.1154408784E-03
  2.5714285714E-07  1.1162854304E-03
  2.6938775510E-07  1.1171192290E-03
  2.8163265306E-07  1.1179158981E-03
  2.9387755102E-07  1.1186617623E-03
  3.0612244898E-07  1.1193627893E-03
  3.1836734694E-07  1.1200412837E-03
  3.3061224490E-07  1.1207188045E-03
  3.4285714286E-07  1.1213895142E-03
  3.5510204082E-07  1.1220006043E-03
  3.6734693878E-07  1.1224639540E-03
  3.7959183673E-07  1.1227098192E-03
  3.9183673469E-07  1.1227503716E-03
  4.0408163265E-07  1.1226738963E-03
  4.1632653061E-07  1.1225144754E-03
  4.2857142857E-07  1.1221081369E-03
  4.4081632653E-07  1.1212623202E-03
  4.5306122449E-07  1.1201781821E-03
  4.6530612245E-07  1.1190505264E-03
  4.7755102041E-07  1.1174485742E-03
  4.8979591837E-07  1.1154544842E-03
  5.0204081633E-07  1.1133069818E-03
  5.1428571429E-07  1.1103814812E-03
  5.2653061224E-07  1.1071479732E-03
  5.3877551020E-07  1.1031541459E-03
  5.5102040816E-07  1.0997715949E-03
  5.6326530612E-07  1.0984441217E-03
  5.7551020408E-07  1.0907451694E-03
  5.8775510204E-07  1.0755714253E-03
  6.0000000000E-07  1.0775312164E-03
 BLOCKEND
