
 Phase Region for:
     BCC_A2                        
     FCC_A1                        
 col-1=T_CELSIU, col-2=T, col-3=W(FCC_A1,C), col-4=W(BCC_A2,C),
   0.00000E+00   2.73150E+02   7.25748E-02   1.44218E-07
   1.50000E-02   2.73165E+02   7.25736E-02   1.44323E-07
   1.50000E+01   2.88150E+02   7.13806E-02   2.88321E-07
   3.00000E+01   3.03150E+02   7.01773E-02   5.36045E-07
   4.50000E+01   3.18150E+02   6.89647E-02   9.36337E-07
   6.00000E+01   3.33150E+02   6.77429E-02   1.54954E-06
   7.50000E+01   3.48150E+02   6.65120E-02   2.44636E-06
   9.00000E+01   3.63150E+02   6.52719E-02   3.70587E-06
   1.05000E+02   3.78150E+02   6.40226E-02   5.41280E-06
   1.20000E+02   3.93150E+02   6.27643E-02   7.65416E-06
   1.35000E+02   4.08150E+02   6.14968E-02   1.05157E-05
   1.50000E+02   4.23150E+02   6.02203E-02   1.40779E-05
   1.65000E+02   4.38150E+02   5.89346E-02   1.84131E-05
   1.80000E+02   4.53150E+02   5.76400E-02   2.35814E-05
   1.95000E+02   4.68150E+02   5.63363E-02   2.96285E-05
   2.10000E+02   4.83150E+02   5.50236E-02   3.65835E-05
   2.25000E+02   4.98150E+02   5.37020E-02   4.44568E-05
   2.40000E+02   5.13150E+02   5.23716E-02   5.32399E-05
   2.55000E+02   5.28150E+02   5.10324E-02   6.29045E-05
   2.70000E+02   5.43150E+02   4.96845E-02   7.34027E-05
   2.85000E+02   5.58150E+02   4.83279E-02   8.46680E-05
   3.00000E+02   5.73150E+02   4.69630E-02   9.66164E-05
   3.15000E+02   5.88150E+02   4.55897E-02   1.09147E-04
   3.30000E+02   6.03150E+02   4.42083E-02   1.22147E-04
   3.45000E+02   6.18150E+02   4.28190E-02   1.35487E-04
   3.60000E+02   6.33150E+02   4.14219E-02   1.49030E-04
   3.75000E+02   6.48150E+02   4.00174E-02   1.62631E-04
   3.90000E+02   6.63150E+02   3.86059E-02   1.76139E-04
   4.05000E+02   6.78150E+02   3.71876E-02   1.89398E-04
   4.20000E+02   6.93150E+02   3.57631E-02   2.02250E-04
   4.35000E+02   7.08150E+02   3.43329E-02   2.14541E-04
   4.50000E+02   7.23150E+02   3.28974E-02   2.26116E-04
   4.65000E+02   7.38150E+02   3.14576E-02   2.36826E-04
   4.80000E+02   7.53150E+02   3.00142E-02   2.46527E-04
   4.95000E+02   7.68150E+02   2.85681E-02   2.55084E-04
   5.10000E+02   7.83150E+02   2.71205E-02   2.62371E-04
   5.25000E+02   7.98150E+02   2.56728E-02   2.68272E-04
   5.40000E+02   8.13150E+02   2.42265E-02   2.72685E-04
   5.55000E+02   8.28150E+02   2.27833E-02   2.75522E-04
   5.70000E+02   8.43150E+02   2.13455E-02   2.76709E-04
   5.85000E+02   8.58150E+02   1.99156E-02   2.76190E-04
   6.00000E+02   8.73150E+02   1.84965E-02   2.73928E-04
   6.15000E+02   8.88150E+02   1.70915E-02   2.69908E-04
   6.30000E+02   9.03150E+02   1.57049E-02   2.64137E-04
   6.45000E+02   9.18150E+02   1.43412E-02   2.56651E-04
   6.60000E+02   9.33150E+02   1.30060E-02   2.47514E-04
   6.75000E+02   9.48150E+02   1.17057E-02   2.36830E-04
   6.90000E+02   9.63150E+02   1.04478E-02   2.24740E-04
   7.05000E+02   9.78150E+02   9.24082E-03   2.11441E-04
   7.20000E+02   9.93150E+02   8.09457E-03   1.97189E-04
   7.35000E+02   1.00815E+03   7.02016E-03   1.82316E-04
   7.50000E+02   1.02315E+03   6.03002E-03   1.67253E-04
   7.65000E+02   1.03815E+03   5.13781E-03   1.52551E-04
   7.80000E+02   1.05315E+03   4.34847E-03   1.38549E-04
   7.95000E+02   1.06815E+03   3.63561E-03   1.24452E-04
   8.10000E+02   1.08315E+03   2.99024E-03   1.10061E-04
   8.25000E+02   1.09815E+03   2.40625E-03   9.52775E-05
   8.40000E+02   1.11315E+03   1.87836E-03   8.00345E-05
   8.55000E+02   1.12815E+03   1.40197E-03   6.42870E-05
   8.70000E+02   1.14315E+03   9.72940E-04   4.80097E-05
   8.85000E+02   1.15815E+03   5.87571E-04   3.11940E-05
   9.00000E+02   1.17315E+03   2.42488E-04   1.38462E-05
   9.07500E+02   1.18065E+03   8.40802E-05   4.97829E-06
   9.08864E+02   1.18201E+03   5.62490E-05   3.35243E-06
   9.11591E+02   1.18474E+03   1.46398E-06   8.84075E-08
   9.11636E+02   1.18479E+03   5.68197E-07   3.43201E-08
   9.11644E+02   1.18479E+03   4.05362E-07   2.44855E-08
   9.11661E+02   1.18481E+03   7.97232E-08   4.81599E-09
   9.11664E+02   1.18481E+03   2.05206E-08   1.23965E-09
   9.11664E+02   1.18481E+03   9.75669E-09   5.89401E-10
   9.11664E+02   1.18481E+03   7.79961E-09   4.71174E-10
   9.11664E+02   1.18481E+03   3.88546E-09   2.34721E-10
   9.11664E+02   1.18481E+03   3.17380E-09   1.91729E-10
   9.11665E+02   1.18481E+03   1.75047E-09   1.05746E-10
   9.11665E+02   1.18481E+03   1.75047E-09   1.05746E-10

 Phase Region for:
     BCC_A2                        
     FCC_A1                        
 col-1=T_CELSIU, col-2=T, col-3=W(FCC_A1,C), col-4=W(BCC_A2,C),
   1.00000E+01   2.83150E+02   7.17797E-02   2.30855E-07
   1.00150E+01   2.83165E+02   7.17785E-02   2.31012E-07
   2.50000E+01   2.98150E+02   7.05794E-02   4.39175E-07
   4.00000E+01   3.13150E+02   6.93699E-02   7.82457E-07
   5.50000E+01   3.28150E+02   6.81512E-02   1.31731E-06
   7.00000E+01   3.43150E+02   6.69233E-02   2.11117E-06
   8.50000E+01   3.58150E+02   6.56862E-02   3.24059E-06
   1.00000E+02   3.73150E+02   6.44401E-02   4.78875E-06
   1.15000E+02   3.88150E+02   6.31848E-02   6.84230E-06
   1.30000E+02   4.03150E+02   6.19203E-02   9.48779E-06
   1.45000E+02   4.18150E+02   6.06468E-02   1.28080E-05
   1.60000E+02   4.33150E+02   5.93642E-02   1.68782E-05
   1.75000E+02   4.48150E+02   5.80725E-02   2.17629E-05
   1.90000E+02   4.63150E+02   5.67718E-02   2.75130E-05
   2.05000E+02   4.78150E+02   5.54622E-02   3.41632E-05
   2.20000E+02   4.93150E+02   5.41435E-02   4.17304E-05
   2.35000E+02   5.08150E+02   5.28160E-02   5.02125E-05
   2.50000E+02   5.23150E+02   5.14797E-02   5.95876E-05
   2.65000E+02   5.38150E+02   5.01347E-02   6.98144E-05
   2.80000E+02   5.53150E+02   4.87811E-02   8.08325E-05
   2.95000E+02   5.68150E+02   4.74189E-02   9.25636E-05
   3.10000E+02   5.83150E+02   4.60484E-02   1.04913E-04
   3.25000E+02   5.98150E+02   4.46697E-02   1.17769E-04
   3.40000E+02   6.13150E+02   4.32829E-02   1.31010E-04
   3.55000E+02   6.28150E+02   4.18884E-02   1.44502E-04
   3.70000E+02   6.43150E+02   4.04864E-02   1.58100E-04
   3.85000E+02   6.58150E+02   3.90772E-02   1.71656E-04
   4.00000E+02   6.73150E+02   3.76611E-02   1.85015E-04
   4.15000E+02   6.88150E+02   3.62386E-02   1.98021E-04
   4.30000E+02   7.03150E+02   3.48102E-02   2.10516E-04
   4.45000E+02   7.18150E+02   3.33764E-02   2.22347E-04
   4.60000E+02   7.33150E+02   3.19380E-02   2.33361E-04
   4.75000E+02   7.48150E+02   3.04957E-02   2.43414E-04
   4.90000E+02   7.63150E+02   2.90504E-02   2.52367E-04
   5.05000E+02   7.78150E+02   2.76032E-02   2.60090E-04
   5.20000E+02   7.93150E+02   2.61553E-02   2.66465E-04
   5.35000E+02   8.08150E+02   2.47083E-02   2.71385E-04
   5.50000E+02   8.23150E+02   2.32639E-02   2.74757E-04
   5.65000E+02   8.38150E+02   2.18241E-02   2.76501E-04
   5.80000E+02   8.53150E+02   2.03912E-02   2.76555E-04
   5.95000E+02   8.68150E+02   1.89681E-02   2.74877E-04
   6.10000E+02   8.83150E+02   1.75580E-02   2.71444E-04
   6.25000E+02   8.98150E+02   1.61648E-02   2.66254E-04
   6.40000E+02   9.13150E+02   1.47929E-02   2.59334E-04
   6.55000E+02   9.28150E+02   1.34475E-02   2.50738E-04
   6.70000E+02   9.43150E+02   1.21348E-02   2.40555E-04
   6.85000E+02   9.58150E+02   1.08619E-02   2.28915E-04
   7.00000E+02   9.73150E+02   9.63692E-03   2.15994E-04
   7.15000E+02   9.88150E+02   8.46925E-03   2.02026E-04
   7.30000E+02   1.00315E+03   7.36957E-03   1.87318E-04
   7.45000E+02   1.01815E+03   6.34989E-03   1.72264E-04
   7.60000E+02   1.03315E+03   5.42344E-03   1.57371E-04
   7.75000E+02   1.04815E+03   4.60228E-03   1.43204E-04
   7.90000E+02   1.06315E+03   3.86540E-03   1.29178E-04
   8.05000E+02   1.07815E+03   3.19826E-03   1.14897E-04
   8.20000E+02   1.09315E+03   2.59443E-03   1.00254E-04
   8.35000E+02   1.10815E+03   2.04839E-03   8.51698E-05
   8.50000E+02   1.12315E+03   1.55531E-03   6.95942E-05
   8.65000E+02   1.13815E+03   1.11092E-03   5.34952E-05
   8.80000E+02   1.15315E+03   7.11391E-04   3.68590E-05
   8.95000E+02   1.16815E+03   3.53236E-04   1.96870E-05
   9.10000E+02   1.18315E+03   3.32803E-05   1.99440E-06
   9.11364E+02   1.18451E+03   5.98501E-06   3.61031E-07
   9.11584E+02   1.18473E+03   1.61057E-06   9.72564E-08
   9.11605E+02   1.18475E+03   1.18711E-06   7.16926E-08
   9.11647E+02   1.18480E+03   3.40400E-07   2.05619E-08
   9.11655E+02   1.18481E+03   1.86483E-07   1.12650E-08
   9.11660E+02   1.18481E+03   8.70793E-08   5.26036E-09
   9.11660E+02   1.18481E+03   8.70793E-08   5.26036E-09

 Phase Region for:
     BCC_A2                        
     FCC_A1                        
 col-1=T_CELSIU, col-2=T, col-3=W(FCC_A1,C), col-4=W(BCC_A2,C),
   1.00000E+01   2.83150E+02   7.17797E-02   2.30855E-07
   1.00150E+01   2.83165E+02   7.17785E-02   2.31012E-07
   2.50000E+01   2.98150E+02   7.05794E-02   4.39175E-07
   4.00000E+01   3.13150E+02   6.93699E-02   7.82457E-07
   5.50000E+01   3.28150E+02   6.81512E-02   1.31731E-06
   7.00000E+01   3.43150E+02   6.69233E-02   2.11117E-06
   8.50000E+01   3.58150E+02   6.56862E-02   3.24059E-06
   1.00000E+02   3.73150E+02   6.44401E-02   4.78875E-06
   1.15000E+02   3.88150E+02   6.31848E-02   6.84230E-06
   1.30000E+02   4.03150E+02   6.19203E-02   9.48779E-06
   1.45000E+02   4.18150E+02   6.06468E-02   1.28080E-05
   1.60000E+02   4.33150E+02   5.93642E-02   1.68782E-05
   1.75000E+02   4.48150E+02   5.80725E-02   2.17629E-05
   1.90000E+02   4.63150E+02   5.67718E-02   2.75130E-05
   2.05000E+02   4.78150E+02   5.54622E-02   3.41632E-05
   2.20000E+02   4.93150E+02   5.41435E-02   4.17304E-05
   2.35000E+02   5.08150E+02   5.28160E-02   5.02125E-05
   2.50000E+02   5.23150E+02   5.14797E-02   5.95876E-05
   2.65000E+02   5.38150E+02   5.01347E-02   6.98144E-05
   2.80000E+02   5.53150E+02   4.87811E-02   8.08325E-05
   2.95000E+02   5.68150E+02   4.74189E-02   9.25636E-05
   3.10000E+02   5.83150E+02   4.60484E-02   1.04913E-04
   3.25000E+02   5.98150E+02   4.46697E-02   1.17769E-04
   3.40000E+02   6.13150E+02   4.32829E-02   1.31010E-04
   3.55000E+02   6.28150E+02   4.18884E-02   1.44502E-04
   3.70000E+02   6.43150E+02   4.04864E-02   1.58100E-04
   3.85000E+02   6.58150E+02   3.90772E-02   1.71656E-04
   4.00000E+02   6.73150E+02   3.76611E-02   1.85015E-04
   4.15000E+02   6.88150E+02   3.62386E-02   1.98021E-04
   4.30000E+02   7.03150E+02   3.48102E-02   2.10516E-04
   4.45000E+02   7.18150E+02   3.33764E-02   2.22347E-04
   4.60000E+02   7.33150E+02   3.19380E-02   2.33361E-04
   4.75000E+02   7.48150E+02   3.04957E-02   2.43414E-04
   4.90000E+02   7.63150E+02   2.90504E-02   2.52367E-04
   5.05000E+02   7.78150E+02   2.76032E-02   2.60090E-04
   5.20000E+02   7.93150E+02   2.61553E-02   2.66465E-04
   5.35000E+02   8.08150E+02   2.47083E-02   2.71385E-04
   5.50000E+02   8.23150E+02   2.32639E-02   2.74757E-04
   5.65000E+02   8.38150E+02   2.18241E-02   2.76501E-04
   5.80000E+02   8.53150E+02   2.03912E-02   2.76555E-04
   5.95000E+02   8.68150E+02   1.89681E-02   2.74877E-04
   6.10000E+02   8.83150E+02   1.75580E-02   2.71444E-04
   6.25000E+02   8.98150E+02   1.61648E-02   2.66254E-04
   6.40000E+02   9.13150E+02   1.47929E-02   2.59334E-04
   6.55000E+02   9.28150E+02   1.34475E-02   2.50738E-04
   6.70000E+02   9.43150E+02   1.21348E-02   2.40555E-04
   6.85000E+02   9.58150E+02   1.08619E-02   2.28915E-04
   7.00000E+02   9.73150E+02   9.63692E-03   2.15994E-04
   7.15000E+02   9.88150E+02   8.46925E-03   2.02026E-04
   7.30000E+02   1.00315E+03   7.36957E-03   1.87318E-04
   7.45000E+02   1.01815E+03   6.34989E-03   1.72264E-04
   7.60000E+02   1.03315E+03   5.42344E-03   1.57371E-04
   7.75000E+02   1.04815E+03   4.60228E-03   1.43204E-04
   7.90000E+02   1.06315E+03   3.86540E-03   1.29178E-04
   8.05000E+02   1.07815E+03   3.19826E-03   1.14897E-04
   8.20000E+02   1.09315E+03   2.59443E-03   1.00254E-04
   8.35000E+02   1.10815E+03   2.04839E-03   8.51698E-05
   8.50000E+02   1.12315E+03   1.55531E-03   6.95942E-05
   8.65000E+02   1.13815E+03   1.11092E-03   5.34952E-05
   8.80000E+02   1.15315E+03   7.11391E-04   3.68590E-05
   8.95000E+02   1.16815E+03   3.53236E-04   1.96870E-05
   9.10000E+02   1.18315E+03   3.32803E-05   1.99440E-06
   9.11364E+02   1.18451E+03   5.98501E-06   3.61031E-07
   9.11584E+02   1.18473E+03   1.61057E-06   9.72564E-08
   9.11605E+02   1.18475E+03   1.18711E-06   7.16926E-08
   9.11647E+02   1.18480E+03   3.40400E-07   2.05619E-08
   9.11655E+02   1.18481E+03   1.86483E-07   1.12650E-08
   9.11660E+02   1.18481E+03   8.70793E-08   5.26036E-09
   9.11660E+02   1.18481E+03   8.70793E-08   5.26036E-09

 Phase Region for:
     BCC_A2                        
     FCC_A1                        
 col-1=T_CELSIU, col-2=T, col-3=W(FCC_A1,C), col-4=W(BCC_A2,C),
   1.00000E+01   2.83150E+02   7.17797E-02   2.30855E-07
   1.00150E+01   2.83165E+02   7.17785E-02   2.31012E-07
   2.50000E+01   2.98150E+02   7.05794E-02   4.39175E-07
   4.00000E+01   3.13150E+02   6.93699E-02   7.82457E-07
   5.50000E+01   3.28150E+02   6.81512E-02   1.31731E-06
   7.00000E+01   3.43150E+02   6.69233E-02   2.11117E-06
   8.50000E+01   3.58150E+02   6.56862E-02   3.24059E-06
   1.00000E+02   3.73150E+02   6.44401E-02   4.78875E-06
   1.15000E+02   3.88150E+02   6.31848E-02   6.84230E-06
   1.30000E+02   4.03150E+02   6.19203E-02   9.48779E-06
   1.45000E+02   4.18150E+02   6.06468E-02   1.28080E-05
   1.60000E+02   4.33150E+02   5.93642E-02   1.68782E-05
   1.75000E+02   4.48150E+02   5.80725E-02   2.17629E-05
   1.90000E+02   4.63150E+02   5.67718E-02   2.75130E-05
   2.05000E+02   4.78150E+02   5.54622E-02   3.41632E-05
   2.20000E+02   4.93150E+02   5.41435E-02   4.17304E-05
   2.35000E+02   5.08150E+02   5.28160E-02   5.02125E-05
   2.50000E+02   5.23150E+02   5.14797E-02   5.95876E-05
   2.65000E+02   5.38150E+02   5.01347E-02   6.98144E-05
   2.80000E+02   5.53150E+02   4.87811E-02   8.08325E-05
   2.95000E+02   5.68150E+02   4.74189E-02   9.25636E-05
   3.10000E+02   5.83150E+02   4.60484E-02   1.04913E-04
   3.25000E+02   5.98150E+02   4.46697E-02   1.17769E-04
   3.40000E+02   6.13150E+02   4.32829E-02   1.31010E-04
   3.55000E+02   6.28150E+02   4.18884E-02   1.44502E-04
   3.70000E+02   6.43150E+02   4.04864E-02   1.58100E-04
   3.85000E+02   6.58150E+02   3.90772E-02   1.71656E-04
   4.00000E+02   6.73150E+02   3.76611E-02   1.85015E-04
   4.15000E+02   6.88150E+02   3.62386E-02   1.98021E-04
   4.30000E+02   7.03150E+02   3.48102E-02   2.10516E-04
   4.45000E+02   7.18150E+02   3.33764E-02   2.22347E-04
   4.60000E+02   7.33150E+02   3.19380E-02   2.33361E-04
   4.75000E+02   7.48150E+02   3.04957E-02   2.43414E-04
   4.90000E+02   7.63150E+02   2.90504E-02   2.52367E-04
   5.05000E+02   7.78150E+02   2.76032E-02   2.60090E-04
   5.20000E+02   7.93150E+02   2.61553E-02   2.66465E-04
   5.35000E+02   8.08150E+02   2.47083E-02   2.71385E-04
   5.50000E+02   8.23150E+02   2.32639E-02   2.74757E-04
   5.65000E+02   8.38150E+02   2.18241E-02   2.76501E-04
   5.80000E+02   8.53150E+02   2.03912E-02   2.76555E-04
   5.95000E+02   8.68150E+02   1.89681E-02   2.74877E-04
   6.10000E+02   8.83150E+02   1.75580E-02   2.71444E-04
   6.25000E+02   8.98150E+02   1.61648E-02   2.66254E-04
   6.40000E+02   9.13150E+02   1.47929E-02   2.59334E-04
   6.55000E+02   9.28150E+02   1.34475E-02   2.50738E-04
   6.70000E+02   9.43150E+02   1.21348E-02   2.40555E-04
   6.85000E+02   9.58150E+02   1.08619E-02   2.28915E-04
   7.00000E+02   9.73150E+02   9.63692E-03   2.15994E-04
   7.15000E+02   9.88150E+02   8.46925E-03   2.02026E-04
   7.30000E+02   1.00315E+03   7.36957E-03   1.87318E-04
   7.45000E+02   1.01815E+03   6.34989E-03   1.72264E-04
   7.60000E+02   1.03315E+03   5.42344E-03   1.57371E-04
   7.75000E+02   1.04815E+03   4.60228E-03   1.43204E-04
   7.90000E+02   1.06315E+03   3.86540E-03   1.29178E-04
   8.05000E+02   1.07815E+03   3.19826E-03   1.14897E-04
   8.20000E+02   1.09315E+03   2.59443E-03   1.00254E-04
   8.35000E+02   1.10815E+03   2.04839E-03   8.51698E-05
   8.50000E+02   1.12315E+03   1.55531E-03   6.95942E-05
   8.65000E+02   1.13815E+03   1.11092E-03   5.34952E-05
   8.80000E+02   1.15315E+03   7.11391E-04   3.68590E-05
   8.95000E+02   1.16815E+03   3.53236E-04   1.96870E-05
   9.10000E+02   1.18315E+03   3.32803E-05   1.99440E-06
   9.11364E+02   1.18451E+03   5.98501E-06   3.61031E-07
   9.11584E+02   1.18473E+03   1.61057E-06   9.72564E-08
   9.11605E+02   1.18475E+03   1.18711E-06   7.16926E-08
   9.11647E+02   1.18480E+03   3.40400E-07   2.05619E-08
   9.11655E+02   1.18481E+03   1.86483E-07   1.12650E-08
   9.11660E+02   1.18481E+03   8.70793E-08   5.26036E-09
   9.11660E+02   1.18481E+03   8.70793E-08   5.26036E-09

 Phase Region for:
     BCC_A2                        
     FCC_A1                        
 col-1=T_CELSIU, col-2=T, col-3=W(FCC_A1,C), col-4=W(BCC_A2,C),
   1.00000E+01   2.83150E+02   7.17797E-02   2.30855E-07
   1.00150E+01   2.83165E+02   7.17785E-02   2.31012E-07
   2.50000E+01   2.98150E+02   7.05794E-02   4.39175E-07
   4.00000E+01   3.13150E+02   6.93699E-02   7.82457E-07
   5.50000E+01   3.28150E+02   6.81512E-02   1.31731E-06
   7.00000E+01   3.43150E+02   6.69233E-02   2.11117E-06
   8.50000E+01   3.58150E+02   6.56862E-02   3.24059E-06
   1.00000E+02   3.73150E+02   6.44401E-02   4.78875E-06
   1.15000E+02   3.88150E+02   6.31848E-02   6.84230E-06
   1.30000E+02   4.03150E+02   6.19203E-02   9.48779E-06
   1.45000E+02   4.18150E+02   6.06468E-02   1.28080E-05
   1.60000E+02   4.33150E+02   5.93642E-02   1.68782E-05
   1.75000E+02   4.48150E+02   5.80725E-02   2.17629E-05
   1.90000E+02   4.63150E+02   5.67718E-02   2.75130E-05
   2.05000E+02   4.78150E+02   5.54622E-02   3.41632E-05
   2.20000E+02   4.93150E+02   5.41435E-02   4.17304E-05
   2.35000E+02   5.08150E+02   5.28160E-02   5.02125E-05
   2.50000E+02   5.23150E+02   5.14797E-02   5.95876E-05
   2.65000E+02   5.38150E+02   5.01347E-02   6.98144E-05
   2.80000E+02   5.53150E+02   4.87811E-02   8.08325E-05
   2.95000E+02   5.68150E+02   4.74189E-02   9.25636E-05
   3.10000E+02   5.83150E+02   4.60484E-02   1.04913E-04
   3.25000E+02   5.98150E+02   4.46697E-02   1.17769E-04
   3.40000E+02   6.13150E+02   4.32829E-02   1.31010E-04
   3.55000E+02   6.28150E+02   4.18884E-02   1.44502E-04
   3.70000E+02   6.43150E+02   4.04864E-02   1.58100E-04
   3.85000E+02   6.58150E+02   3.90772E-02   1.71656E-04
   4.00000E+02   6.73150E+02   3.76611E-02   1.85015E-04
   4.15000E+02   6.88150E+02   3.62386E-02   1.98021E-04
   4.30000E+02   7.03150E+02   3.48102E-02   2.10516E-04
   4.45000E+02   7.18150E+02   3.33764E-02   2.22347E-04
   4.60000E+02   7.33150E+02   3.19380E-02   2.33361E-04
   4.75000E+02   7.48150E+02   3.04957E-02   2.43414E-04
   4.90000E+02   7.63150E+02   2.90504E-02   2.52367E-04
   5.05000E+02   7.78150E+02   2.76032E-02   2.60090E-04
   5.20000E+02   7.93150E+02   2.61553E-02   2.66465E-04
   5.35000E+02   8.08150E+02   2.47083E-02   2.71385E-04
   5.50000E+02   8.23150E+02   2.32639E-02   2.74757E-04
   5.65000E+02   8.38150E+02   2.18241E-02   2.76501E-04
   5.80000E+02   8.53150E+02   2.03912E-02   2.76555E-04
   5.95000E+02   8.68150E+02   1.89681E-02   2.74877E-04
   6.10000E+02   8.83150E+02   1.75580E-02   2.71444E-04
   6.25000E+02   8.98150E+02   1.61648E-02   2.66254E-04
   6.40000E+02   9.13150E+02   1.47929E-02   2.59334E-04
   6.55000E+02   9.28150E+02   1.34475E-02   2.50738E-04
   6.70000E+02   9.43150E+02   1.21348E-02   2.40555E-04
   6.85000E+02   9.58150E+02   1.08619E-02   2.28915E-04
   7.00000E+02   9.73150E+02   9.63692E-03   2.15994E-04
   7.15000E+02   9.88150E+02   8.46925E-03   2.02026E-04
   7.30000E+02   1.00315E+03   7.36957E-03   1.87318E-04
   7.45000E+02   1.01815E+03   6.34989E-03   1.72264E-04
   7.60000E+02   1.03315E+03   5.42344E-03   1.57371E-04
   7.75000E+02   1.04815E+03   4.60228E-03   1.43204E-04
   7.90000E+02   1.06315E+03   3.86540E-03   1.29178E-04
   8.05000E+02   1.07815E+03   3.19826E-03   1.14897E-04
   8.20000E+02   1.09315E+03   2.59443E-03   1.00254E-04
   8.35000E+02   1.10815E+03   2.04839E-03   8.51698E-05
   8.50000E+02   1.12315E+03   1.55531E-03   6.95942E-05
   8.65000E+02   1.13815E+03   1.11092E-03   5.34952E-05
   8.80000E+02   1.15315E+03   7.11391E-04   3.68590E-05
   8.95000E+02   1.16815E+03   3.53236E-04   1.96870E-05
   9.10000E+02   1.18315E+03   3.32803E-05   1.99440E-06
   9.11364E+02   1.18451E+03   5.98501E-06   3.61031E-07
   9.11584E+02   1.18473E+03   1.61057E-06   9.72564E-08
   9.11605E+02   1.18475E+03   1.18711E-06   7.16926E-08
   9.11647E+02   1.18480E+03   3.40400E-07   2.05619E-08
   9.11655E+02   1.18481E+03   1.86483E-07   1.12650E-08
   9.11660E+02   1.18481E+03   8.70793E-08   5.26036E-09
   9.11660E+02   1.18481E+03   8.70793E-08   5.26036E-09

 Phase Region for:
     BCC_A2                        
     FCC_A1                        
 col-1=T_CELSIU, col-2=T, col-3=W(FCC_A1,C), col-4=W(BCC_A2,C),
   1.00000E+01   2.83150E+02   7.17797E-02   2.30855E-07
   1.00150E+01   2.83165E+02   7.17785E-02   2.31012E-07
   2.50000E+01   2.98150E+02   7.05794E-02   4.39175E-07
   4.00000E+01   3.13150E+02   6.93699E-02   7.82457E-07
   5.50000E+01   3.28150E+02   6.81512E-02   1.31731E-06
   7.00000E+01   3.43150E+02   6.69233E-02   2.11117E-06
   8.50000E+01   3.58150E+02   6.56862E-02   3.24059E-06
   1.00000E+02   3.73150E+02   6.44401E-02   4.78875E-06
   1.15000E+02   3.88150E+02   6.31848E-02   6.84230E-06
   1.30000E+02   4.03150E+02   6.19203E-02   9.48779E-06
   1.45000E+02   4.18150E+02   6.06468E-02   1.28080E-05
   1.60000E+02   4.33150E+02   5.93642E-02   1.68782E-05
   1.75000E+02   4.48150E+02   5.80725E-02   2.17629E-05
   1.90000E+02   4.63150E+02   5.67718E-02   2.75130E-05
   2.05000E+02   4.78150E+02   5.54622E-02   3.41632E-05
   2.20000E+02   4.93150E+02   5.41435E-02   4.17304E-05
   2.35000E+02   5.08150E+02   5.28160E-02   5.02125E-05
   2.50000E+02   5.23150E+02   5.14797E-02   5.95876E-05
   2.65000E+02   5.38150E+02   5.01347E-02   6.98144E-05
   2.80000E+02   5.53150E+02   4.87811E-02   8.08325E-05
   2.95000E+02   5.68150E+02   4.74189E-02   9.25636E-05
   3.10000E+02   5.83150E+02   4.60484E-02   1.04913E-04
   3.25000E+02   5.98150E+02   4.46697E-02   1.17769E-04
   3.40000E+02   6.13150E+02   4.32829E-02   1.31010E-04
   3.55000E+02   6.28150E+02   4.18884E-02   1.44502E-04
   3.70000E+02   6.43150E+02   4.04864E-02   1.58100E-04
   3.85000E+02   6.58150E+02   3.90772E-02   1.71656E-04
   4.00000E+02   6.73150E+02   3.76611E-02   1.85015E-04
   4.15000E+02   6.88150E+02   3.62386E-02   1.98021E-04
   4.30000E+02   7.03150E+02   3.48102E-02   2.10516E-04
   4.45000E+02   7.18150E+02   3.33764E-02   2.22347E-04
   4.60000E+02   7.33150E+02   3.19380E-02   2.33361E-04
   4.75000E+02   7.48150E+02   3.04957E-02   2.43414E-04
   4.90000E+02   7.63150E+02   2.90504E-02   2.52367E-04
   5.05000E+02   7.78150E+02   2.76032E-02   2.60090E-04
   5.20000E+02   7.93150E+02   2.61553E-02   2.66465E-04
   5.35000E+02   8.08150E+02   2.47083E-02   2.71385E-04
   5.50000E+02   8.23150E+02   2.32639E-02   2.74757E-04
   5.65000E+02   8.38150E+02   2.18241E-02   2.76501E-04
   5.80000E+02   8.53150E+02   2.03912E-02   2.76555E-04
   5.95000E+02   8.68150E+02   1.89681E-02   2.74877E-04
   6.10000E+02   8.83150E+02   1.75580E-02   2.71444E-04
   6.25000E+02   8.98150E+02   1.61648E-02   2.66254E-04
   6.40000E+02   9.13150E+02   1.47929E-02   2.59334E-04
   6.55000E+02   9.28150E+02   1.34475E-02   2.50738E-04
   6.70000E+02   9.43150E+02   1.21348E-02   2.40555E-04
   6.85000E+02   9.58150E+02   1.08619E-02   2.28915E-04
   7.00000E+02   9.73150E+02   9.63692E-03   2.15994E-04
   7.15000E+02   9.88150E+02   8.46925E-03   2.02026E-04
   7.30000E+02   1.00315E+03   7.36957E-03   1.87318E-04
   7.45000E+02   1.01815E+03   6.34989E-03   1.72264E-04
   7.60000E+02   1.03315E+03   5.42344E-03   1.57371E-04
   7.75000E+02   1.04815E+03   4.60228E-03   1.43204E-04
   7.90000E+02   1.06315E+03   3.86540E-03   1.29178E-04
   8.05000E+02   1.07815E+03   3.19826E-03   1.14897E-04
   8.20000E+02   1.09315E+03   2.59443E-03   1.00254E-04
   8.35000E+02   1.10815E+03   2.04839E-03   8.51698E-05
   8.50000E+02   1.12315E+03   1.55531E-03   6.95942E-05
   8.65000E+02   1.13815E+03   1.11092E-03   5.34952E-05
   8.80000E+02   1.15315E+03   7.11391E-04   3.68590E-05
   8.95000E+02   1.16815E+03   3.53236E-04   1.96870E-05
   9.10000E+02   1.18315E+03   3.32803E-05   1.99440E-06
   9.11364E+02   1.18451E+03   5.98501E-06   3.61031E-07
   9.11584E+02   1.18473E+03   1.61057E-06   9.72564E-08
   9.11605E+02   1.18475E+03   1.18711E-06   7.16926E-08
   9.11647E+02   1.18480E+03   3.40400E-07   2.05619E-08
   9.11655E+02   1.18481E+03   1.86483E-07   1.12650E-08
   9.11660E+02   1.18481E+03   8.70793E-08   5.26036E-09
   9.11660E+02   1.18481E+03   8.70793E-08   5.26036E-09

 Phase Region for:
     BCC_A2                        
     FCC_A1                        
 col-1=T_CELSIU, col-2=T, col-3=W(FCC_A1,C), col-4=W(BCC_A2,C),
   1.00000E+01   2.83150E+02   7.17797E-02   2.30855E-07
   1.00150E+01   2.83165E+02   7.17785E-02   2.31012E-07
   2.50000E+01   2.98150E+02   7.05794E-02   4.39175E-07
   4.00000E+01   3.13150E+02   6.93699E-02   7.82457E-07
   5.50000E+01   3.28150E+02   6.81512E-02   1.31731E-06
   7.00000E+01   3.43150E+02   6.69233E-02   2.11117E-06
   8.50000E+01   3.58150E+02   6.56862E-02   3.24059E-06
   1.00000E+02   3.73150E+02   6.44401E-02   4.78875E-06
   1.15000E+02   3.88150E+02   6.31848E-02   6.84230E-06
   1.30000E+02   4.03150E+02   6.19203E-02   9.48779E-06
   1.45000E+02   4.18150E+02   6.06468E-02   1.28080E-05
   1.60000E+02   4.33150E+02   5.93642E-02   1.68782E-05
   1.75000E+02   4.48150E+02   5.80725E-02   2.17629E-05
   1.90000E+02   4.63150E+02   5.67718E-02   2.75130E-05
   2.05000E+02   4.78150E+02   5.54622E-02   3.41632E-05
   2.20000E+02   4.93150E+02   5.41435E-02   4.17304E-05
   2.35000E+02   5.08150E+02   5.28160E-02   5.02125E-05
   2.50000E+02   5.23150E+02   5.14797E-02   5.95876E-05
   2.65000E+02   5.38150E+02   5.01347E-02   6.98144E-05
   2.80000E+02   5.53150E+02   4.87811E-02   8.08325E-05
   2.95000E+02   5.68150E+02   4.74189E-02   9.25636E-05
   3.10000E+02   5.83150E+02   4.60484E-02   1.04913E-04
   3.25000E+02   5.98150E+02   4.46697E-02   1.17769E-04
   3.40000E+02   6.13150E+02   4.32829E-02   1.31010E-04
   3.55000E+02   6.28150E+02   4.18884E-02   1.44502E-04
   3.70000E+02   6.43150E+02   4.04864E-02   1.58100E-04
   3.85000E+02   6.58150E+02   3.90772E-02   1.71656E-04
   4.00000E+02   6.73150E+02   3.76611E-02   1.85015E-04
   4.15000E+02   6.88150E+02   3.62386E-02   1.98021E-04
   4.30000E+02   7.03150E+02   3.48102E-02   2.10516E-04
   4.45000E+02   7.18150E+02   3.33764E-02   2.22347E-04
   4.60000E+02   7.33150E+02   3.19380E-02   2.33361E-04
   4.75000E+02   7.48150E+02   3.04957E-02   2.43414E-04
   4.90000E+02   7.63150E+02   2.90504E-02   2.52367E-04
   5.05000E+02   7.78150E+02   2.76032E-02   2.60090E-04
   5.20000E+02   7.93150E+02   2.61553E-02   2.66465E-04
   5.35000E+02   8.08150E+02   2.47083E-02   2.71385E-04
   5.50000E+02   8.23150E+02   2.32639E-02   2.74757E-04
   5.65000E+02   8.38150E+02   2.18241E-02   2.76501E-04
   5.80000E+02   8.53150E+02   2.03912E-02   2.76555E-04
   5.95000E+02   8.68150E+02   1.89681E-02   2.74877E-04
   6.10000E+02   8.83150E+02   1.75580E-02   2.71444E-04
   6.25000E+02   8.98150E+02   1.61648E-02   2.66254E-04
   6.40000E+02   9.13150E+02   1.47929E-02   2.59334E-04
   6.55000E+02   9.28150E+02   1.34475E-02   2.50738E-04
   6.70000E+02   9.43150E+02   1.21348E-02   2.40555E-04
   6.85000E+02   9.58150E+02   1.08619E-02   2.28915E-04
   7.00000E+02   9.73150E+02   9.63692E-03   2.15994E-04
   7.15000E+02   9.88150E+02   8.46925E-03   2.02026E-04
   7.30000E+02   1.00315E+03   7.36957E-03   1.87318E-04
   7.45000E+02   1.01815E+03   6.34989E-03   1.72264E-04
   7.60000E+02   1.03315E+03   5.42344E-03   1.57371E-04
   7.75000E+02   1.04815E+03   4.60228E-03   1.43204E-04
   7.90000E+02   1.06315E+03   3.86540E-03   1.29178E-04
   8.05000E+02   1.07815E+03   3.19826E-03   1.14897E-04
   8.20000E+02   1.09315E+03   2.59443E-03   1.00254E-04
   8.35000E+02   1.10815E+03   2.04839E-03   8.51698E-05
   8.50000E+02   1.12315E+03   1.55531E-03   6.95942E-05
   8.65000E+02   1.13815E+03   1.11092E-03   5.34952E-05
   8.80000E+02   1.15315E+03   7.11391E-04   3.68590E-05
   8.95000E+02   1.16815E+03   3.53236E-04   1.96870E-05
   9.10000E+02   1.18315E+03   3.32803E-05   1.99440E-06
   9.11364E+02   1.18451E+03   5.98501E-06   3.61031E-07
   9.11584E+02   1.18473E+03   1.61057E-06   9.72564E-08
   9.11605E+02   1.18475E+03   1.18711E-06   7.16926E-08
   9.11647E+02   1.18480E+03   3.40400E-07   2.05619E-08
   9.11655E+02   1.18481E+03   1.86483E-07   1.12650E-08
   9.11660E+02   1.18481E+03   8.70793E-08   5.26036E-09
   9.11660E+02   1.18481E+03   8.70793E-08   5.26036E-09

 Phase Region for:
     BCC_A2                        
     FCC_A1                        
 col-1=T_CELSIU, col-2=T, col-3=W(FCC_A1,C), col-4=W(BCC_A2,C),
   3.36667E+02   6.09817E+02   4.35918E-02   1.28041E-04
   3.36682E+02   6.09832E+02   4.35904E-02   1.28055E-04
   3.51667E+02   6.24817E+02   4.21990E-02   1.41489E-04
   3.66667E+02   6.39817E+02   4.07986E-02   1.55077E-04
   3.81667E+02   6.54817E+02   3.93909E-02   1.68655E-04
   3.96667E+02   6.69817E+02   3.79764E-02   1.82071E-04
   4.11667E+02   6.84817E+02   3.65553E-02   1.95169E-04
   4.26667E+02   6.99817E+02   3.51281E-02   2.07792E-04
   4.41667E+02   7.14817E+02   3.36955E-02   2.19783E-04
   4.56667E+02   7.29817E+02   3.22580E-02   2.30992E-04
   4.71667E+02   7.44817E+02   3.08165E-02   2.41270E-04
   4.86667E+02   7.59817E+02   2.93717E-02   2.50479E-04
   5.01667E+02   7.74817E+02   2.79249E-02   2.58486E-04
   5.16667E+02   7.89817E+02   2.64770E-02   2.65171E-04
   5.31667E+02   8.04817E+02   2.50297E-02   2.70423E-04
   5.46667E+02   8.19817E+02   2.35846E-02   2.74146E-04
   5.61667E+02   8.34817E+02   2.21435E-02   2.76257E-04
   5.76667E+02   8.49817E+02   2.07089E-02   2.76692E-04
   5.91667E+02   8.64817E+02   1.92834E-02   2.75401E-04
   6.06667E+02   8.79817E+02   1.78701E-02   2.72359E-04
   6.21667E+02   8.94817E+02   1.64727E-02   2.67558E-04
   6.36667E+02   9.09817E+02   1.50956E-02   2.61019E-04
   6.51667E+02   9.24817E+02   1.37439E-02   2.52789E-04
   6.66667E+02   9.39817E+02   1.24234E-02   2.42949E-04
   6.81667E+02   9.54817E+02   1.11410E-02   2.31620E-04
   6.96667E+02   9.69817E+02   9.90453E-03   2.18965E-04
   7.11667E+02   9.84817E+02   8.72325E-03   2.05206E-04
   7.26667E+02   9.99817E+02   7.60748E-03   1.90632E-04
   7.41667E+02   1.01482E+03   6.56891E-03   1.75615E-04
   7.56667E+02   1.02982E+03   5.62054E-03   1.60636E-04
   7.71667E+02   1.04482E+03   4.77625E-03   1.46301E-04
   7.86667E+02   1.05982E+03   4.02288E-03   1.32313E-04
   8.01667E+02   1.07482E+03   3.34084E-03   1.18099E-04
   8.16667E+02   1.08982E+03   2.72344E-03   1.03543E-04
   8.31667E+02   1.10482E+03   2.16499E-03   8.85628E-05
   8.46667E+02   1.11982E+03   1.66053E-03   7.30998E-05
   8.61667E+02   1.13482E+03   1.20567E-03   5.71189E-05
   8.76667E+02   1.14982E+03   7.96482E-04   4.06025E-05
   8.91667E+02   1.16482E+03   4.29417E-04   2.35487E-05
   9.06667E+02   1.17982E+03   1.01233E-04   5.96985E-06
   9.08030E+02   1.18118E+03   7.32220E-05   4.34650E-06
   9.10758E+02   1.18391E+03   1.80804E-05   1.08748E-06
   9.11253E+02   1.18440E+03   8.17991E-06   4.93171E-07
   9.11344E+02   1.18449E+03   6.38394E-06   3.85058E-07
   9.11524E+02   1.18467E+03   2.79578E-06   1.68779E-07
   9.11629E+02   1.18478E+03   6.99607E-07   4.22562E-08
   9.11641E+02   1.18479E+03   4.75700E-07   2.87338E-08
   9.11663E+02   1.18481E+03   2.79453E-08   1.68816E-09
   9.11664E+02   1.18481E+03   4.12647E-09   2.49280E-10
   9.11664E+02   1.18481E+03   4.12647E-09   2.49280E-10

 Phase Region for:
     BCC_A2                        
     FCC_A1                        
 col-1=T_CELSIU, col-2=T, col-3=W(FCC_A1,C), col-4=W(BCC_A2,C),
   3.36667E+02   6.09817E+02   4.35918E-02   1.28041E-04
   3.36682E+02   6.09832E+02   4.35904E-02   1.28055E-04
   3.51667E+02   6.24817E+02   4.21990E-02   1.41489E-04
   3.66667E+02   6.39817E+02   4.07986E-02   1.55077E-04
   3.81667E+02   6.54817E+02   3.93909E-02   1.68655E-04
   3.96667E+02   6.69817E+02   3.79764E-02   1.82071E-04
   4.11667E+02   6.84817E+02   3.65553E-02   1.95169E-04
   4.26667E+02   6.99817E+02   3.51281E-02   2.07792E-04
   4.41667E+02   7.14817E+02   3.36955E-02   2.19783E-04
   4.56667E+02   7.29817E+02   3.22580E-02   2.30992E-04
   4.71667E+02   7.44817E+02   3.08165E-02   2.41270E-04
   4.86667E+02   7.59817E+02   2.93717E-02   2.50479E-04
   5.01667E+02   7.74817E+02   2.79249E-02   2.58486E-04
   5.16667E+02   7.89817E+02   2.64770E-02   2.65171E-04
   5.31667E+02   8.04817E+02   2.50297E-02   2.70423E-04
   5.46667E+02   8.19817E+02   2.35846E-02   2.74146E-04
   5.61667E+02   8.34817E+02   2.21435E-02   2.76257E-04
   5.76667E+02   8.49817E+02   2.07089E-02   2.76692E-04
   5.91667E+02   8.64817E+02   1.92834E-02   2.75401E-04
   6.06667E+02   8.79817E+02   1.78701E-02   2.72359E-04
   6.21667E+02   8.94817E+02   1.64727E-02   2.67558E-04
   6.36667E+02   9.09817E+02   1.50956E-02   2.61019E-04
   6.51667E+02   9.24817E+02   1.37439E-02   2.52789E-04
   6.66667E+02   9.39817E+02   1.24234E-02   2.42949E-04
   6.81667E+02   9.54817E+02   1.11410E-02   2.31620E-04
   6.96667E+02   9.69817E+02   9.90453E-03   2.18965E-04
   7.11667E+02   9.84817E+02   8.72325E-03   2.05206E-04
   7.26667E+02   9.99817E+02   7.60748E-03   1.90632E-04
   7.41667E+02   1.01482E+03   6.56891E-03   1.75615E-04
   7.56667E+02   1.02982E+03   5.62054E-03   1.60636E-04
   7.71667E+02   1.04482E+03   4.77625E-03   1.46301E-04
   7.86667E+02   1.05982E+03   4.02288E-03   1.32313E-04
   8.01667E+02   1.07482E+03   3.34084E-03   1.18099E-04
   8.16667E+02   1.08982E+03   2.72344E-03   1.03543E-04
   8.31667E+02   1.10482E+03   2.16499E-03   8.85628E-05
   8.46667E+02   1.11982E+03   1.66053E-03   7.30998E-05
   8.61667E+02   1.13482E+03   1.20567E-03   5.71189E-05
   8.76667E+02   1.14982E+03   7.96482E-04   4.06025E-05
   8.91667E+02   1.16482E+03   4.29417E-04   2.35487E-05
   9.06667E+02   1.17982E+03   1.01233E-04   5.96985E-06
   9.08030E+02   1.18118E+03   7.32220E-05   4.34650E-06
   9.10758E+02   1.18391E+03   1.80804E-05   1.08748E-06
   9.11253E+02   1.18440E+03   8.17991E-06   4.93171E-07
   9.11344E+02   1.18449E+03   6.38394E-06   3.85058E-07
   9.11524E+02   1.18467E+03   2.79578E-06   1.68779E-07
   9.11629E+02   1.18478E+03   6.99607E-07   4.22562E-08
   9.11641E+02   1.18479E+03   4.75700E-07   2.87338E-08
   9.11663E+02   1.18481E+03   2.79453E-08   1.68816E-09
   9.11664E+02   1.18481E+03   4.12647E-09   2.49280E-10
   9.11664E+02   1.18481E+03   4.12647E-09   2.49280E-10

 Phase Region for:
     BCC_A2                        
     FCC_A1                        
 col-1=T_CELSIU, col-2=T, col-3=W(FCC_A1,C), col-4=W(BCC_A2,C),
   6.63333E+02   9.36483E+02   1.27138E-02   2.45270E-04
   6.63348E+02   9.36498E+02   1.27125E-02   2.45259E-04
   6.78333E+02   9.51483E+02   1.14223E-02   2.34258E-04
   6.93333E+02   9.66483E+02   1.01749E-02   2.21881E-04
   7.08333E+02   9.81483E+02   8.98048E-03   2.08346E-04
   7.23333E+02   9.96483E+02   7.84919E-03   1.93924E-04
   7.38333E+02   1.01148E+03   6.79239E-03   1.78968E-04
   7.53333E+02   1.02648E+03   5.82279E-03   1.63932E-04
   7.68333E+02   1.04148E+03   4.95431E-03   1.49401E-04
   7.83333E+02   1.05648E+03   4.18387E-03   1.35436E-04
   7.98333E+02   1.07148E+03   3.48660E-03   1.21284E-04
   8.13333E+02   1.08648E+03   2.85536E-03   1.06812E-04
   8.28333E+02   1.10148E+03   2.28426E-03   9.19318E-05
   8.43333E+02   1.11648E+03   1.76820E-03   7.65798E-05
   8.58333E+02   1.13148E+03   1.30267E-03   6.07161E-05
   8.73333E+02   1.14648E+03   8.83653E-04   4.43194E-05
   8.88333E+02   1.16148E+03   5.07517E-04   2.73845E-05
   9.03333E+02   1.17648E+03   1.70959E-04   9.92056E-06
   9.04697E+02   1.17785E+03   1.42219E-04   8.30737E-06
   9.07424E+02   1.18057E+03   8.56350E-05   5.06850E-06
   9.07920E+02   1.18107E+03   7.54745E-05   4.47783E-06
   9.08912E+02   1.18206E+03   5.52704E-05   3.29487E-06
   9.10895E+02   1.18405E+03   1.53264E-05   9.22444E-07
   9.11410E+02   1.18456E+03   5.06832E-06   3.05802E-07
   9.11472E+02   1.18462E+03   3.83496E-06   2.31455E-07
   9.11596E+02   1.18475E+03   1.37003E-06   8.27360E-08
   9.11618E+02   1.18477E+03   9.22116E-07   5.56927E-08
   9.11663E+02   1.18481E+03   2.65280E-08   1.60255E-09
   9.11664E+02   1.18481E+03   1.17275E-08   7.08457E-10
   9.11664E+02   1.18481E+03   1.17275E-08   7.08457E-10

 Phase Region for:
     BCC_A2                        
     FCC_A1                        
 col-1=T_CELSIU, col-2=T, col-3=W(FCC_A1,C), col-4=W(BCC_A2,C),
   6.63333E+02   9.36483E+02   1.27138E-02   2.45270E-04
   6.63348E+02   9.36498E+02   1.27125E-02   2.45259E-04
   6.78333E+02   9.51483E+02   1.14223E-02   2.34258E-04
   6.93333E+02   9.66483E+02   1.01749E-02   2.21881E-04
   7.08333E+02   9.81483E+02   8.98048E-03   2.08346E-04
   7.23333E+02   9.96483E+02   7.84919E-03   1.93924E-04
   7.38333E+02   1.01148E+03   6.79239E-03   1.78968E-04
   7.53333E+02   1.02648E+03   5.82279E-03   1.63932E-04
   7.68333E+02   1.04148E+03   4.95431E-03   1.49401E-04
   7.83333E+02   1.05648E+03   4.18387E-03   1.35436E-04
   7.98333E+02   1.07148E+03   3.48660E-03   1.21284E-04
   8.13333E+02   1.08648E+03   2.85536E-03   1.06812E-04
   8.28333E+02   1.10148E+03   2.28426E-03   9.19318E-05
   8.43333E+02   1.11648E+03   1.76820E-03   7.65798E-05
   8.58333E+02   1.13148E+03   1.30267E-03   6.07161E-05
   8.73333E+02   1.14648E+03   8.83653E-04   4.43194E-05
   8.88333E+02   1.16148E+03   5.07517E-04   2.73845E-05
   9.03333E+02   1.17648E+03   1.70959E-04   9.92056E-06
   9.04697E+02   1.17785E+03   1.42219E-04   8.30737E-06
   9.07424E+02   1.18057E+03   8.56350E-05   5.06850E-06
   9.07920E+02   1.18107E+03   7.54745E-05   4.47783E-06
   9.08912E+02   1.18206E+03   5.52704E-05   3.29487E-06
   9.10895E+02   1.18405E+03   1.53264E-05   9.22444E-07
   9.11410E+02   1.18456E+03   5.06832E-06   3.05802E-07
   9.11472E+02   1.18462E+03   3.83496E-06   2.31455E-07
   9.11596E+02   1.18475E+03   1.37003E-06   8.27360E-08
   9.11618E+02   1.18477E+03   9.22116E-07   5.56927E-08
   9.11663E+02   1.18481E+03   2.65280E-08   1.60255E-09
   9.11664E+02   1.18481E+03   1.17275E-08   7.08457E-10
   9.11664E+02   1.18481E+03   1.17275E-08   7.08457E-10

 Phase Region for:
     BCC_A2                        
     FCC_A1                        
 col-1=T_CELSIU, col-2=T, col-3=W(FCC_A1,C), col-4=W(BCC_A2,C),
   8.22488E+02   1.09564E+03   2.50000E-03   9.77837E-05
   8.22619E+02   1.09577E+03   2.49509E-03   9.76537E-05
   8.37604E+02   1.11075E+03   1.95913E-03   8.25027E-05
   8.52604E+02   1.12575E+03   1.47479E-03   6.68379E-05
   8.67604E+02   1.14075E+03   1.03846E-03   5.06462E-05
   8.82604E+02   1.15575E+03   6.46349E-04   3.39165E-05
   8.97604E+02   1.17075E+03   2.95044E-04   1.66527E-05
   8.98967E+02   1.17212E+03   2.65021E-04   1.50573E-05
   9.01695E+02   1.17484E+03   2.05898E-04   1.18537E-05
   9.07149E+02   1.18030E+03   9.12899E-05   5.39602E-06
   9.08141E+02   1.18129E+03   7.09646E-05   4.21475E-06
   9.10124E+02   1.18327E+03   3.07803E-05   1.84569E-06
   9.10485E+02   1.18363E+03   2.35405E-05   1.41402E-06
   9.11206E+02   1.18436E+03   9.12177E-06   5.49831E-07
   9.11337E+02   1.18449E+03   6.50890E-06   3.92584E-07
   9.11600E+02   1.18475E+03   1.29118E-06   7.79759E-08
   9.11647E+02   1.18480E+03   3.43654E-07   2.07584E-08
   9.11656E+02   1.18481E+03   1.71414E-07   1.03547E-08
   9.11658E+02   1.18481E+03   1.40099E-07   8.46312E-09
   9.11661E+02   1.18481E+03   7.74702E-08   4.67989E-09
   9.11661E+02   1.18481E+03   6.60833E-08   3.99203E-09
   9.11662E+02   1.18481E+03   4.33096E-08   2.61631E-09
   9.11663E+02   1.18481E+03   3.91690E-08   2.36618E-09
   9.11663E+02   1.18481E+03   3.08877E-08   1.86591E-09
   9.11664E+02   1.18481E+03   1.43252E-08   8.65384E-10
   9.11664E+02   1.18481E+03   1.13139E-08   6.83470E-10
   9.11664E+02   1.18481E+03   5.29118E-09   3.19640E-10
   9.11664E+02   1.18481E+03   4.19615E-09   2.53489E-10
   9.11664E+02   1.18481E+03   2.00608E-09   1.21188E-10
   9.11665E+02   1.18481E+03   1.60789E-09   9.71328E-11
   9.11665E+02   1.18481E+03   8.11505E-10   4.90231E-11
   9.11665E+02   1.18481E+03   8.11505E-10   4.90231E-11

 Phase Region for:
     BCC_A2                        
     FCC_A1                        
 col-1=T_CELSIU, col-2=T, col-3=W(FCC_A1,C), col-4=W(BCC_A2,C),
   7.83686E+02   1.05684E+03   4.16667E-03   1.35106E-04
   7.83788E+02   1.05694E+03   4.16169E-03   1.35010E-04
   7.98773E+02   1.07192E+03   3.46717E-03   1.20864E-04
   8.13773E+02   1.08692E+03   2.83778E-03   1.06382E-04
   8.28773E+02   1.10192E+03   2.26837E-03   9.14885E-05
   8.43773E+02   1.11692E+03   1.75385E-03   7.61220E-05
   8.58773E+02   1.13192E+03   1.28974E-03   6.02428E-05
   8.73773E+02   1.14692E+03   8.72027E-04   4.38303E-05
   8.88773E+02   1.16192E+03   4.97097E-04   2.68797E-05
   9.03773E+02   1.17692E+03   1.61653E-04   9.40052E-06
   9.05137E+02   1.17829E+03   1.33010E-04   7.78599E-06
   9.07864E+02   1.18101E+03   7.66178E-05   4.54444E-06
   9.08360E+02   1.18151E+03   6.64919E-05   3.95329E-06
   9.09352E+02   1.18250E+03   4.63566E-05   2.76936E-06
   9.11335E+02   1.18449E+03   6.54936E-06   3.95020E-07
   9.11368E+02   1.18452E+03   5.89655E-06   3.55702E-07
   9.11434E+02   1.18458E+03   4.59143E-06   2.77060E-07
   9.11565E+02   1.18471E+03   1.98319E-06   1.19747E-07
   9.11589E+02   1.18474E+03   1.50926E-06   9.11410E-08
   9.11636E+02   1.18479E+03   5.61649E-07   3.39246E-08
   9.11645E+02   1.18479E+03   3.89395E-07   2.35211E-08
   9.11662E+02   1.18481E+03   4.49206E-08   2.71363E-09
   9.11663E+02   1.18481E+03   3.92272E-08   2.36970E-09
   9.11663E+02   1.18481E+03   2.78405E-08   1.68183E-09
   9.11664E+02   1.18481E+03   5.06712E-09   3.06105E-10
   9.11665E+02   1.18481E+03   9.26538E-10   5.59722E-11
   9.11665E+02   1.18481E+03   1.73705E-10   1.04935E-11
   9.11665E+02   1.18481E+03   1.73705E-10   1.04935E-11

 Phase Region for:
     BCC_A2                        
     FCC_A1                        
 col-1=T_CELSIU, col-2=T, col-3=W(FCC_A1,C), col-4=W(BCC_A2,C),
   7.53162E+02   1.02631E+03   5.83333E-03   1.64103E-04
   7.53243E+02   1.02639E+03   5.82831E-03   1.64022E-04
   7.68228E+02   1.04138E+03   4.96000E-03   1.49499E-04
   7.83228E+02   1.05638E+03   4.18900E-03   1.35534E-04
   7.98228E+02   1.07138E+03   3.49124E-03   1.21383E-04
   8.13228E+02   1.08638E+03   2.85956E-03   1.06915E-04
   8.28228E+02   1.10138E+03   2.28806E-03   9.20375E-05
   8.43228E+02   1.11638E+03   1.77163E-03   7.66890E-05
   8.58228E+02   1.13138E+03   1.30576E-03   6.08289E-05
   8.73228E+02   1.14638E+03   8.86431E-04   4.44360E-05
   8.88228E+02   1.16138E+03   5.10007E-04   2.75048E-05
   9.03228E+02   1.17638E+03   1.73183E-04   1.00445E-05
   9.04592E+02   1.17774E+03   1.44419E-04   8.43164E-06
   9.07319E+02   1.18047E+03   8.77899E-05   5.19341E-06
   9.07815E+02   1.18097E+03   7.76211E-05   4.60286E-06
   9.08807E+02   1.18196E+03   5.74006E-05   3.42013E-06
   9.10790E+02   1.18394E+03   1.74239E-05   1.04816E-06
   9.11151E+02   1.18430E+03   1.02216E-05   6.15962E-07
   9.11217E+02   1.18437E+03   8.91428E-06   5.37351E-07
   9.11348E+02   1.18450E+03   6.30162E-06   3.80101E-07
   9.11610E+02   1.18476E+03   1.08433E-06   6.54870E-08
   9.11658E+02   1.18481E+03   1.36877E-07   8.26846E-09
   9.11658E+02   1.18481E+03   1.21219E-07   7.32265E-09
   9.11660E+02   1.18481E+03   8.99048E-08   5.43104E-09
   9.11663E+02   1.18481E+03   2.72771E-08   1.64780E-09
   9.11664E+02   1.18481E+03   1.58904E-08   9.59938E-10
   9.11664E+02   1.18481E+03   1.38201E-08   8.34872E-10
   9.11664E+02   1.18481E+03   9.67953E-09   5.84740E-10
   9.11665E+02   1.18481E+03   1.39835E-09   8.44742E-11
   9.11665E+02   1.18481E+03   1.39835E-09   8.44742E-11

 Phase Region for:
     BCC_A2                        
     FCC_A1                        
 col-1=T_CELSIU, col-2=T, col-3=W(FCC_A1,C), col-4=W(BCC_A2,C),
   7.28166E+02   1.00132E+03   7.50000E-03   1.89144E-04
   7.28237E+02   1.00139E+03   7.49494E-03   1.89074E-04
   7.43222E+02   1.01637E+03   6.46617E-03   1.74051E-04
   7.58222E+02   1.03137E+03   5.52794E-03   1.59109E-04
   7.73222E+02   1.04637E+03   4.69461E-03   1.44857E-04
   7.88222E+02   1.06137E+03   3.94898E-03   1.30852E-04
   8.03222E+02   1.07637E+03   3.27393E-03   1.16607E-04
   8.18222E+02   1.09137E+03   2.66290E-03   1.02011E-04
   8.33222E+02   1.10637E+03   2.11027E-03   8.69829E-05
   8.48222E+02   1.12137E+03   1.61114E-03   7.14676E-05
   8.63222E+02   1.13637E+03   1.16119E-03   5.54317E-05
   8.78222E+02   1.15137E+03   7.56529E-04   3.88594E-05
   8.93222E+02   1.16637E+03   3.93640E-04   2.17504E-05
   9.08222E+02   1.18137E+03   6.93133E-05   4.11828E-06
   9.09585E+02   1.18274E+03   4.16375E-05   2.49024E-06
   9.09833E+02   1.18298E+03   3.66370E-05   2.19379E-06
   9.10329E+02   1.18348E+03   2.66648E-05   1.60049E-06
   9.11321E+02   1.18447E+03   6.83591E-06   4.12274E-07
   9.11501E+02   1.18465E+03   3.24712E-06   1.96004E-07
   9.11534E+02   1.18468E+03   2.59515E-06   1.56675E-07
   9.11600E+02   1.18475E+03   1.29172E-06   7.80087E-08
   9.11611E+02   1.18476E+03   1.05481E-06   6.37048E-08
   9.11635E+02   1.18479E+03   5.81045E-07   3.50960E-08
   9.11640E+02   1.18479E+03   4.94916E-07   2.98943E-08
   9.11648E+02   1.18480E+03   3.22666E-07   1.94908E-08
   9.11650E+02   1.18480E+03   2.91349E-07   1.75992E-08
   9.11653E+02   1.18480E+03   2.28716E-07   1.38160E-08
   9.11659E+02   1.18481E+03   1.03456E-07   6.24961E-09
   9.11661E+02   1.18481E+03   8.06816E-08   4.87389E-09
   9.11663E+02   1.18481E+03   3.51342E-08   2.12244E-09
   9.11663E+02   1.18481E+03   2.68529E-08   1.62218E-09
   9.11664E+02   1.18481E+03   1.02905E-08   6.21646E-10
   9.11664E+02   1.18481E+03   7.27911E-09   4.39731E-10
   9.11665E+02   1.18481E+03   1.25644E-09   7.59014E-11
   9.11665E+02   1.18481E+03   1.61407E-10   9.75059E-12
   9.11665E+02   1.18481E+03   1.61407E-10   9.75059E-12
