 PROLOGUE 1
 XSCALE        0.00000          0.600000E-06
 YSCALE       0.401910E-02      0.300000    
 XTEXT DISTANCE
 YTEXT WEIGHT-PERCENT C
 XTYPE LINEAR
 YTYPE LINEAR
 XLENGTH        11.5000    
 YLENGTH        11.5000    
 TITLE   
 DATASET 1
 CLIP OFF
    0.00000    1.12000 NAM' TIME = 0,1E-04,.001,.01,.03,.1,.5,10,20
 1.05 1.05 MNA' CELL #   1
 CLIP ON
 $ X-AXIS = DISTANCE      Y-AXIS = W(C)
 BLOCK X=C1; Y=C2;       GOC=C3,WAD;
  0.0000000000E+00  3.0000000000E-01 M
  6.0120040369E-08  3.0000000000E-01
  1.1422807670E-07  3.0000000000E-01
  1.6292530940E-07  3.0000000000E-01
  2.0675281883E-07  3.0000000000E-01
  2.4619757731E-07  3.0000000000E-01
  2.8169785995E-07  3.0000000000E-01
  3.1364811432E-07  3.0000000000E-01
  3.4240334326E-07  3.0000000000E-01
  3.6828304930E-07  3.0000000000E-01
  3.9157478474E-07  3.0000000000E-01
  4.1253734664E-07  3.0000000000E-01
  4.3140365234E-07  3.0000000000E-01
  4.4838332748E-07  3.0000000000E-01
  4.6366503510E-07  3.0000000000E-01
  4.7741857196E-07  3.0000000000E-01
  4.8979675513E-07  3.0000000000E-01
  5.0093711998E-07  3.0000000000E-01
  5.1096344835E-07  3.0000000000E-01
  5.1998714389E-07  3.0000000000E-01
  5.2810846987E-07  3.0000000000E-01
  5.3541766325E-07  3.0000000000E-01
  5.4199593729E-07  3.0000000000E-01
  5.4791638393E-07  3.0000000000E-01
  5.5324478591E-07  3.0000000000E-01
  5.5804034769E-07  3.0000000000E-01
  5.6235635329E-07  3.0000000000E-01
  5.6624075833E-07  3.0000000000E-01
  5.6973672286E-07  3.0000000000E-01
  5.7288309094E-07  3.0000000000E-01
  5.7571482222E-07  3.0000000000E-01
  5.7826338037E-07  3.0000000000E-01
  5.8055708270E-07  3.0000000000E-01
  5.8262141480E-07  3.0000000000E-01
  5.8447931369E-07  3.0000000000E-01
  5.8615142269E-07  3.0000000000E-01
  5.8765632079E-07  3.0000000000E-01
  5.8901072908E-07  3.0000000000E-01
  5.9022969654E-07  3.0000000000E-01
  5.9132676725E-07  3.0000000000E-01
  5.9231413090E-07  3.0000000000E-01
  5.9320275817E-07  3.0000000000E-01
  5.9400252273E-07  3.0000000000E-01
  5.9472231082E-07  3.0000000000E-01
  5.9537012011E-07  3.0000000000E-01
  5.9595314847E-07  3.0000000000E-01
  5.9647787399E-07  3.0000000000E-01
  5.9695012696E-07  3.0000000000E-01
  5.9737515463E-07  3.0000000000E-01
  5.9775767954E-07  3.0000000000E-01
  5.9810195195E-07  3.0000000000E-01
  5.9841179712E-07  3.0000000000E-01
  5.9869065778E-07  3.0000000000E-01
  5.9894163237E-07  3.0000000000E-01
  5.9916750950E-07  3.0000000000E-01
  5.9937079892E-07  3.0000000000E-01
  5.9955375940E-07  3.0000000000E-01
  5.9971842383E-07  3.0000000000E-01
  5.9986662181E-07  3.0000000000E-01
  6.0000000000E-07  3.0000000000E-01
 BLOCKEND
 $ X-AXIS = DISTANCE      Y-AXIS = W(C)
 BLOCK X=C1; Y=C2;       GOC=C3,WAD;
  0.0000000000E+00  3.0000000000E-01 M
  1.5030010092E-08  3.0000000000E-01
  3.0060020184E-08  3.0000000000E-01
  4.5090030276E-08  3.0000000000E-01
  6.0120040369E-08  3.0000000000E-01
  8.7174058535E-08  3.0000000000E-01
  1.1422807670E-07  3.0000000000E-01
  1.3857669305E-07  3.0000000000E-01
  1.6292530940E-07  3.0000000000E-01
  1.8483906411E-07  3.0000000000E-01
  2.0675281883E-07  3.0000000000E-01
  2.2647519807E-07  3.0000000000E-01
  2.4619757731E-07  3.0000000000E-01
  2.6394771863E-07  3.0000000000E-01
  2.8169785995E-07  3.0000000000E-01
  2.9767298714E-07  3.0000000000E-01
  3.1364811432E-07  3.0000000000E-01
  3.2802572879E-07  3.0000000000E-01
  3.4240334326E-07  3.0000000000E-01
  3.6828304930E-07  3.0000000000E-01
  3.9157478474E-07  3.0000000000E-01
  4.1253734664E-07  3.0000000000E-01
  4.3140365234E-07  3.0000000000E-01
  4.4838332748E-07  3.0000000000E-01
  4.6366503510E-07  2.9999999438E-01
  4.7741857196E-07  2.9999986751E-01
  4.8979675513E-07  2.9999850441E-01
  5.0093711998E-07  2.9998924434E-01
  5.1096344835E-07  2.9994456560E-01
  5.1998714389E-07  2.9978122181E-01
  5.2810846987E-07  2.9930888888E-01
  5.3541766325E-07  2.9819288098E-01
  5.4199593729E-07  2.9597762467E-01
  5.4791638393E-07  2.9218668778E-01
  5.5324478591E-07  2.8645344411E-01
  5.5804034769E-07  2.7861230218E-01
  5.6235635329E-07  2.6871986121E-01
  5.6624075833E-07  2.5702190086E-01
  5.6973672286E-07  2.4389155826E-01
  5.7288309094E-07  2.2975950383E-01
  5.7571482222E-07  2.1505591327E-01
  5.7826338037E-07  2.0017215321E-01
  5.8055708270E-07  1.8543778040E-01
  5.8262141480E-07  1.7111160475E-01
  5.8447931369E-07  1.5738498454E-01
  5.8615142269E-07  1.4438869940E-01
  5.8765632079E-07  1.3220146902E-01
  5.8901072908E-07  1.2086216673E-01
  5.9022969654E-07  1.1037928107E-01
  5.9132676725E-07  1.0073713991E-01
  5.9231413090E-07  9.1905315980E-02
  5.9320275817E-07  8.3844328219E-02
  5.9400252273E-07  7.6505536705E-02
  5.9472231082E-07  6.9838330164E-02
  5.9537012011E-07  6.3795741971E-02
  5.9595314847E-07  5.8325340891E-02
  5.9647787399E-07  5.3372428123E-02
  5.9695012696E-07  4.8900514842E-02
  5.9737515463E-07  4.4877192563E-02
  5.9775767954E-07  4.1237807849E-02
  5.9810195195E-07  3.7920474015E-02
  5.9841179712E-07  3.4943421460E-02
  5.9869065778E-07  3.2354886021E-02
  5.9894163237E-07  3.0049011992E-02
  5.9916750950E-07  2.7784285516E-02
  5.9937079892E-07  2.5466936242E-02
  5.9955375940E-07  2.3710490374E-02
  5.9971842383E-07  2.2470770110E-02
  5.9986662181E-07  2.3269621481E-02
  6.0000000000E-07  1.6228670947E-02
 BLOCKEND
 $ X-AXIS = DISTANCE      Y-AXIS = W(C)
 BLOCK X=C1; Y=C2;       GOC=C3,WAD;
  0.0000000000E+00  2.9999999752E-01 M
  1.5030010092E-08  2.9999999707E-01
  3.0060020184E-08  2.9999999557E-01
  4.5090030276E-08  2.9999999247E-01
  6.0120040369E-08  2.9999998669E-01
  8.7174058535E-08  2.9999996116E-01
  1.1422807670E-07  2.9999988562E-01
  1.3857669305E-07  2.9999970165E-01
  1.6292530940E-07  2.9999923133E-01
  1.8483906411E-07  2.9999822257E-01
  2.0675281883E-07  2.9999594023E-01
  2.2647519807E-07  2.9999156700E-01
  2.4619757731E-07  2.9998269090E-01
  2.6394771863E-07  2.9996731434E-01
  2.8169785995E-07  2.9993897361E-01
  2.9767298714E-07  2.9989407081E-01
  3.1364811432E-07  2.9981800070E-01
  3.2802572879E-07  2.9970644532E-01
  3.4240334326E-07  2.9953051715E-01
  3.6828304930E-07  2.9891950996E-01
  3.9157478474E-07  2.9775011772E-01
  4.1253734664E-07  2.9571048651E-01
  4.3140365234E-07  2.9243285846E-01
  4.4838332748E-07  2.8756486435E-01
  4.6366503510E-07  2.8086291586E-01
  4.7741857196E-07  2.7225882241E-01
  4.8979675513E-07  2.6187032459E-01
  5.0093711998E-07  2.4996609158E-01
  5.1096344835E-07  2.3690954716E-01
  5.1998714389E-07  2.2309919998E-01
  5.2810846987E-07  2.0891977230E-01
  5.3541766325E-07  1.9471191357E-01
  5.4199593729E-07  1.8075668544E-01
  5.4791638393E-07  1.6727023347E-01
  5.5324478591E-07  1.5440786476E-01
  5.5804034769E-07  1.4227259288E-01
  5.6235635329E-07  1.3092335934E-01
  5.6624075833E-07  1.2038441600E-01
  5.6973672286E-07  1.1065492746E-01
  5.7288309094E-07  1.0171526886E-01
  5.7571482222E-07  9.3532447609E-02
  5.7826338037E-07  8.6066000130E-02
  5.8055708270E-07  7.9270827922E-02
  5.8262141480E-07  7.3098920299E-02
  5.8447931369E-07  6.7502672041E-02
  5.8615142269E-07  6.2435762811E-02
  5.8765632079E-07  5.7852692558E-02
  5.8901072908E-07  5.3711079055E-02
  5.9022969654E-07  4.9971796193E-02
  5.9132676725E-07  4.6597011917E-02
  5.9231413090E-07  4.3552691113E-02
  5.9320275817E-07  4.0808830913E-02
  5.9400252273E-07  3.8335109671E-02
  5.9472231082E-07  3.6104783165E-02
  5.9537012011E-07  3.4097935938E-02
  5.9595314847E-07  3.2290690961E-02
  5.9647787399E-07  3.0657107702E-02
  5.9695012696E-07  2.9188823123E-02
  5.9737515463E-07  2.7880511414E-02
  5.9775767954E-07  2.6693187297E-02
  5.9810195195E-07  2.5588769098E-02
  5.9841179712E-07  2.4607566718E-02
  5.9869065778E-07  2.3818096936E-02
  5.9894163237E-07  2.3134511848E-02
  5.9916750950E-07  2.2329780206E-02
  5.9937079892E-07  2.1333645378E-02
  5.9955375940E-07  2.0747863682E-02
  5.9971842383E-07  2.0611759376E-02
  5.9986662181E-07  2.2287053850E-02
  6.0000000000E-07  1.6268882265E-02
 BLOCKEND
 $ X-AXIS = DISTANCE      Y-AXIS = W(C)
 BLOCK X=C1; Y=C2;       GOC=C3,WAD;
  0.0000000000E+00  2.9154560002E-01 M
  1.5030010092E-08  2.9146129356E-01
  3.0060020184E-08  2.9120734326E-01
  4.5090030276E-08  2.9078065472E-01
  6.0120040369E-08  2.9017604917E-01
  8.7174058535E-08  2.8861427550E-01
  1.1422807670E-07  2.8639059114E-01
  1.3857669305E-07  2.8375662645E-01
  1.6292530940E-07  2.8044699470E-01
  1.8483906411E-07  2.7681900901E-01
  2.0675281883E-07  2.7250233789E-01
  2.2647519807E-07  2.6796504867E-01
  2.4619757731E-07  2.6274898502E-01
  2.6394771863E-07  2.5742470769E-01
  2.8169785995E-07  2.5145879884E-01
  2.9767298714E-07  2.4550617047E-01
  3.1364811432E-07  2.3897108497E-01
  3.2802572879E-07  2.3256986228E-01
  3.4240334326E-07  2.2565811221E-01
  3.6828304930E-07  2.1189057143E-01
  3.9157478474E-07  1.9800801330E-01
  4.1253734664E-07  1.8429304793E-01
  4.3140365234E-07  1.7097090876E-01
  4.4838332748E-07  1.5820876678E-01
  4.6366503510E-07  1.4612112697E-01
  4.7741857196E-07  1.3477884121E-01
  4.8979675513E-07  1.2421708163E-01
  5.0093711998E-07  1.1444294407E-01
  5.1096344835E-07  1.0544370851E-01
  5.1998714389E-07  9.7192682699E-02
  5.2810846987E-07  8.9653046929E-02
  5.3541766325E-07  8.2782398618E-02
  5.4199593729E-07  7.6535892793E-02
  5.4791638393E-07  7.0867170395E-02
  5.5324478591E-07  6.5730253132E-02
  5.5804034769E-07  6.1081308157E-02
  5.6235635329E-07  5.6878217482E-02
  5.6624075833E-07  5.3080968293E-02
  5.6973672286E-07  4.9652939713E-02
  5.7288309094E-07  4.6560080529E-02
  5.7571482222E-07  4.3770450883E-02
  5.7826338037E-07  4.1255428173E-02
  5.8055708270E-07  3.8988941641E-02
  5.8262141480E-07  3.6946475395E-02
  5.8447931369E-07  3.5106371513E-02
  5.8615142269E-07  3.3449268169E-02
  5.8765632079E-07  3.1956622450E-02
  5.8901072908E-07  3.0612315851E-02
  5.9022969654E-07  2.9402346443E-02
  5.9132676725E-07  2.8312593824E-02
  5.9231413090E-07  2.7331175467E-02
  5.9320275817E-07  2.6448627057E-02
  5.9400252273E-07  2.5653552031E-02
  5.9472231082E-07  2.4936562657E-02
  5.9537012011E-07  2.4293607584E-02
  5.9595314847E-07  2.3715262261E-02
  5.9647787399E-07  2.3188717112E-02
  5.9695012696E-07  2.2717528799E-02
  5.9737515463E-07  2.2307176484E-02
  5.9775767954E-07  2.1928442247E-02
  5.9810195195E-07  2.1552047791E-02
  5.9841179712E-07  2.1226310168E-02
  5.9869065778E-07  2.1026866863E-02
  5.9894163237E-07  2.0874727202E-02
  5.9916750950E-07  2.0547553296E-02
  5.9937079892E-07  1.9983911857E-02
  5.9955375940E-07  1.9779400624E-02
  5.9971842383E-07  2.0008681428E-02
  5.9986662181E-07  2.1961191629E-02
  6.0000000000E-07  1.6273916904E-02
 BLOCKEND
 $ X-AXIS = DISTANCE      Y-AXIS = W(C)
 BLOCK X=C1; Y=C2;       GOC=C3,WAD;
  0.0000000000E+00  2.2161185533E-01 M
  1.5030010092E-08  2.2146247718E-01
  3.0060020184E-08  2.2101448913E-01
  4.5090030276E-08  2.2026833691E-01
  6.0120040369E-08  2.1922474530E-01
  8.7174058535E-08  2.1660038252E-01
  1.1422807670E-07  2.1302484499E-01
  1.3857669305E-07  2.0900335315E-01
  1.6292530940E-07  2.0423197867E-01
  1.8483906411E-07  1.9930754304E-01
  2.0675281883E-07  1.9379790196E-01
  2.2647519807E-07  1.8834976425E-01
  2.4619757731E-07  1.8244922696E-01
  2.6394771863E-07  1.7676195371E-01
  2.8169785995E-07  1.7072772203E-01
  2.9767298714E-07  1.6500886621E-01
  3.1364811432E-07  1.5902558302E-01
  3.2802572879E-07  1.5342179765E-01
  3.4240334326E-07  1.4761720535E-01
  3.6828304930E-07  1.3668764016E-01
  3.9157478474E-07  1.2635485496E-01
  4.1253734664E-07  1.1668300163E-01
  4.3140365234E-07  1.0770043954E-01
  4.4838332748E-07  9.9409192535E-02
  4.6366503510E-07  9.1792927367E-02
  4.7741857196E-07  8.4824056649E-02
  4.8979675513E-07  7.8467622692E-02
  5.0093711998E-07  7.2683988523E-02
  5.1096344835E-07  6.7432205313E-02
  5.1998714389E-07  6.2671490921E-02
  5.2810846987E-07  5.8361388815E-02
  5.3541766325E-07  5.4463307114E-02
  5.4199593729E-07  5.0941307717E-02
  5.4791638393E-07  4.7761243872E-02
  5.5324478591E-07  4.4891310372E-02
  5.5804034769E-07  4.2302827512E-02
  5.6235635329E-07  3.9969115244E-02
  5.6624075833E-07  3.7865399349E-02
  5.6973672286E-07  3.5969774300E-02
  5.7288309094E-07  3.4262176616E-02
  5.7571482222E-07  3.2723806997E-02
  5.7826338037E-07  3.1338277975E-02
  5.8055708270E-07  3.0090832828E-02
  5.8262141480E-07  2.8967361642E-02
  5.8447931369E-07  2.7955737507E-02
  5.8615142269E-07  2.7045298942E-02
  5.8765632079E-07  2.6225423341E-02
  5.8901072908E-07  2.5487187722E-02
  5.9022969654E-07  2.4823115955E-02
  5.9132676725E-07  2.4224996964E-02
  5.9231413090E-07  2.3686294230E-02
  5.9320275817E-07  2.3202375588E-02
  5.9400252273E-07  2.2766207494E-02
  5.9472231082E-07  2.2372340398E-02
  5.9537012011E-07  2.2020276941E-02
  5.9595314847E-07  2.1703795989E-02
  5.9647787399E-07  2.1412974692E-02
  5.9695012696E-07  2.1153974420E-02
  5.9737515463E-07  2.0934621201E-02
  5.9775767954E-07  2.0727807635E-02
  5.9810195195E-07  2.0506150232E-02
  5.9841179712E-07  2.0319702508E-02
  5.9869065778E-07  2.0245591172E-02
  5.9894163237E-07  2.0206430073E-02
  5.9916750950E-07  1.9980340617E-02
  5.9937079892E-07  1.9509675111E-02
  5.9955375940E-07  1.9382271710E-02
  5.9971842383E-07  1.9701376663E-02
  5.9986662181E-07  2.1681137635E-02
  6.0000000000E-07  1.6106303747E-02
 BLOCKEND
 $ X-AXIS = DISTANCE      Y-AXIS = W(C)
 BLOCK X=C1; Y=C2;       GOC=C3,WAD;
  0.0000000000E+00  7.4421569579E-02 M
  1.5030010092E-08  7.4376854969E-02
  3.0060020184E-08  7.4242774848E-02
  4.5090030276E-08  7.4019520932E-02
  6.0120040369E-08  7.3707410542E-02
  8.7174058535E-08  7.2923235244E-02
  1.1422807670E-07  7.1856379723E-02
  1.3857669305E-07  7.0658494086E-02
  1.6292530940E-07  6.9239888832E-02
  1.8483906411E-07  6.7778635737E-02
  2.0675281883E-07  6.6147008999E-02
  2.2647519807E-07  6.4536867824E-02
  2.4619757731E-07  6.2796563911E-02
  2.6394771863E-07  6.1122504500E-02
  2.8169785995E-07  5.9349710068E-02
  2.9767298714E-07  5.7672574846E-02
  3.1364811432E-07  5.5920791914E-02
  3.2802572879E-07  5.4282635523E-02
  3.4240334326E-07  5.2588338693E-02
  3.6828304930E-07  4.9404420316E-02
  3.9157478474E-07  4.6400682997E-02
  4.1253734664E-07  4.3593740563E-02
  4.3140365234E-07  4.0990464448E-02
  4.4838332748E-07  3.8590185032E-02
  4.6366503510E-07  3.6386939779E-02
  4.7741857196E-07  3.4372197390E-02
  4.8979675513E-07  3.2535496434E-02
  5.0093711998E-07  3.0864761510E-02
  5.1096344835E-07  2.9347963387E-02
  5.1998714389E-07  2.7973409949E-02
  5.2810846987E-07  2.6729099107E-02
  5.3541766325E-07  2.5603729480E-02
  5.4199593729E-07  2.4587167109E-02
  5.4791638393E-07  2.3669406072E-02
  5.5324478591E-07  2.2841044120E-02
  5.5804034769E-07  2.2094063324E-02
  5.6235635329E-07  2.1420746376E-02
  5.6624075833E-07  2.0813656041E-02
  5.6973672286E-07  2.0266690798E-02
  5.7288309094E-07  1.9774158120E-02
  5.7571482222E-07  1.9330300869E-02
  5.7826338037E-07  1.8930551055E-02
  5.8055708270E-07  1.8570849309E-02
  5.8262141480E-07  1.8246756756E-02
  5.8447931369E-07  1.7954884164E-02
  5.8615142269E-07  1.7692458807E-02
  5.8765632079E-07  1.7455975171E-02
  5.8901072908E-07  1.7242930096E-02
  5.9022969654E-07  1.7051636099E-02
  5.9132676725E-07  1.6879098162E-02
  5.9231413090E-07  1.6723480873E-02
  5.9320275817E-07  1.6584388540E-02
  5.9400252273E-07  1.6458601314E-02
  5.9472231082E-07  1.6344105284E-02
  5.9537012011E-07  1.6243500481E-02
  5.9595314847E-07  1.6153350489E-02
  5.9647787399E-07  1.6066236778E-02
  5.9695012696E-07  1.5990586367E-02
  5.9737515463E-07  1.5936264982E-02
  5.9775767954E-07  1.5877983858E-02
  5.9810195195E-07  1.5789977660E-02
  5.9841179712E-07  1.5723871560E-02
  5.9869065778E-07  1.5757960334E-02
  5.9894163237E-07  1.5816831443E-02
  5.9916750950E-07  1.5676468683E-02
  5.9937079892E-07  1.5291766744E-02
  5.9955375940E-07  1.5208746550E-02
  5.9971842383E-07  1.5690131786E-02
  5.9986662181E-07  1.7389850074E-02
  6.0000000000E-07  1.2873025757E-02
 BLOCKEND
 $ X-AXIS = DISTANCE      Y-AXIS = W(C)
 BLOCK X=C1; Y=C2;       GOC=C3,WAD;
  0.0000000000E+00  6.8572481504E-03 M
  1.5030010092E-08  6.8569326129E-03
  3.0060020184E-08  6.8559870994E-03
  4.5090030276E-08  6.8544150345E-03
  6.0120040369E-08  6.8522222619E-03
  8.7174058535E-08  6.8467363369E-03
  1.1422807670E-07  6.8393080830E-03
  1.3857669305E-07  6.8309677096E-03
  1.6292530940E-07  6.8210057621E-03
  1.8483906411E-07  6.8105640654E-03
  2.0675281883E-07  6.7986353677E-03
  2.2647519807E-07  6.7865879108E-03
  2.4619757731E-07  6.7732964147E-03
  2.6394771863E-07  6.7602649811E-03
  2.8169785995E-07  6.7461590169E-03
  2.9767298714E-07  6.7324302175E-03
  3.1364811432E-07  6.7175875498E-03
  3.2802572879E-07  6.7031964700E-03
  3.4240334326E-07  6.6878078220E-03
  3.6828304930E-07  6.6574990189E-03
  3.9157478474E-07  6.6268065949E-03
  4.1253734664E-07  6.5957224660E-03
  4.3140365234E-07  6.5648549810E-03
  4.4838332748E-07  6.5345066944E-03
  4.6366503510E-07  6.5045697395E-03
  4.7741857196E-07  6.4755101990E-03
  4.8979675513E-07  6.4477488306E-03
  5.0093711998E-07  6.4210752564E-03
  5.1096344835E-07  6.3956724732E-03
  5.1998714389E-07  6.3719736461E-03
  5.2810846987E-07  6.3497259067E-03
  5.3541766325E-07  6.3288177902E-03
  5.4199593729E-07  6.3096390373E-03
  5.4791638393E-07  6.2919864166E-03
  5.5324478591E-07  6.2755230701E-03
  5.5804034769E-07  6.2605687455E-03
  5.6235635329E-07  6.2470397521E-03
  5.6624075833E-07  6.2344637248E-03
  5.6973672286E-07  6.2230780606E-03
  5.7288309094E-07  6.2129458369E-03
  5.7571482222E-07  6.2035261732E-03
  5.7826338037E-07  6.1949738057E-03
  5.8055708270E-07  6.1874997197E-03
  5.8262141480E-07  6.1805216730E-03
  5.8447931369E-07  6.1741329207E-03
  5.8615142269E-07  6.1687031262E-03
  5.8765632079E-07  6.1635591135E-03
  5.8901072908E-07  6.1587519386E-03
  5.9022969654E-07  6.1548967566E-03
  5.9132676725E-07  6.1510710548E-03
  5.9231413090E-07  6.1473075406E-03
  5.9320275817E-07  6.1448947619E-03
  5.9400252273E-07  6.1421256338E-03
  5.9472231082E-07  6.1383496138E-03
  5.9537012011E-07  6.1374001569E-03
  5.9595314847E-07  6.1369435741E-03
  5.9647787399E-07  6.1305482974E-03
  5.9695012696E-07  6.1275500031E-03
  5.9737515463E-07  6.1386337972E-03
  5.9775767954E-07  6.1392097335E-03
  5.9810195195E-07  6.1041161166E-03
  5.9841179712E-07  6.0857038885E-03
  5.9869065778E-07  6.1626155180E-03
  5.9894163237E-07  6.2609481130E-03
  5.9916750950E-07  6.1523347511E-03
  5.9937079892E-07  5.8098088791E-03
  5.9955375940E-07  5.7096687810E-03
  5.9971842383E-07  6.4005504480E-03
  5.9986662181E-07  7.4269682868E-03
  6.0000000000E-07  5.2047595985E-03
 BLOCKEND
 $ X-AXIS = DISTANCE      Y-AXIS = W(C)
 BLOCK X=C1; Y=C2;       GOC=C3,WAD;
  0.0000000000E+00  4.6974600318E-03 M
  1.5030010092E-08  4.6975736615E-03
  3.0060020184E-08  4.6979159054E-03
  4.5090030276E-08  4.6984909614E-03
  6.0120040369E-08  4.6993059851E-03
  8.7174058535E-08  4.7014095891E-03
  1.1422807670E-07  4.7043824544E-03
  1.3857669305E-07  4.7078260528E-03
  1.6292530940E-07  4.7119661248E-03
  1.8483906411E-07  4.7162195996E-03
  2.0675281883E-07  4.7209055697E-03
  2.2647519807E-07  4.7254704683E-03
  2.4619757731E-07  4.7303799003E-03
  2.6394771863E-07  4.7351010333E-03
  2.8169785995E-07  4.7400595434E-03
  2.9767298714E-07  4.7446199488E-03
  3.1364811432E-07  4.7491458029E-03
  3.2802572879E-07  4.7531139469E-03
  3.4240334326E-07  4.7569659881E-03
  3.6828304930E-07  4.7635128615E-03
  3.9157478474E-07  4.7684240760E-03
  4.1253734664E-07  4.7713300610E-03
  4.3140365234E-07  4.7725956826E-03
  4.4838332748E-07  4.7723775380E-03
  4.6366503510E-07  4.7704994950E-03
  4.7741857196E-07  4.7674189480E-03
  4.8979675513E-07  4.7635936803E-03
  5.0093711998E-07  4.7588838890E-03
  5.1096344835E-07  4.7535658657E-03
  5.1998714389E-07  4.7481807227E-03
  5.2810846987E-07  4.7425918882E-03
  5.3541766325E-07  4.7368073537E-03
  5.4199593729E-07  4.7313358193E-03
  5.4791638393E-07  4.7260899211E-03
  5.5324478591E-07  4.7208437250E-03
  5.5804034769E-07  4.7160218685E-03
  5.6235635329E-07  4.7116387943E-03
  5.6624075833E-07  4.7073131981E-03
  5.6973672286E-07  4.7033665770E-03
  5.7288309094E-07  4.6999392023E-03
  5.7571482222E-07  4.6965606856E-03
  5.7826338037E-07  4.6934501171E-03
  5.8055708270E-07  4.6908770039E-03
  5.8262141480E-07  4.6883120640E-03
  5.8447931369E-07  4.6858966299E-03
  5.8615142269E-07  4.6840439090E-03
  5.8765632079E-07  4.6821198857E-03
  5.8901072908E-07  4.6802110926E-03
  5.9022969654E-07  4.6789648010E-03
  5.9132676725E-07  4.6774871777E-03
  5.9231413090E-07  4.6758369421E-03
  5.9320275817E-07  4.6753263235E-03
  5.9400252273E-07  4.6742690193E-03
  5.9472231082E-07  4.6720333689E-03
  5.9537012011E-07  4.6724706822E-03
  5.9595314847E-07  4.6732622342E-03
  5.9647787399E-07  4.6679890940E-03
  5.9695012696E-07  4.6660011867E-03
  5.9737515463E-07  4.6779970438E-03
  5.9775767954E-07  4.6793917129E-03
  5.9810195195E-07  4.6450290575E-03
  5.9841179712E-07  4.6272738882E-03
  5.9869065778E-07  4.7048060060E-03
  5.9894163237E-07  4.8036573297E-03
  5.9916750950E-07  4.6957074668E-03
  5.9937079892E-07  4.3526052980E-03
  5.9955375940E-07  4.2367145796E-03
  5.9971842383E-07  4.9053228708E-03
  5.9986662181E-07  5.5607463118E-03
  6.0000000000E-07  4.0191014009E-03
 BLOCKEND
 $ X-AXIS = DISTANCE      Y-AXIS = W(C)
 BLOCK X=C1; Y=C2;       GOC=C3,WAD;
  0.0000000000E+00  4.6759910226E-03 M
  1.5030010092E-08  4.6761039774E-03
  3.0060020184E-08  4.6764442132E-03
  4.5090030276E-08  4.6770159785E-03
  6.0120040369E-08  4.6778265134E-03
  8.7174058535E-08  4.6799194369E-03
  1.1422807670E-07  4.6828791807E-03
  1.3857669305E-07  4.6863100439E-03
  1.6292530940E-07  4.6904378690E-03
  1.8483906411E-07  4.6946820492E-03
  2.0675281883E-07  4.6993617317E-03
  2.2647519807E-07  4.7039247497E-03
  2.4619757731E-07  4.7088370780E-03
  2.6394771863E-07  4.7135659290E-03
  2.8169785995E-07  4.7185380020E-03
  2.9767298714E-07  4.7231164497E-03
  3.1364811432E-07  4.7276666581E-03
  3.2802572879E-07  4.7316627396E-03
  3.4240334326E-07  4.7355489760E-03
  3.6828304930E-07  4.7421748120E-03
  3.9157478474E-07  4.7471781927E-03
  4.1253734664E-07  4.7501857030E-03
  4.3140365234E-07  4.7515584875E-03
  4.4838332748E-07  4.7514498487E-03
  4.6366503510E-07  4.7496809090E-03
  4.7741857196E-07  4.7467068732E-03
  4.8979675513E-07  4.7429838934E-03
  5.0093711998E-07  4.7383710426E-03
  5.1096344835E-07  4.7331439003E-03
  5.1998714389E-07  4.7278432048E-03
  5.2810846987E-07  4.7223322786E-03
  5.3541766325E-07  4.7166192006E-03
  5.4199593729E-07  4.7112128940E-03
  5.4791638393E-07  4.7060263112E-03
  5.5324478591E-07  4.7008338900E-03
  5.5804034769E-07  4.6960606671E-03
  5.6235635329E-07  4.6917214928E-03
  5.6624075833E-07  4.6874354645E-03
  5.6973672286E-07  4.6835244665E-03
  5.7288309094E-07  4.6801291360E-03
  5.7571482222E-07  4.6767794255E-03
  5.7826338037E-07  4.6736947406E-03
  5.8055708270E-07  4.6711448785E-03
  5.8262141480E-07  4.6686008199E-03
  5.8447931369E-07  4.6662041370E-03
  5.8615142269E-07  4.6643682547E-03
  5.8765632079E-07  4.6624593514E-03
  5.8901072908E-07  4.6605641358E-03
  5.9022969654E-07  4.6593300391E-03
  5.9132676725E-07  4.6578633680E-03
  5.9231413090E-07  4.6562229694E-03
  5.9320275817E-07  4.6557211905E-03
  5.9400252273E-07  4.6546718269E-03
  5.9472231082E-07  4.6524433084E-03
  5.9537012011E-07  4.6528870368E-03
  5.9595314847E-07  4.6536843574E-03
  5.9647787399E-07  4.6484163804E-03
  5.9695012696E-07  4.6464331451E-03
  5.9737515463E-07  4.6584331589E-03
  5.9775767954E-07  4.6598317661E-03
  5.9810195195E-07  4.6254722127E-03
  5.9841179712E-07  4.6077179561E-03
  5.9869065778E-07  4.6852795073E-03
  5.9894163237E-07  4.7838629026E-03
  5.9916750950E-07  4.6730976123E-03
  5.9937079892E-07  4.3174597079E-03
  5.9955375940E-07  4.1798945985E-03
  5.9971842383E-07  4.8167078887E-03
  5.9986662181E-07  5.4530889972E-03
  6.0000000000E-07  4.0207920651E-03
 BLOCKEND
