 PROLOGUE 1
 XSCALE        0.00000          0.200000E-06
 YSCALE       0.299999           2.97038    
 XTEXT DISTANCE
 YTEXT WEIGHT-PERCENT C
 XTYPE LINEAR
 YTYPE LINEAR
 XLENGTH        11.5000    
 YLENGTH        11.5000    
 TITLE   
 DATASET 1
 CLIP OFF
    0.00000    1.12000 NAM' TIME = 0,1E-04,.001,.01,.03,.1,.5,10,20
 1.05 1.05 MNA' CELL #   2
 CLIP ON
 $ X-AXIS = DISTANCE      Y-AXIS = W(C)
 BLOCK X=C1; Y=C2;       GOC=C3,WAD;
  0.0000000000E+00  3.0000000000E-01 M
  2.0040013456E-08  3.0000000000E-01
  3.8076025567E-08  3.0000000000E-01
  5.4308436466E-08  3.0000000000E-01
  6.8917606276E-08  3.0000000000E-01
  8.2065859105E-08  3.0000000000E-01
  9.3899286650E-08  3.0000000000E-01
  1.0454937144E-07  3.0000000000E-01
  1.1413444775E-07  3.0000000000E-01
  1.2276101643E-07  3.0000000000E-01
  1.3052492825E-07  3.0000000000E-01
  1.3751244888E-07  3.0000000000E-01
  1.4380121745E-07  3.0000000000E-01
  1.4946110916E-07  3.0000000000E-01
  1.5455501170E-07  3.0000000000E-01
  1.5913952399E-07  3.0000000000E-01
  1.6326558504E-07  3.0000000000E-01
  1.6697903999E-07  3.0000000000E-01
  1.7032114945E-07  3.0000000000E-01
  1.7332904796E-07  3.0000000000E-01
  1.7603615662E-07  3.0000000000E-01
  1.7847255442E-07  3.0000000000E-01
  1.8066531243E-07  3.0000000000E-01
  1.8263879464E-07  3.0000000000E-01
  1.8441492864E-07  3.0000000000E-01
  1.8601344923E-07  3.0000000000E-01
  1.8745211776E-07  3.0000000000E-01
  1.8874691944E-07  3.0000000000E-01
  1.8991224095E-07  3.0000000000E-01
  1.9096103031E-07  3.0000000000E-01
  1.9190494074E-07  3.0000000000E-01
  1.9275446012E-07  3.0000000000E-01
  1.9351902757E-07  3.0000000000E-01
  1.9420713827E-07  3.0000000000E-01
  1.9482643790E-07  3.0000000000E-01
  1.9538380756E-07  3.0000000000E-01
  1.9588544026E-07  3.0000000000E-01
  1.9633690969E-07  3.0000000000E-01
  1.9674323218E-07  3.0000000000E-01
  1.9710892242E-07  3.0000000000E-01
  1.9743804363E-07  3.0000000000E-01
  1.9773425272E-07  3.0000000000E-01
  1.9800084091E-07  3.0000000000E-01
  1.9824077027E-07  3.0000000000E-01
  1.9845670670E-07  3.0000000000E-01
  1.9865104949E-07  3.0000000000E-01
  1.9882595800E-07  3.0000000000E-01
  1.9898337565E-07  3.0000000000E-01
  1.9912505154E-07  3.0000000000E-01
  1.9925255985E-07  3.0000000000E-01
  1.9936731732E-07  3.0000000000E-01
  1.9947059904E-07  3.0000000000E-01
  1.9956355259E-07  3.0000000000E-01
  1.9964721079E-07  3.0000000000E-01
  1.9972250317E-07  3.0000000000E-01
  1.9979026631E-07  3.0000000000E-01
  1.9985125313E-07  3.0000000000E-01
  1.9990614128E-07  3.0000000000E-01
  1.9995554060E-07  3.0000000000E-01
  2.0000000000E-07  3.0000000000E-01
 BLOCKEND
 $ X-AXIS = DISTANCE      Y-AXIS = W(C)
 BLOCK X=C1; Y=C2;       GOC=C3,WAD;
  0.0000000000E+00  3.0000000000E-01 M
  5.0100033641E-09  3.0000000000E-01
  1.0020006728E-08  3.0000000000E-01
  1.5030010092E-08  3.0000000000E-01
  2.0040013456E-08  3.0000000000E-01
  2.9058019512E-08  3.0000000000E-01
  3.8076025567E-08  3.0000000000E-01
  4.6192231017E-08  3.0000000000E-01
  5.4308436466E-08  3.0000000000E-01
  6.1613021371E-08  3.0000000000E-01
  6.8917606276E-08  3.0000000000E-01
  7.5491732690E-08  3.0000000000E-01
  8.2065859105E-08  3.0000000000E-01
  8.7982572877E-08  3.0000000000E-01
  9.3899286650E-08  3.0000000000E-01
  9.9224329046E-08  3.0000000000E-01
  1.0454937144E-07  3.0000000000E-01
  1.0934190960E-07  3.0000000000E-01
  1.1413444775E-07  3.0000000000E-01
  1.2276101643E-07  3.0000000000E-01
  1.3052492825E-07  3.0000000000E-01
  1.3751244888E-07  3.0000000000E-01
  1.4380121745E-07  3.0000000000E-01
  1.4946110916E-07  3.0000000000E-01
  1.5455501170E-07  3.0000000000E-01
  1.5913952399E-07  3.0000000000E-01
  1.6326558504E-07  3.0000000000E-01
  1.6697903999E-07  3.0000000000E-01
  1.7032114945E-07  3.0000000000E-01
  1.7332904796E-07  3.0000000000E-01
  1.7603615662E-07  3.0000000000E-01
  1.7847255442E-07  3.0000000000E-01
  1.8066531243E-07  3.0000000000E-01
  1.8263879464E-07  3.0000000000E-01
  1.8441492864E-07  3.0000000000E-01
  1.8601344923E-07  3.0000000000E-01
  1.8745211776E-07  3.0000000000E-01
  1.8874691944E-07  3.0000000000E-01
  1.8991224095E-07  3.0000000001E-01
  1.9096103031E-07  2.9999999993E-01
  1.9190494074E-07  3.0000000055E-01
  1.9275446012E-07  2.9999999516E-01
  1.9351902757E-07  3.0000005446E-01
  1.9420713827E-07  2.9999911546E-01
  1.9482643790E-07  3.0002834887E-01
  1.9538380756E-07  3.0215495497E-01
  1.9588544026E-07  3.3044074749E-01
  1.9633690969E-07  4.7243650776E-01
  1.9674323218E-07  7.7885291526E-01
  1.9710892242E-07  1.1228972756E+00
  1.9743804363E-07  1.3915917635E+00
  1.9773425272E-07  1.5968432916E+00
  1.9800084091E-07  1.7623934678E+00
  1.9824077027E-07  1.8858157707E+00
  1.9845670670E-07  1.9832060975E+00
  1.9865104949E-07  2.0640581946E+00
  1.9882595800E-07  2.1268446764E+00
  1.9898337565E-07  2.1819355996E+00
  1.9912505154E-07  2.2264884356E+00
  1.9925255985E-07  2.2650241547E+00
  1.9936731732E-07  2.2979698949E+00
  1.9947059904E-07  2.3261162633E+00
  1.9956355259E-07  2.3504858696E+00
  1.9964721079E-07  2.3725187848E+00
  1.9972250317E-07  2.3893910088E+00
  1.9979026631E-07  2.4091541662E+00
  1.9985125313E-07  2.4137547709E+00
  1.9990614128E-07  2.4681267579E+00
  1.9995554060E-07  2.3002481341E+00
  2.0000000000E-07  2.9650425724E+00
 BLOCKEND
 $ X-AXIS = DISTANCE      Y-AXIS = W(C)
 BLOCK X=C1; Y=C2;       GOC=C3,WAD;
  0.0000000000E+00  3.0000000000E-01 M
  5.0100033641E-09  3.0000000000E-01
  1.0020006728E-08  3.0000000000E-01
  1.5030010092E-08  3.0000000000E-01
  2.0040013456E-08  3.0000000000E-01
  2.9058019512E-08  3.0000000000E-01
  3.8076025567E-08  3.0000000000E-01
  4.6192231017E-08  3.0000000000E-01
  5.4308436466E-08  3.0000000000E-01
  6.1613021371E-08  3.0000000000E-01
  6.8917606276E-08  3.0000000000E-01
  7.5491732690E-08  3.0000000000E-01
  8.2065859105E-08  3.0000000000E-01
  8.7982572877E-08  3.0000000000E-01
  9.3899286650E-08  3.0000000000E-01
  9.9224329046E-08  3.0000000000E-01
  1.0454937144E-07  3.0000000000E-01
  1.0934190960E-07  3.0000000000E-01
  1.1413444775E-07  3.0000000000E-01
  1.2276101643E-07  3.0000000000E-01
  1.3052492825E-07  3.0000000000E-01
  1.3751244888E-07  3.0000000000E-01
  1.4380121745E-07  3.0000000000E-01
  1.4946110916E-07  3.0000000000E-01
  1.5455501170E-07  3.0000000000E-01
  1.5913952399E-07  3.0000000000E-01
  1.6326558504E-07  3.0000000000E-01
  1.6697903999E-07  3.0000000003E-01
  1.7032114945E-07  2.9999999968E-01
  1.7332904796E-07  3.0000000398E-01
  1.7603615662E-07  2.9999992606E-01
  1.7847255442E-07  3.0000316942E-01
  1.8066531243E-07  3.0017193884E-01
  1.8263879464E-07  3.0256292468E-01
  1.8441492864E-07  3.1794104439E-01
  1.8601344923E-07  3.6514971302E-01
  1.8745211776E-07  4.4338931335E-01
  1.8874691944E-07  5.5291195817E-01
  1.8991224095E-07  7.4727629519E-01
  1.9096103031E-07  1.0364035726E+00
  1.9190494074E-07  1.3227342427E+00
  1.9275446012E-07  1.5382130840E+00
  1.9351902757E-07  1.6969471250E+00
  1.9420713827E-07  1.8250195373E+00
  1.9482643790E-07  1.9243090047E+00
  1.9538380756E-07  2.0014571984E+00
  1.9588544026E-07  2.0682857825E+00
  1.9633690969E-07  2.1230078128E+00
  1.9674323218E-07  2.1669424647E+00
  1.9710892242E-07  2.2070894158E+00
  1.9743804363E-07  2.2403836869E+00
  1.9773425272E-07  2.2677422568E+00
  1.9800084091E-07  2.2939316779E+00
  1.9824077027E-07  2.3148982756E+00
  1.9845670670E-07  2.3333235929E+00
  1.9865104949E-07  2.3509733303E+00
  1.9882595800E-07  2.3642665491E+00
  1.9898337565E-07  2.3780269437E+00
  1.9912505154E-07  2.3888583936E+00
  1.9925255985E-07  2.3990085572E+00
  1.9936731732E-07  2.4079883002E+00
  1.9947059904E-07  2.4157719459E+00
  1.9956355259E-07  2.4226846885E+00
  1.9964721079E-07  2.4296098085E+00
  1.9972250317E-07  2.4335309037E+00
  1.9979026631E-07  2.4418839307E+00
  1.9985125313E-07  2.4366306688E+00
  1.9990614128E-07  2.4820824627E+00
  1.9995554060E-07  2.3074188401E+00
  2.0000000000E-07  2.9682218987E+00
 BLOCKEND
 $ X-AXIS = DISTANCE      Y-AXIS = W(C)
 BLOCK X=C1; Y=C2;       GOC=C3,WAD;
  0.0000000000E+00  3.0000000000E-01 M
  5.0100033641E-09  3.0000000000E-01
  1.0020006728E-08  3.0000000000E-01
  1.5030010092E-08  3.0000000000E-01
  2.0040013456E-08  3.0000000000E-01
  2.9058019512E-08  3.0000000000E-01
  3.8076025567E-08  3.0000000000E-01
  4.6192231017E-08  3.0000000000E-01
  5.4308436466E-08  3.0000000000E-01
  6.1613021371E-08  3.0000000000E-01
  6.8917606276E-08  3.0000000000E-01
  7.5491732690E-08  3.0000000000E-01
  8.2065859105E-08  3.0000000000E-01
  8.7982572877E-08  3.0000000000E-01
  9.3899286650E-08  3.0000000000E-01
  9.9224329046E-08  3.0000000000E-01
  1.0454937144E-07  3.0000000000E-01
  1.0934190960E-07  2.9999999996E-01
  1.1413444775E-07  2.9999999956E-01
  1.2276101643E-07  3.0000000440E-01
  1.3052492825E-07  2.9999992711E-01
  1.3751244888E-07  3.0000244299E-01
  1.4380121745E-07  3.0019187775E-01
  1.4946110916E-07  3.0329163856E-01
  1.5455501170E-07  3.2661736068E-01
  1.5913952399E-07  4.1236590971E-01
  1.6326558504E-07  5.7282004164E-01
  1.6697903999E-07  7.5795191374E-01
  1.7032114945E-07  9.5114667188E-01
  1.7332904796E-07  1.1783523776E+00
  1.7603615662E-07  1.4136405939E+00
  1.7847255442E-07  1.6051663776E+00
  1.8066531243E-07  1.7453005740E+00
  1.8263879464E-07  1.8568007772E+00
  1.8441492864E-07  1.9484513713E+00
  1.8601344923E-07  2.0190658545E+00
  1.8745211776E-07  2.0774051597E+00
  1.8874691944E-07  2.1290500578E+00
  1.8991224095E-07  2.1705013698E+00
  1.9096103031E-07  2.2049457255E+00
  1.9190494074E-07  2.2371296437E+00
  1.9275446012E-07  2.2636658980E+00
  1.9351902757E-07  2.2853337642E+00
  1.9420713827E-07  2.3065505174E+00
  1.9482643790E-07  2.3243974323E+00
  1.9538380756E-07  2.3385203622E+00
  1.9588544026E-07  2.3530780630E+00
  1.9633690969E-07  2.3653742065E+00
  1.9674323218E-07  2.3747698232E+00
  1.9710892242E-07  2.3851697528E+00
  1.9743804363E-07  2.3935826571E+00
  1.9773425272E-07  2.3999981026E+00
  1.9800084091E-07  2.4077606372E+00
  1.9824077027E-07  2.4131328466E+00
  1.9845670670E-07  2.4180144751E+00
  1.9865104949E-07  2.4236977686E+00
  1.9882595800E-07  2.4267701533E+00
  1.9898337565E-07  2.4313836420E+00
  1.9912505154E-07  2.4342799064E+00
  1.9925255985E-07  2.4373970514E+00
  1.9936731732E-07  2.4401665357E+00
  1.9947059904E-07  2.4424620933E+00
  1.9956355259E-07  2.4445087911E+00
  1.9964721079E-07  2.4470861317E+00
  1.9972250317E-07  2.4472087469E+00
  1.9979026631E-07  2.4520319929E+00
  1.9985125313E-07  2.4440099882E+00
  1.9990614128E-07  2.4858892094E+00
  1.9995554060E-07  2.3106786617E+00
  2.0000000000E-07  2.9703848369E+00
 BLOCKEND
 $ X-AXIS = DISTANCE      Y-AXIS = W(C)
 BLOCK X=C1; Y=C2;       GOC=C3,WAD;
  0.0000000000E+00  3.0000000000E-01 M
  5.0100033641E-09  3.0000000000E-01
  1.0020006728E-08  3.0000000001E-01
  1.5030010092E-08  3.0000000002E-01
  2.0040013456E-08  3.0000000006E-01
  2.9058019512E-08  3.0000000046E-01
  3.8076025567E-08  3.0000000358E-01
  4.6192231017E-08  3.0000002114E-01
  5.4308436466E-08  3.0000012285E-01
  6.1613021371E-08  3.0000057183E-01
  6.8917606276E-08  3.0000262346E-01
  7.5491732690E-08  3.0001003499E-01
  8.2065859105E-08  3.0003789367E-01
  8.7982572877E-08  3.0012265279E-01
  9.3899286650E-08  3.0039159234E-01
  9.9224329046E-08  3.0109043895E-01
  1.0454937144E-07  3.0296548862E-01
  1.0934190960E-07  3.0702964597E-01
  1.1413444775E-07  3.1539253375E-01
  1.2276101643E-07  3.4949490662E-01
  1.3052492825E-07  4.0736488759E-01
  1.3751244888E-07  5.0856470727E-01
  1.4380121745E-07  7.1350447673E-01
  1.4946110916E-07  1.0106598522E+00
  1.5455501170E-07  1.2949705240E+00
  1.5913952399E-07  1.5070086036E+00
  1.6326558504E-07  1.6638272471E+00
  1.6697903999E-07  1.7909059499E+00
  1.7032114945E-07  1.8904977374E+00
  1.7332904796E-07  1.9672378097E+00
  1.7603615662E-07  2.0331555597E+00
  1.7847255442E-07  2.0890812473E+00
  1.8066531243E-07  2.1330961095E+00
  1.8263879464E-07  2.1717230162E+00
  1.8441492864E-07  2.2066651300E+00
  1.8601344923E-07  2.2343637005E+00
  1.8745211776E-07  2.2584257210E+00
  1.8874691944E-07  2.2815612507E+00
  1.8991224095E-07  2.3000658350E+00
  1.9096103031E-07  2.3155583647E+00
  1.9190494074E-07  2.3313984151E+00
  1.9275446012E-07  2.3442749777E+00
  1.9351902757E-07  2.3544363161E+00
  1.9420713827E-07  2.3655330760E+00
  1.9482643790E-07  2.3747165855E+00
  1.9538380756E-07  2.3814357574E+00
  1.9588544026E-07  2.3894076923E+00
  1.9633690969E-07  2.3959841284E+00
  1.9674323218E-07  2.4004294406E+00
  1.9710892242E-07  2.4063960274E+00
  1.9743804363E-07  2.4109313204E+00
  1.9773425272E-07  2.4139468014E+00
  1.9800084091E-07  2.4186576558E+00
  1.9824077027E-07  2.4213508490E+00
  1.9845670670E-07  2.4238505354E+00
  1.9865104949E-07  2.4274046374E+00
  1.9882595800E-07  2.4285917749E+00
  1.9898337565E-07  2.4315194043E+00
  1.9912505154E-07  2.4329123054E+00
  1.9925255985E-07  2.4346878465E+00
  1.9936731732E-07  2.4362587852E+00
  1.9947059904E-07  2.4374797475E+00
  1.9956355259E-07  2.4385699651E+00
  1.9964721079E-07  2.4402777665E+00
  1.9972250317E-07  2.4396727718E+00
  1.9979026631E-07  2.4436287954E+00
  1.9985125313E-07  2.4356066219E+00
  1.9990614128E-07  2.4751626268E+00
  1.9995554060E-07  2.3032819190E+00
  2.0000000000E-07  2.9616098970E+00
 BLOCKEND
 $ X-AXIS = DISTANCE      Y-AXIS = W(C)
 BLOCK X=C1; Y=C2;       GOC=C3,WAD;
  0.0000000000E+00  3.0003575472E-01 M
  5.0100033641E-09  3.0004285586E-01
  1.0020006728E-08  3.0006687190E-01
  1.5030010092E-08  3.0011691371E-01
  2.0040013456E-08  3.0021170554E-01
  2.9058019512E-08  3.0063958948E-01
  3.8076025567E-08  3.0191512408E-01
  4.6192231017E-08  3.0494824901E-01
  5.4308436466E-08  3.1214814553E-01
  6.1613021371E-08  3.2554626863E-01
  6.8917606276E-08  3.4970453396E-01
  7.5491732690E-08  3.8438574506E-01
  8.2065859105E-08  4.3632403511E-01
  8.7982572877E-08  5.0532058661E-01
  9.3899286650E-08  6.0540311809E-01
  9.9224329046E-08  7.2652310535E-01
  1.0454937144E-07  8.7115576484E-01
  1.0934190960E-07  1.0086566262E+00
  1.1413444775E-07  1.1365196024E+00
  1.2276101643E-07  1.3371034053E+00
  1.3052492825E-07  1.4966507550E+00
  1.3751244888E-07  1.6236839468E+00
  1.4380121745E-07  1.7177602454E+00
  1.4946110916E-07  1.7920775102E+00
  1.5455501170E-07  1.8562926307E+00
  1.5913952399E-07  1.9062887562E+00
  1.6326558504E-07  1.9455279450E+00
  1.6697903999E-07  1.9819727831E+00
  1.7032114945E-07  2.0122110067E+00
  1.7332904796E-07  2.0349132625E+00
  1.7603615662E-07  2.0568657740E+00
  1.7847255442E-07  2.0767855446E+00
  1.8066531243E-07  2.0908737707E+00
  1.8263879464E-07  2.1043843931E+00
  1.8441492864E-07  2.1182608418E+00
  1.8601344923E-07  2.1276378455E+00
  1.8745211776E-07  2.1359290511E+00
  1.8874691944E-07  2.1458987316E+00
  1.8991224095E-07  2.1525867384E+00
  1.9096103031E-07  2.1575692057E+00
  1.9190494074E-07  2.1648315255E+00
  1.9275446012E-07  2.1698708585E+00
  1.9351902757E-07  2.1727443720E+00
  1.9420713827E-07  2.1780982379E+00
  1.9482643790E-07  2.1819925290E+00
  1.9538380756E-07  2.1835165450E+00
  1.9588544026E-07  2.1876005905E+00
  1.9633690969E-07  2.1905341727E+00
  1.9674323218E-07  2.1911977515E+00
  1.9710892242E-07  2.1945688261E+00
  1.9743804363E-07  2.1964821759E+00
  1.9773425272E-07  2.1967395307E+00
  1.9800084091E-07  2.1997993766E+00
  1.9824077027E-07  2.2003972375E+00
  1.9845670670E-07  2.2010572461E+00
  1.9865104949E-07  2.2035110857E+00
  1.9882595800E-07  2.2028749085E+00
  1.9898337565E-07  2.2049536307E+00
  1.9912505154E-07  2.2050624395E+00
  1.9925255985E-07  2.2059094010E+00
  1.9936731732E-07  2.2066398860E+00
  1.9947059904E-07  2.2070165434E+00
  1.9956355259E-07  2.2073800631E+00
  1.9964721079E-07  2.2086204485E+00
  1.9972250317E-07  2.2071768532E+00
  1.9979026631E-07  2.2103584360E+00
  1.9985125313E-07  2.2041901085E+00
  1.9990614128E-07  2.2372234308E+00
  1.9995554060E-07  2.0784681862E+00
  2.0000000000E-07  2.7008363632E+00
 BLOCKEND
 $ X-AXIS = DISTANCE      Y-AXIS = W(C)
 BLOCK X=C1; Y=C2;       GOC=C3,WAD;
  0.0000000000E+00  8.1855827397E-01 M
  5.0100033641E-09  8.2099427132E-01
  1.0020006728E-08  8.2811111254E-01
  1.5030010092E-08  8.3942617731E-01
  2.0040013456E-08  8.5422896243E-01
  2.9058019512E-08  8.8778253073E-01
  3.8076025567E-08  9.2835830481E-01
  4.6192231017E-08  9.6933921599E-01
  5.4308436466E-08  1.0123604709E+00
  6.1613021371E-08  1.0502504284E+00
  6.8917606276E-08  1.0858493239E+00
  7.5491732690E-08  1.1164950621E+00
  8.2065859105E-08  1.1468225282E+00
  8.7982572877E-08  1.1733032051E+00
  9.3899286650E-08  1.1974725316E+00
  9.9224329046E-08  1.2170726184E+00
  1.0454937144E-07  1.2362111468E+00
  1.0934190960E-07  1.2539864464E+00
  1.1413444775E-07  1.2708567180E+00
  1.2276101643E-07  1.2946311412E+00
  1.3052492825E-07  1.3152048667E+00
  1.3751244888E-07  1.3370407359E+00
  1.4380121745E-07  1.3482451194E+00
  1.4946110916E-07  1.3566191953E+00
  1.5455501170E-07  1.3713174680E+00
  1.5913952399E-07  1.3783505747E+00
  1.6326558504E-07  1.3790388849E+00
  1.6697903999E-07  1.3875738960E+00
  1.7032114945E-07  1.3932478893E+00
  1.7332904796E-07  1.3898961507E+00
  1.7603615662E-07  1.3931869311E+00
  1.7847255442E-07  1.3984841817E+00
  1.8066531243E-07  1.3938038805E+00
  1.8263879464E-07  1.3929518427E+00
  1.8441492864E-07  1.3980925218E+00
  1.8601344923E-07  1.3939772726E+00
  1.8745211776E-07  1.3902159758E+00
  1.8874691944E-07  1.3950129408E+00
  1.8991224095E-07  1.3924175743E+00
  1.9096103031E-07  1.3869282938E+00
  1.9190494074E-07  1.3911424640E+00
  1.9275446012E-07  1.3901974842E+00
  1.9351902757E-07  1.3839336680E+00
  1.9420713827E-07  1.3875761870E+00
  1.9482643790E-07  1.3878335411E+00
  1.9538380756E-07  1.3814068601E+00
  1.9588544026E-07  1.3848641476E+00
  1.9633690969E-07  1.3854911929E+00
  1.9674323218E-07  1.3792840128E+00
  1.9710892242E-07  1.3832687783E+00
  1.9743804363E-07  1.3830027354E+00
  1.9773425272E-07  1.3776861352E+00
  1.9800084091E-07  1.3827604543E+00
  1.9824077027E-07  1.3798099125E+00
  1.9845670670E-07  1.3775798770E+00
  1.9865104949E-07  1.3821104460E+00
  1.9882595800E-07  1.3761837409E+00
  1.9898337565E-07  1.3801938618E+00
  1.9912505154E-07  1.3775882705E+00
  1.9925255985E-07  1.3778905406E+00
  1.9936731732E-07  1.3780570690E+00
  1.9947059904E-07  1.3771927123E+00
  1.9956355259E-07  1.3765833152E+00
  1.9964721079E-07  1.3789451333E+00
  1.9972250317E-07  1.3733709864E+00
  1.9979026631E-07  1.3783409310E+00
  1.9985125313E-07  1.3760995016E+00
  1.9990614128E-07  1.4031412704E+00
  1.9995554060E-07  1.2336525727E+00
  2.0000000000E-07  1.7437391145E+00
 BLOCKEND
 $ X-AXIS = DISTANCE      Y-AXIS = W(C)
 BLOCK X=C1; Y=C2;       GOC=C3,WAD;
  0.0000000000E+00  1.1734985900E+00 M
  5.0100033641E-09  1.1735741660E+00
  1.0020006728E-08  1.1737644483E+00
  1.5030010092E-08  1.1739747438E+00
  2.0040013456E-08  1.1740916413E+00
  2.9058019512E-08  1.1739054523E+00
  3.8076025567E-08  1.1735205742E+00
  4.6192231017E-08  1.1736747240E+00
  5.4308436466E-08  1.1743581513E+00
  6.1613021371E-08  1.1745866160E+00
  6.8917606276E-08  1.1738436236E+00
  7.5491732690E-08  1.1730266271E+00
  8.2065859105E-08  1.1731595119E+00
  8.7982572877E-08  1.1738164101E+00
  9.3899286650E-08  1.1736081853E+00
  9.9224329046E-08  1.1724373868E+00
  1.0454937144E-07  1.1719122777E+00
  1.0934190960E-07  1.1730821713E+00
  1.1413444775E-07  1.1744112163E+00
  1.2276101643E-07  1.1719766074E+00
  1.3052492825E-07  1.1715650525E+00
  1.3751244888E-07  1.1778854201E+00
  1.4380121745E-07  1.1753977173E+00
  1.4946110916E-07  1.1728094598E+00
  1.5455501170E-07  1.1814765071E+00
  1.5913952399E-07  1.1825830675E+00
  1.6326558504E-07  1.1772151806E+00
  1.6697903999E-07  1.1840719813E+00
  1.7032114945E-07  1.1883735377E+00
  1.7332904796E-07  1.1813568740E+00
  1.7603615662E-07  1.1842209053E+00
  1.7847255442E-07  1.1904329134E+00
  1.8066531243E-07  1.1833217519E+00
  1.8263879464E-07  1.1817984741E+00
  1.8441492864E-07  1.1887736080E+00
  1.8601344923E-07  1.1830850041E+00
  1.8745211776E-07  1.1779724841E+00
  1.8874691944E-07  1.1847711597E+00
  1.8991224095E-07  1.1813495511E+00
  1.9096103031E-07  1.1739166719E+00
  1.9190494074E-07  1.1799474399E+00
  1.9275446012E-07  1.1788066017E+00
  1.9351902757E-07  1.1702595239E+00
  1.9420713827E-07  1.1754623733E+00
  1.9482643790E-07  1.1759429008E+00
  1.9538380756E-07  1.1671052229E+00
  1.9588544026E-07  1.1720086652E+00
  1.9633690969E-07  1.1729593004E+00
  1.9674323218E-07  1.1643750964E+00
  1.9710892242E-07  1.1699818756E+00
  1.9743804363E-07  1.1696567931E+00
  1.9773425272E-07  1.1622784229E+00
  1.9800084091E-07  1.1693875168E+00
  1.9824077027E-07  1.1652953925E+00
  1.9845670670E-07  1.1622016977E+00
  1.9865104949E-07  1.1685461669E+00
  1.9882595800E-07  1.1602776003E+00
  1.9898337565E-07  1.1658945071E+00
  1.9912505154E-07  1.1622595083E+00
  1.9925255985E-07  1.1626895183E+00
  1.9936731732E-07  1.1629287549E+00
  1.9947059904E-07  1.1617212396E+00
  1.9956355259E-07  1.1608782144E+00
  1.9964721079E-07  1.1641600776E+00
  1.9972250317E-07  1.1568462741E+00
  1.9979026631E-07  1.1649895157E+00
  1.9985125313E-07  1.1722977875E+00
  1.9990614128E-07  1.2104138576E+00
  1.9995554060E-07  1.0692415872E+00
  2.0000000000E-07  1.6596356788E+00
 BLOCKEND
 $ X-AXIS = DISTANCE      Y-AXIS = W(C)
 BLOCK X=C1; Y=C2;       GOC=C3,WAD;
  0.0000000000E+00  1.1735605906E+00 M
  5.0100033641E-09  1.1736356695E+00
  1.0020006728E-08  1.1738246546E+00
  1.5030010092E-08  1.1740333404E+00
  2.0040013456E-08  1.1741488514E+00
  2.9058019512E-08  1.1739612874E+00
  3.8076025567E-08  1.1735749717E+00
  4.6192231017E-08  1.1737257315E+00
  5.4308436466E-08  1.1744048603E+00
  6.1613021371E-08  1.1746319101E+00
  6.8917606276E-08  1.1738907667E+00
  7.5491732690E-08  1.1730752712E+00
  8.2065859105E-08  1.1732062816E+00
  8.7982572877E-08  1.1738588575E+00
  9.3899286650E-08  1.1736455692E+00
  9.9224329046E-08  1.1724686338E+00
  1.0454937144E-07  1.1719333812E+00
  1.0934190960E-07  1.1730898127E+00
  1.1413444775E-07  1.1744034747E+00
  1.2276101643E-07  1.1719397099E+00
  1.3052492825E-07  1.1714911745E+00
  1.3751244888E-07  1.1777720640E+00
  1.4380121745E-07  1.1752588936E+00
  1.4946110916E-07  1.1726531189E+00
  1.5455501170E-07  1.1813092556E+00
  1.5913952399E-07  1.1824194016E+00
  1.6326558504E-07  1.1770681729E+00
  1.6697903999E-07  1.1839508705E+00
  1.7032114945E-07  1.1882874175E+00
  1.7332904796E-07  1.1813141694E+00
  1.7603615662E-07  1.1842255963E+00
  1.7847255442E-07  1.1904870873E+00
  1.8066531243E-07  1.1834298001E+00
  1.8263879464E-07  1.1819592532E+00
  1.8441492864E-07  1.1889827021E+00
  1.8601344923E-07  1.1833455820E+00
  1.8745211776E-07  1.1782822053E+00
  1.8874691944E-07  1.1851204857E+00
  1.8991224095E-07  1.1817414369E+00
  1.9096103031E-07  1.1743509647E+00
  1.9190494074E-07  1.1804108470E+00
  1.9275446012E-07  1.1793021908E+00
  1.9351902757E-07  1.1707915699E+00
  1.9420713827E-07  1.1760151716E+00
  1.9482643790E-07  1.1765184310E+00
  1.9538380756E-07  1.1677093890E+00
  1.9588544026E-07  1.1726269899E+00
  1.9633690969E-07  1.1735937768E+00
  1.9674323218E-07  1.1650322185E+00
  1.9710892242E-07  1.1706476295E+00
  1.9743804363E-07  1.1703351023E+00
  1.9773425272E-07  1.1629738049E+00
  1.9800084091E-07  1.1700869986E+00
  1.9824077027E-07  1.1660068008E+00
  1.9845670670E-07  1.1629239126E+00
  1.9865104949E-07  1.1692698332E+00
  1.9882595800E-07  1.1610151600E+00
  1.9898337565E-07  1.1666321711E+00
  1.9912505154E-07  1.1630062560E+00
  1.9925255985E-07  1.1634402135E+00
  1.9936731732E-07  1.1636828297E+00
  1.9947059904E-07  1.1624948942E+00
  1.9956355259E-07  1.1618118232E+00
  1.9964721079E-07  1.1658316015E+00
  1.9972250317E-07  1.1606091524E+00
  1.9979026631E-07  1.1732050855E+00
  1.9985125313E-07  1.1837090014E+00
  1.9990614128E-07  1.2194381240E+00
  1.9995554060E-07  1.1274322192E+00
  2.0000000000E-07  1.6777459372E+00
 BLOCKEND
