
 Phase Region for:
     BCC_A2                        
 col-1=T_CELSIU, col-2=T, col-3=DT(BCC_A2,C),
   8.00000E+02   1.07315E+03   4.40697E-10
   7.90000E+02   1.06315E+03   4.12206E-10
   7.80000E+02   1.05315E+03   3.85068E-10
   7.70000E+02   1.04315E+03   3.59247E-10
   7.60000E+02   1.03315E+03   3.34708E-10
   7.50000E+02   1.02315E+03   3.11414E-10
   7.40000E+02   1.01315E+03   2.89328E-10
   7.30000E+02   1.00315E+03   2.68416E-10
   7.20000E+02   9.93150E+02   2.48638E-10
   7.10000E+02   9.83150E+02   2.29960E-10
   7.00000E+02   9.73150E+02   2.12344E-10
   6.90000E+02   9.63150E+02   1.95753E-10
   6.80000E+02   9.53150E+02   1.80150E-10
   6.70000E+02   9.43150E+02   1.65500E-10
   6.60000E+02   9.33150E+02   1.51764E-10
   6.50000E+02   9.23150E+02   1.38908E-10
   6.40000E+02   9.13150E+02   1.26894E-10
   6.30000E+02   9.03150E+02   1.15688E-10
   6.20000E+02   8.93150E+02   1.05253E-10
   6.10000E+02   8.83150E+02   9.55543E-11
   6.00000E+02   8.73150E+02   8.65576E-11
   5.90000E+02   8.63150E+02   7.82285E-11
   5.80000E+02   8.53150E+02   7.05334E-11
   5.70000E+02   8.43150E+02   6.34392E-11
   5.60000E+02   8.33150E+02   5.69136E-11
   5.50000E+02   8.23150E+02   5.09247E-11
   5.40000E+02   8.13150E+02   4.54416E-11
   5.30000E+02   8.03150E+02   4.04339E-11
   5.20000E+02   7.93150E+02   3.58724E-11
   5.10000E+02   7.83150E+02   3.17283E-11
   5.00000E+02   7.73150E+02   2.79740E-11
   4.90000E+02   7.63150E+02   2.45826E-11
   4.80000E+02   7.53150E+02   2.15284E-11
   4.70000E+02   7.43150E+02   1.87865E-11
   4.60000E+02   7.33150E+02   1.63329E-11
   4.50000E+02   7.23150E+02   1.41450E-11
   4.40000E+02   7.13150E+02   1.22008E-11
   4.30000E+02   7.03150E+02   1.04797E-11
   4.20000E+02   6.93150E+02   8.96195E-12
   4.10000E+02   6.83150E+02   7.62900E-12
   4.00000E+02   6.73150E+02   6.46331E-12
