 PROLOGUE 1
 XSCALE        0.00000          0.600000E-06
 YSCALE       0.204920E-02      0.300000    
 XTEXT DISTANCE
 YTEXT WEIGHT-PERCENT C
 XTYPE LINEAR
 YTYPE LINEAR
 XLENGTH        11.5000    
 YLENGTH        11.5000    
 TITLE   
 DATASET 1
 CLIP OFF
    0.00000    1.12000 NAM' TIME = 0,.01,.1,.3,1,3,10,30
 1.05 1.05 MNA' CELL #   1
 CLIP ON
 $ X-AXIS = DISTANCE      Y-AXIS = W(C)
 BLOCK X=C1; Y=C2;       GOC=C3,WAD;
  0.0000000000E+00  3.0000000000E-01 M
  1.0169491525E-08  3.0000000000E-01
  2.0338983051E-08  3.0000000000E-01
  3.0508474576E-08  3.0000000000E-01
  4.0677966102E-08  3.0000000000E-01
  5.0847457627E-08  3.0000000000E-01
  6.1016949153E-08  3.0000000000E-01
  7.1186440678E-08  3.0000000000E-01
  8.1355932203E-08  3.0000000000E-01
  9.1525423729E-08  3.0000000000E-01
  1.0169491525E-07  3.0000000000E-01
  1.1186440678E-07  3.0000000000E-01
  1.2203389831E-07  3.0000000000E-01
  1.3220338983E-07  3.0000000000E-01
  1.4237288136E-07  3.0000000000E-01
  1.5254237288E-07  3.0000000000E-01
  1.6271186441E-07  3.0000000000E-01
  1.7288135593E-07  3.0000000000E-01
  1.8305084746E-07  3.0000000000E-01
  1.9322033898E-07  3.0000000000E-01
  2.0338983051E-07  3.0000000000E-01
  2.1355932203E-07  3.0000000000E-01
  2.2372881356E-07  3.0000000000E-01
  2.3389830508E-07  3.0000000000E-01
  2.4406779661E-07  3.0000000000E-01
  2.5423728814E-07  3.0000000000E-01
  2.6440677966E-07  3.0000000000E-01
  2.7457627119E-07  3.0000000000E-01
  2.8474576271E-07  3.0000000000E-01
  2.9491525424E-07  3.0000000000E-01
  3.0508474576E-07  3.0000000000E-01
  3.1525423729E-07  3.0000000000E-01
  3.2542372881E-07  3.0000000000E-01
  3.3559322034E-07  3.0000000000E-01
  3.4576271186E-07  3.0000000000E-01
  3.5593220339E-07  3.0000000000E-01
  3.6610169492E-07  3.0000000000E-01
  3.7627118644E-07  3.0000000000E-01
  3.8644067797E-07  3.0000000000E-01
  3.9661016949E-07  3.0000000000E-01
  4.0677966102E-07  3.0000000000E-01
  4.1694915254E-07  3.0000000000E-01
  4.2711864407E-07  3.0000000000E-01
  4.3728813559E-07  3.0000000000E-01
  4.4745762712E-07  3.0000000000E-01
  4.5762711864E-07  3.0000000000E-01
  4.6779661017E-07  3.0000000000E-01
  4.7796610169E-07  3.0000000000E-01
  4.8813559322E-07  3.0000000000E-01
  4.9830508475E-07  3.0000000000E-01
  5.0847457627E-07  3.0000000000E-01
  5.1864406780E-07  3.0000000000E-01
  5.2881355932E-07  3.0000000000E-01
  5.3898305085E-07  3.0000000000E-01
  5.4915254237E-07  3.0000000000E-01
  5.5932203390E-07  3.0000000000E-01
  5.6949152542E-07  3.0000000000E-01
  5.7966101695E-07  3.0000000000E-01
  5.8983050847E-07  3.0000000000E-01
  6.0000000000E-07  3.0000000000E-01
 BLOCKEND
 $ X-AXIS = DISTANCE      Y-AXIS = W(C)
 BLOCK X=C1; Y=C2;       GOC=C3,WAD;
  0.0000000000E+00  2.9567682007E-01 M
  1.0169491525E-08  2.9565130916E-01
  2.0338983051E-08  2.9557454689E-01
  3.0508474576E-08  2.9544584231E-01
  4.0677966102E-08  2.9526403945E-01
  5.0847457627E-08  2.9502751091E-01
  6.1016949153E-08  2.9473414765E-01
  7.1186440678E-08  2.9438134810E-01
  8.1355932203E-08  2.9396600465E-01
  9.1525423729E-08  2.9348448817E-01
  1.0169491525E-07  2.9293263123E-01
  1.1186440678E-07  2.9230571301E-01
  1.2203389831E-07  2.9159844417E-01
  1.3220338983E-07  2.9080495128E-01
  1.4237288136E-07  2.8991876514E-01
  1.5254237288E-07  2.8893281248E-01
  1.6271186441E-07  2.8783941238E-01
  1.7288135593E-07  2.8663027849E-01
  1.8305084746E-07  2.8529652827E-01
  1.9322033898E-07  2.8382869997E-01
  2.0338983051E-07  2.8221677800E-01
  2.1355932203E-07  2.8045022721E-01
  2.2372881356E-07  2.7851803597E-01
  2.3389830508E-07  2.7640876805E-01
  2.4406779661E-07  2.7411062266E-01
  2.5423728814E-07  2.7161150226E-01
  2.6440677966E-07  2.6889908803E-01
  2.7457627119E-07  2.6596092321E-01
  2.8474576271E-07  2.6278450485E-01
  2.9491525424E-07  2.5935738574E-01
  3.0508474576E-07  2.5566728768E-01
  3.1525423729E-07  2.5170222714E-01
  3.2542372881E-07  2.4745065307E-01
  3.3559322034E-07  2.4290159373E-01
  3.4576271186E-07  2.3804480636E-01
  3.5593220339E-07  2.3287092136E-01
  3.6610169492E-07  2.2737157303E-01
  3.7627118644E-07  2.2153951529E-01
  3.8644067797E-07  2.1536873114E-01
  3.9661016949E-07  2.0885455528E-01
  4.0677966102E-07  2.0199382989E-01
  4.1694915254E-07  1.9478508993E-01
  4.2711864407E-07  1.8722872735E-01
  4.3728813559E-07  1.7932705157E-01
  4.4745762712E-07  1.7108422247E-01
  4.5762711864E-07  1.6250621062E-01
  4.6779661017E-07  1.5360108706E-01
  4.7796610169E-07  1.4437944381E-01
  4.8813559322E-07  1.3485377047E-01
  4.9830508475E-07  1.2503788628E-01
  5.0847457627E-07  1.1494852928E-01
  5.1864406780E-07  1.0460442207E-01
  5.2881355932E-07  9.4025061594E-02
  5.3898305085E-07  8.3233432722E-02
  5.4915254237E-07  7.2253107577E-02
  5.5932203390E-07  6.1115293677E-02
  5.6949152542E-07  4.9832375401E-02
  5.7966101695E-07  3.8435728724E-02
  5.8983050847E-07  2.6958136450E-02
  6.0000000000E-07  1.5457829090E-02
 BLOCKEND
 $ X-AXIS = DISTANCE      Y-AXIS = W(C)
 BLOCK X=C1; Y=C2;       GOC=C3,WAD;
  0.0000000000E+00  1.0106321359E-01 M
  1.0169491525E-08  1.0103254518E-01
  2.0338983051E-08  1.0094055917E-01
  3.0508474576E-08  1.0078731363E-01
  4.0677966102E-08  1.0057290571E-01
  5.0847457627E-08  1.0029747186E-01
  6.1016949153E-08  9.9961188087E-02
  7.1186440678E-08  9.9564270277E-02
  8.1355932203E-08  9.9106974403E-02
  9.1525423729E-08  9.8589596689E-02
  1.0169491525E-07  9.8012473607E-02
  1.1186440678E-07  9.7375981618E-02
  1.2203389831E-07  9.6680536636E-02
  1.3220338983E-07  9.5926593336E-02
  1.4237288136E-07  9.5114644313E-02
  1.5254237288E-07  9.4245219117E-02
  1.6271186441E-07  9.3318883271E-02
  1.7288135593E-07  9.2336237503E-02
  1.8305084746E-07  9.1297917427E-02
  1.9322033898E-07  9.0204593617E-02
  2.0338983051E-07  8.9056972154E-02
  2.1355932203E-07  8.7855795650E-02
  2.2372881356E-07  8.6601844482E-02
  2.3389830508E-07  8.5295937973E-02
  2.4406779661E-07  8.3938934921E-02
  2.5423728814E-07  8.2531732917E-02
  2.6440677966E-07  8.1075266287E-02
  2.7457627119E-07  7.9570502560E-02
  2.8474576271E-07  7.8018437879E-02
  2.9491525424E-07  7.6420092730E-02
  3.0508474576E-07  7.4776509460E-02
  3.1525423729E-07  7.3088753091E-02
  3.2542372881E-07  7.1357916682E-02
  3.3559322034E-07  6.9585130218E-02
  3.4576271186E-07  6.7771569630E-02
  3.5593220339E-07  6.5918460329E-02
  3.6610169492E-07  6.4027069237E-02
  3.7627118644E-07  6.2098684003E-02
  3.8644067797E-07  6.0134587197E-02
  3.9661016949E-07  5.8136043528E-02
  4.0677966102E-07  5.6104321231E-02
  4.1694915254E-07  5.4040749602E-02
  4.2711864407E-07  5.1946770970E-02
  4.3728813559E-07  4.9823911305E-02
  4.4745762712E-07  4.7673642012E-02
  4.5762711864E-07  4.5497274705E-02
  4.6779661017E-07  4.3296189109E-02
  4.7796610169E-07  4.1072222513E-02
  4.8813559322E-07  3.8827060057E-02
  4.9830508475E-07  3.6561679650E-02
  5.0847457627E-07  3.4277947021E-02
  5.1864406780E-07  3.1977743152E-02
  5.2881355932E-07  2.9661833649E-02
  5.3898305085E-07  2.7332650743E-02
  5.4915254237E-07  2.4991536859E-02
  5.5932203390E-07  2.2646122028E-02
  5.6949152542E-07  2.0284104990E-02
  5.7966101695E-07  1.7910277008E-02
  5.8983050847E-07  1.5529050131E-02
  6.0000000000E-07  1.3169834636E-02
 BLOCKEND
 $ X-AXIS = DISTANCE      Y-AXIS = W(C)
 BLOCK X=C1; Y=C2;       GOC=C3,WAD;
  0.0000000000E+00  1.6303044543E-02 M
  1.0169491525E-08  1.6300158125E-02
  2.0338983051E-08  1.6291499947E-02
  3.0508474576E-08  1.6277073278E-02
  4.0677966102E-08  1.6256883737E-02
  5.0847457627E-08  1.6230939629E-02
  6.1016949153E-08  1.6199252327E-02
  7.1186440678E-08  1.6161836590E-02
  8.1355932203E-08  1.6118710867E-02
  9.1525423729E-08  1.6069897558E-02
  1.0169491525E-07  1.6015423136E-02
  1.1186440678E-07  1.5955318045E-02
  1.2203389831E-07  1.5889616343E-02
  1.3220338983E-07  1.5818355213E-02
  1.4237288136E-07  1.5741574350E-02
  1.5254237288E-07  1.5659315230E-02
  1.6271186441E-07  1.5571620374E-02
  1.7288135593E-07  1.5478532828E-02
  1.8305084746E-07  1.5380096081E-02
  1.9322033898E-07  1.5276354393E-02
  2.0338983051E-07  1.5167353589E-02
  2.1355932203E-07  1.5053142334E-02
  2.2372881356E-07  1.4933773666E-02
  2.3389830508E-07  1.4809306495E-02
  2.4406779661E-07  1.4679806506E-02
  2.5423728814E-07  1.4545345911E-02
  2.6440677966E-07  1.4406001871E-02
  2.7457627119E-07  1.4261853486E-02
  2.8474576271E-07  1.4112977734E-02
  2.9491525424E-07  1.3959445706E-02
  3.0508474576E-07  1.3801320594E-02
  3.1525423729E-07  1.3638658915E-02
  3.2542372881E-07  1.3471516255E-02
  3.3559322034E-07  1.3299956557E-02
  3.4576271186E-07  1.3124061620E-02
  3.5593220339E-07  1.2943935274E-02
  3.6610169492E-07  1.2759696165E-02
  3.7627118644E-07  1.2571457815E-02
  3.8644067797E-07  1.2379303585E-02
  3.9661016949E-07  1.2183274483E-02
  4.0677966102E-07  1.1983390954E-02
  4.1694915254E-07  1.1779710870E-02
  4.2711864407E-07  1.1572382241E-02
  4.3728813559E-07  1.1361614923E-02
  4.4745762712E-07  1.1147543503E-02
  4.5762711864E-07  1.0930122751E-02
  4.6779661017E-07  1.0709356511E-02
  4.7796610169E-07  1.0485689361E-02
  4.8813559322E-07  1.0259397566E-02
  4.9830508475E-07  1.0030033987E-02
  5.0847457627E-07  9.7980274144E-03
  5.1864406780E-07  9.5638091416E-03
  5.2881355932E-07  9.3266815752E-03
  5.3898305085E-07  9.0876062140E-03
  5.4915254237E-07  8.8464438825E-03
  5.5932203390E-07  8.6093611061E-03
  5.6949152542E-07  8.3625772627E-03
  5.7966101695E-07  8.1093824406E-03
  5.8983050847E-07  7.8526261502E-03
  6.0000000000E-07  7.6201968542E-03
 BLOCKEND
 $ X-AXIS = DISTANCE      Y-AXIS = W(C)
 BLOCK X=C1; Y=C2;       GOC=C3,WAD;
  0.0000000000E+00  4.2069671051E-03 M
  1.0169491525E-08  4.2069754465E-03
  2.0338983051E-08  4.2069999058E-03
  3.0508474576E-08  4.2070388381E-03
  4.0677966102E-08  4.2070896679E-03
  5.0847457627E-08  4.2071492089E-03
  6.1016949153E-08  4.2072140491E-03
  7.1186440678E-08  4.2072808660E-03
  8.1355932203E-08  4.2073467280E-03
  9.1525423729E-08  4.2074093509E-03
  1.0169491525E-07  4.2074672298E-03
  1.1186440678E-07  4.2075195432E-03
  1.2203389831E-07  4.2075658103E-03
  1.3220338983E-07  4.2076054178E-03
  1.4237288136E-07  4.2076370254E-03
  1.5254237288E-07  4.2076578482E-03
  1.6271186441E-07  4.2076629339E-03
  1.7288135593E-07  4.2076446502E-03
  1.8305084746E-07  4.2075926006E-03
  1.9322033898E-07  4.2074939432E-03
  2.0338983051E-07  4.2073341640E-03
  2.1355932203E-07  4.2070983413E-03
  2.2372881356E-07  4.2067726499E-03
  2.3389830508E-07  4.2063458557E-03
  2.4406779661E-07  4.2058102146E-03
  2.5423728814E-07  4.2051612366E-03
  2.6440677966E-07  4.2043961376E-03
  2.7457627119E-07  4.2035108581E-03
  2.8474576271E-07  4.2024960324E-03
  2.9491525424E-07  4.2013332366E-03
  3.0508474576E-07  4.1999929544E-03
  3.1525423729E-07  4.1984357516E-03
  3.2542372881E-07  4.1966179365E-03
  3.3559322034E-07  4.1945007637E-03
  3.4576271186E-07  4.1920598678E-03
  3.5593220339E-07  4.1892894186E-03
  3.6610169492E-07  4.1861949494E-03
  3.7627118644E-07  4.1827734860E-03
  3.8644067797E-07  4.1789885379E-03
  3.9661016949E-07  4.1747578345E-03
  4.0677966102E-07  4.1699749335E-03
  4.1694915254E-07  4.1645669847E-03
  4.2711864407E-07  4.1585473473E-03
  4.3728813559E-07  4.1519874030E-03
  4.4745762712E-07  4.1448796103E-03
  4.5762711864E-07  4.1370328928E-03
  4.6779661017E-07  4.1283012876E-03
  4.7796610169E-07  4.1189757618E-03
  4.8813559322E-07  4.1091754780E-03
  4.9830508475E-07  4.0982925248E-03
  5.0847457627E-07  4.0865914199E-03
  5.1864406780E-07  4.0743355355E-03
  5.2881355932E-07  4.0606553294E-03
  5.3898305085E-07  4.0463370266E-03
  5.4915254237E-07  4.0310622052E-03
  5.5932203390E-07  4.0208230106E-03
  5.6949152542E-07  4.0016588816E-03
  5.7966101695E-07  3.9766679890E-03
  5.8983050847E-07  3.9484846831E-03
  6.0000000000E-07  3.9448000918E-03
 BLOCKEND
 $ X-AXIS = DISTANCE      Y-AXIS = W(C)
 BLOCK X=C1; Y=C2;       GOC=C3,WAD;
  0.0000000000E+00  2.7294966089E-03 M
  1.0169491525E-08  2.7295483130E-03
  2.0338983051E-08  2.7297029150E-03
  3.0508474576E-08  2.7299589320E-03
  4.0677966102E-08  2.7303140572E-03
  5.0847457627E-08  2.7307654774E-03
  6.1016949153E-08  2.7313102550E-03
  7.1186440678E-08  2.7319456397E-03
  8.1355932203E-08  2.7326693684E-03
  9.1525423729E-08  2.7334799175E-03
  1.0169491525E-07  2.7343766342E-03
  1.1186440678E-07  2.7353596387E-03
  1.2203389831E-07  2.7364294819E-03
  1.3220338983E-07  2.7375866705E-03
  1.4237288136E-07  2.7388310738E-03
  1.5254237288E-07  2.7401612042E-03
  1.6271186441E-07  2.7415734921E-03
  1.7288135593E-07  2.7430617687E-03
  1.8305084746E-07  2.7446171754E-03
  1.9322033898E-07  2.7462284725E-03
  2.0338983051E-07  2.7478828010E-03
  2.1355932203E-07  2.7495669345E-03
  2.2372881356E-07  2.7512687687E-03
  2.3389830508E-07  2.7529788049E-03
  2.4406779661E-07  2.7546910380E-03
  2.5423728814E-07  2.7564027142E-03
  2.6440677966E-07  2.7581127781E-03
  2.7457627119E-07  2.7598188887E-03
  2.8474576271E-07  2.7615133836E-03
  2.9491525424E-07  2.7631795166E-03
  3.0508474576E-07  2.7647894066E-03
  3.1525423729E-07  2.7663051827E-03
  3.2542372881E-07  2.7676846093E-03
  3.3559322034E-07  2.7688902496E-03
  3.4576271186E-07  2.7698988659E-03
  3.5593220339E-07  2.7707055520E-03
  3.6610169492E-07  2.7713165535E-03
  3.7627118644E-07  2.7717293957E-03
  3.8644067797E-07  2.7719078617E-03
  3.9661016949E-07  2.7717696902E-03
  4.0677966102E-07  2.7712081083E-03
  4.1694915254E-07  2.7701495110E-03
  4.2711864407E-07  2.7686060248E-03
  4.3728813559E-07  2.7666473232E-03
  4.4745762712E-07  2.7642637009E-03
  4.5762711864E-07  2.7612614165E-03
  4.6779661017E-07  2.7574912325E-03
  4.7796610169E-07  2.7532402243E-03
  4.8813559322E-07  2.7486231144E-03
  4.9830508475E-07  2.7430269220E-03
  5.0847457627E-07  2.7367104297E-03
  5.1864406780E-07  2.7299305561E-03
  5.2881355932E-07  2.7218104468E-03
  5.3898305085E-07  2.7131282736E-03
  5.4915254237E-07  2.7035566212E-03
  5.5932203390E-07  2.6990799762E-03
  5.6949152542E-07  2.6857282043E-03
  5.7966101695E-07  2.6665871111E-03
  5.8983050847E-07  2.6442728051E-03
  6.0000000000E-07  2.6464637296E-03
 BLOCKEND
 $ X-AXIS = DISTANCE      Y-AXIS = W(C)
 BLOCK X=C1; Y=C2;       GOC=C3,WAD;
  0.0000000000E+00  2.0894401788E-03 M
  1.0169491525E-08  2.0895019853E-03
  2.0338983051E-08  2.0896869203E-03
  3.0508474576E-08  2.0899935803E-03
  4.0677966102E-08  2.0904197893E-03
  5.0847457627E-08  2.0909629160E-03
  6.1016949153E-08  2.0916202549E-03
  7.1186440678E-08  2.0923893362E-03
  8.1355932203E-08  2.0932682250E-03
  9.1525423729E-08  2.0942557725E-03
  1.0169491525E-07  2.0953517471E-03
  1.1186440678E-07  2.0965567359E-03
  1.2203389831E-07  2.0978718026E-03
  1.3220338983E-07  2.0992980132E-03
  1.4237288136E-07  2.1008358425E-03
  1.5254237288E-07  2.1024844550E-03
  1.6271186441E-07  2.1042409787E-03
  1.7288135593E-07  2.1060999869E-03
  1.8305084746E-07  2.1080534045E-03
  1.9322033898E-07  2.1100908133E-03
  2.0338983051E-07  2.1122002092E-03
  2.1355932203E-07  2.1143692483E-03
  2.2372881356E-07  2.1165867321E-03
  2.3389830508E-07  2.1188440849E-03
  2.4406779661E-07  2.1211362385E-03
  2.5423728814E-07  2.1234613876E-03
  2.6440677966E-07  2.1258194351E-03
  2.7457627119E-07  2.1282090076E-03
  2.8474576271E-07  2.1306234181E-03
  2.9491525424E-07  2.1330469000E-03
  3.0508474576E-07  2.1354525478E-03
  3.1525423729E-07  2.1378034513E-03
  3.2542372881E-07  2.1400583044E-03
  3.3559322034E-07  2.1421805524E-03
  3.4576271186E-07  2.1441477768E-03
  3.5593220339E-07  2.1459558189E-03
  3.6610169492E-07  2.1476115966E-03
  3.7627118644E-07  2.1491132322E-03
  3.8644067797E-07  2.1504250256E-03
  3.9661016949E-07  2.1514651338E-03
  4.0677966102E-07  2.1521270719E-03
  4.1694915254E-07  2.1523373544E-03
  4.2711864407E-07  2.1521080358E-03
  4.3728813559E-07  2.1515085259E-03
  4.4745762712E-07  2.1505286731E-03
  4.5762711864E-07  2.1489740866E-03
  4.6779661017E-07  2.1466946270E-03
  4.7796610169E-07  2.1439762117E-03
  4.8813559322E-07  2.1409321787E-03
  4.9830508475E-07  2.1369478987E-03
  5.0847457627E-07  2.1322802250E-03
  5.1864406780E-07  2.1271838414E-03
  5.2881355932E-07  2.1207792872E-03
  5.3898305085E-07  2.1138418104E-03
  5.4915254237E-07  2.1060406605E-03
  5.5932203390E-07  2.1033575931E-03
  5.6949152542E-07  2.0918188695E-03
  5.7966101695E-07  2.0745054740E-03
  5.8983050847E-07  2.0540260875E-03
  6.0000000000E-07  2.0580542222E-03
 BLOCKEND
 $ X-AXIS = DISTANCE      Y-AXIS = W(C)
 BLOCK X=C1; Y=C2;       GOC=C3,WAD;
  0.0000000000E+00  2.0491962999E-03 M
  1.0169491525E-08  2.0492610726E-03
  2.0338983051E-08  2.0494549451E-03
  3.0508474576E-08  2.0497766297E-03
  4.0677966102E-08  2.0502241428E-03
  5.0847457627E-08  2.0507951205E-03
  6.1016949153E-08  2.0514871983E-03
  7.1186440678E-08  2.0522983201E-03
  8.1355932203E-08  2.0532270349E-03
  9.1525423729E-08  2.0542727481E-03
  1.0169491525E-07  2.0554358514E-03
  1.1186440678E-07  2.0567176248E-03
  1.2203389831E-07  2.0581198946E-03
  1.3220338983E-07  2.0596445603E-03
  1.4237288136E-07  2.0612930017E-03
  1.5254237288E-07  2.0630653603E-03
  1.6271186441E-07  2.0649598129E-03
  1.7288135593E-07  2.0669720517E-03
  1.8305084746E-07  2.0690951880E-03
  1.9322033898E-07  2.0713200528E-03
  2.0338983051E-07  2.0736359483E-03
  2.1355932203E-07  2.0760318872E-03
  2.2372881356E-07  2.0784980705E-03
  2.3389830508E-07  2.0810273597E-03
  2.4406779661E-07  2.0836161560E-03
  2.5423728814E-07  2.0862641534E-03
  2.6440677966E-07  2.0889727832E-03
  2.7457627119E-07  2.0917422297E-03
  2.8474576271E-07  2.0945673917E-03
  2.9491525424E-07  2.0974341127E-03
  3.0508474576E-07  2.1003171127E-03
  3.1525423729E-07  2.1031811062E-03
  3.2542372881E-07  2.1059863902E-03
  3.3559322034E-07  2.1086979677E-03
  3.4576271186E-07  2.1112949119E-03
  3.5593220339E-07  2.1137744776E-03
  3.6610169492E-07  2.1161449145E-03
  3.7627118644E-07  2.1184055976E-03
  3.8644067797E-07  2.1205219973E-03
  3.9661016949E-07  2.1224133363E-03
  4.0677966102E-07  2.1239740431E-03
  4.1694915254E-07  2.1251313366E-03
  4.2711864407E-07  2.1258977266E-03
  4.3728813559E-07  2.1263428343E-03
  4.4745762712E-07  2.1264565032E-03
  4.5762711864E-07  2.1260441042E-03
  4.6779661017E-07  2.1249549323E-03
  4.7796610169E-07  2.1234739624E-03
  4.8813559322E-07  2.1217133212E-03
  4.9830508475E-07  2.1190569108E-03
  5.0847457627E-07  2.1157596518E-03
  5.1864406780E-07  2.1120738960E-03
  5.2881355932E-07  2.1071174876E-03
  5.3898305085E-07  2.1016623711E-03
  5.4915254237E-07  2.0953740679E-03
  5.5932203390E-07  2.0942307369E-03
  5.6949152542E-07  2.0842561080E-03
  5.7966101695E-07  2.0685250348E-03
  5.8983050847E-07  2.0496365343E-03
  6.0000000000E-07  2.0552550784E-03
 BLOCKEND
