 PROLOGUE 1
 XSCALE        0.00000          0.400000E-06
 YSCALE       0.300000           2.28980    
 XTEXT DISTANCE
 YTEXT WEIGHT-PERCENT C
 XTYPE LINEAR
 YTYPE LINEAR
 XLENGTH        11.5000    
 YLENGTH        11.5000    
 TITLE   
 DATASET 1
 CLIP OFF
    0.00000    1.12000 NAM' TIME = 0,.01,.1,.3,1,3,10,30
 1.05 1.05 MNA' CELL #   2
 CLIP ON
 $ X-AXIS = DISTANCE      Y-AXIS = W(C)
 BLOCK X=C1; Y=C2;       GOC=C3,WAD;
  0.0000000000E+00  3.0000000000E-01 M
  4.0404040404E-09  3.0000000000E-01
  8.0808080808E-09  3.0000000000E-01
  1.2121212121E-08  3.0000000000E-01
  1.6161616162E-08  3.0000000000E-01
  2.0202020202E-08  3.0000000000E-01
  2.4242424242E-08  3.0000000000E-01
  2.8282828283E-08  3.0000000000E-01
  3.2323232323E-08  3.0000000000E-01
  3.6363636364E-08  3.0000000000E-01
  4.0404040404E-08  3.0000000000E-01
  4.4444444444E-08  3.0000000000E-01
  4.8484848485E-08  3.0000000000E-01
  5.2525252525E-08  3.0000000000E-01
  5.6565656566E-08  3.0000000000E-01
  6.0606060606E-08  3.0000000000E-01
  6.4646464646E-08  3.0000000000E-01
  6.8686868687E-08  3.0000000000E-01
  7.2727272727E-08  3.0000000000E-01
  7.6767676768E-08  3.0000000000E-01
  8.0808080808E-08  3.0000000000E-01
  8.4848484848E-08  3.0000000000E-01
  8.8888888889E-08  3.0000000000E-01
  9.2929292929E-08  3.0000000000E-01
  9.6969696970E-08  3.0000000000E-01
  1.0101010101E-07  3.0000000000E-01
  1.0505050505E-07  3.0000000000E-01
  1.0909090909E-07  3.0000000000E-01
  1.1313131313E-07  3.0000000000E-01
  1.1717171717E-07  3.0000000000E-01
  1.2121212121E-07  3.0000000000E-01
  1.2525252525E-07  3.0000000000E-01
  1.2929292929E-07  3.0000000000E-01
  1.3333333333E-07  3.0000000000E-01
  1.3737373737E-07  3.0000000000E-01
  1.4141414141E-07  3.0000000000E-01
  1.4545454545E-07  3.0000000000E-01
  1.4949494949E-07  3.0000000000E-01
  1.5353535354E-07  3.0000000000E-01
  1.5757575758E-07  3.0000000000E-01
  1.6161616162E-07  3.0000000000E-01
  1.6565656566E-07  3.0000000000E-01
  1.6969696970E-07  3.0000000000E-01
  1.7373737374E-07  3.0000000000E-01
  1.7777777778E-07  3.0000000000E-01
  1.8181818182E-07  3.0000000000E-01
  1.8585858586E-07  3.0000000000E-01
  1.8989898990E-07  3.0000000000E-01
  1.9393939394E-07  3.0000000000E-01
  1.9797979798E-07  3.0000000000E-01
  2.0202020202E-07  3.0000000000E-01
  2.0606060606E-07  3.0000000000E-01
  2.1010101010E-07  3.0000000000E-01
  2.1414141414E-07  3.0000000000E-01
  2.1818181818E-07  3.0000000000E-01
  2.2222222222E-07  3.0000000000E-01
  2.2626262626E-07  3.0000000000E-01
  2.3030303030E-07  3.0000000000E-01
  2.3434343434E-07  3.0000000000E-01
  2.3838383838E-07  3.0000000000E-01
  2.4242424242E-07  3.0000000000E-01
  2.4646464646E-07  3.0000000000E-01
  2.5050505051E-07  3.0000000000E-01
  2.5454545455E-07  3.0000000000E-01
  2.5858585859E-07  3.0000000000E-01
  2.6262626263E-07  3.0000000000E-01
  2.6666666667E-07  3.0000000000E-01
  2.7070707071E-07  3.0000000000E-01
  2.7474747475E-07  3.0000000000E-01
  2.7878787879E-07  3.0000000000E-01
  2.8282828283E-07  3.0000000000E-01
  2.8686868687E-07  3.0000000000E-01
  2.9090909091E-07  3.0000000000E-01
  2.9494949495E-07  3.0000000000E-01
  2.9898989899E-07  3.0000000000E-01
  3.0303030303E-07  3.0000000000E-01
  3.0707070707E-07  3.0000000000E-01
  3.1111111111E-07  3.0000000000E-01
  3.1515151515E-07  3.0000000000E-01
  3.1919191919E-07  3.0000000000E-01
  3.2323232323E-07  3.0000000000E-01
  3.2727272727E-07  3.0000000000E-01
  3.3131313131E-07  3.0000000000E-01
  3.3535353535E-07  3.0000000000E-01
  3.3939393939E-07  3.0000000000E-01
  3.4343434343E-07  3.0000000000E-01
  3.4747474747E-07  3.0000000000E-01
  3.5151515152E-07  3.0000000000E-01
  3.5555555556E-07  3.0000000000E-01
  3.5959595960E-07  3.0000000000E-01
  3.6363636364E-07  3.0000000000E-01
  3.6767676768E-07  3.0000000000E-01
  3.7171717172E-07  3.0000000000E-01
  3.7575757576E-07  3.0000000000E-01
  3.7979797980E-07  3.0000000000E-01
  3.8383838384E-07  3.0000000000E-01
  3.8787878788E-07  3.0000000000E-01
  3.9191919192E-07  3.0000000000E-01
  3.9595959596E-07  3.0000000000E-01
  4.0000000000E-07  3.0000000000E-01
 BLOCKEND
 $ X-AXIS = DISTANCE      Y-AXIS = W(C)
 BLOCK X=C1; Y=C2;       GOC=C3,WAD;
  0.0000000000E+00  3.0000000000E-01 M
  4.0404040404E-09  3.0000000000E-01
  8.0808080808E-09  3.0000000000E-01
  1.2121212121E-08  3.0000000000E-01
  1.6161616162E-08  3.0000000000E-01
  2.0202020202E-08  3.0000000000E-01
  2.4242424242E-08  3.0000000000E-01
  2.8282828283E-08  3.0000000000E-01
  3.2323232323E-08  3.0000000000E-01
  3.6363636364E-08  3.0000000000E-01
  4.0404040404E-08  3.0000000000E-01
  4.4444444444E-08  3.0000000000E-01
  4.8484848485E-08  3.0000000000E-01
  5.2525252525E-08  3.0000000000E-01
  5.6565656566E-08  3.0000000000E-01
  6.0606060606E-08  3.0000000000E-01
  6.4646464646E-08  3.0000000000E-01
  6.8686868687E-08  3.0000000000E-01
  7.2727272727E-08  3.0000000000E-01
  7.6767676768E-08  3.0000000000E-01
  8.0808080808E-08  3.0000000000E-01
  8.4848484848E-08  3.0000000000E-01
  8.8888888889E-08  3.0000000000E-01
  9.2929292929E-08  3.0000000000E-01
  9.6969696970E-08  3.0000000000E-01
  1.0101010101E-07  3.0000000000E-01
  1.0505050505E-07  3.0000000000E-01
  1.0909090909E-07  3.0000000000E-01
  1.1313131313E-07  3.0000000000E-01
  1.1717171717E-07  3.0000000000E-01
  1.2121212121E-07  3.0000000000E-01
  1.2525252525E-07  3.0000000000E-01
  1.2929292929E-07  3.0000000000E-01
  1.3333333333E-07  3.0000000000E-01
  1.3737373737E-07  3.0000000000E-01
  1.4141414141E-07  3.0000000000E-01
  1.4545454545E-07  3.0000000000E-01
  1.4949494949E-07  3.0000000000E-01
  1.5353535354E-07  3.0000000000E-01
  1.5757575758E-07  3.0000000000E-01
  1.6161616162E-07  3.0000000000E-01
  1.6565656566E-07  3.0000000000E-01
  1.6969696970E-07  3.0000000000E-01
  1.7373737374E-07  3.0000000000E-01
  1.7777777778E-07  3.0000000000E-01
  1.8181818182E-07  3.0000000000E-01
  1.8585858586E-07  3.0000000000E-01
  1.8989898990E-07  3.0000000000E-01
  1.9393939394E-07  3.0000000000E-01
  1.9797979798E-07  3.0000000000E-01
  2.0202020202E-07  3.0000000000E-01
  2.0606060606E-07  3.0000000000E-01
  2.1010101010E-07  3.0000000000E-01
  2.1414141414E-07  3.0000000000E-01
  2.1818181818E-07  3.0000000000E-01
  2.2222222222E-07  3.0000000000E-01
  2.2626262626E-07  3.0000000000E-01
  2.3030303030E-07  3.0000000000E-01
  2.3434343434E-07  3.0000000000E-01
  2.3838383838E-07  3.0000000000E-01
  2.4242424242E-07  3.0000000000E-01
  2.4646464646E-07  3.0000000000E-01
  2.5050505051E-07  3.0000000000E-01
  2.5454545455E-07  3.0000000000E-01
  2.5858585859E-07  3.0000000000E-01
  2.6262626263E-07  3.0000000000E-01
  2.6666666667E-07  3.0000000000E-01
  2.7070707071E-07  3.0000000000E-01
  2.7474747475E-07  3.0000000000E-01
  2.7878787879E-07  3.0000000000E-01
  2.8282828283E-07  3.0000000000E-01
  2.8686868687E-07  3.0000000000E-01
  2.9090909091E-07  3.0000000000E-01
  2.9494949495E-07  3.0000000001E-01
  2.9898989899E-07  3.0000000004E-01
  3.0303030303E-07  3.0000000018E-01
  3.0707070707E-07  3.0000000088E-01
  3.1111111111E-07  3.0000000420E-01
  3.1515151515E-07  3.0000001997E-01
  3.1919191919E-07  3.0000009449E-01
  3.2323232323E-07  3.0000044478E-01
  3.2727272727E-07  3.0000208063E-01
  3.3131313131E-07  3.0000966582E-01
  3.3535353535E-07  3.0004450101E-01
  3.3939393939E-07  3.0020258426E-01
  3.4343434343E-07  3.0090591220E-01
  3.4747474747E-07  3.0391067670E-01
  3.5151515152E-07  3.1550995708E-01
  3.5555555556E-07  3.5124726379E-01
  3.5959595960E-07  4.2773243505E-01
  3.6363636364E-07  5.4023283513E-01
  3.6767676768E-07  6.9982781978E-01
  3.7171717172E-07  9.6644533261E-01
  3.7575757576E-07  1.2885263127E+00
  3.7979797980E-07  1.5593923511E+00
  3.8383838384E-07  1.7756982358E+00
  3.8787878788E-07  1.9450642479E+00
  3.9191919192E-07  2.0816764077E+00
  3.9595959596E-07  2.1942605571E+00
  4.0000000000E-07  2.2898022221E+00
 BLOCKEND
 $ X-AXIS = DISTANCE      Y-AXIS = W(C)
 BLOCK X=C1; Y=C2;       GOC=C3,WAD;
  0.0000000000E+00  3.0000000000E-01 M
  4.0404040404E-09  3.0000000000E-01
  8.0808080808E-09  3.0000000000E-01
  1.2121212121E-08  3.0000000000E-01
  1.6161616162E-08  3.0000000000E-01
  2.0202020202E-08  3.0000000000E-01
  2.4242424242E-08  3.0000000000E-01
  2.8282828283E-08  3.0000000000E-01
  3.2323232323E-08  3.0000000000E-01
  3.6363636364E-08  3.0000000000E-01
  4.0404040404E-08  3.0000000000E-01
  4.4444444444E-08  3.0000000000E-01
  4.8484848485E-08  3.0000000000E-01
  5.2525252525E-08  3.0000000000E-01
  5.6565656566E-08  3.0000000000E-01
  6.0606060606E-08  3.0000000000E-01
  6.4646464646E-08  3.0000000000E-01
  6.8686868687E-08  3.0000000000E-01
  7.2727272727E-08  3.0000000000E-01
  7.6767676768E-08  3.0000000000E-01
  8.0808080808E-08  3.0000000001E-01
  8.4848484848E-08  3.0000000001E-01
  8.8888888889E-08  3.0000000002E-01
  9.2929292929E-08  3.0000000003E-01
  9.6969696970E-08  3.0000000005E-01
  1.0101010101E-07  3.0000000008E-01
  1.0505050505E-07  3.0000000013E-01
  1.0909090909E-07  3.0000000022E-01
  1.1313131313E-07  3.0000000037E-01
  1.1717171717E-07  3.0000000060E-01
  1.2121212121E-07  3.0000000100E-01
  1.2525252525E-07  3.0000000164E-01
  1.2929292929E-07  3.0000000271E-01
  1.3333333333E-07  3.0000000446E-01
  1.3737373737E-07  3.0000000735E-01
  1.4141414141E-07  3.0000001209E-01
  1.4545454545E-07  3.0000001990E-01
  1.4949494949E-07  3.0000003273E-01
  1.5353535354E-07  3.0000005379E-01
  1.5757575758E-07  3.0000008837E-01
  1.6161616162E-07  3.0000014509E-01
  1.6565656566E-07  3.0000023807E-01
  1.6969696970E-07  3.0000039038E-01
  1.7373737374E-07  3.0000063971E-01
  1.7777777778E-07  3.0000104753E-01
  1.8181818182E-07  3.0000171406E-01
  1.8585858586E-07  3.0000280250E-01
  1.8989898990E-07  3.0000457826E-01
  1.9393939394E-07  3.0000747260E-01
  1.9797979798E-07  3.0001218531E-01
  2.0202020202E-07  3.0001985042E-01
  2.0606060606E-07  3.0003230309E-01
  2.1010101010E-07  3.0005250855E-01
  2.1414141414E-07  3.0008525014E-01
  2.1818181818E-07  3.0013822536E-01
  2.2222222222E-07  3.0022379532E-01
  2.2626262626E-07  3.0036176881E-01
  2.3030303030E-07  3.0058377466E-01
  2.3434343434E-07  3.0094014993E-01
  2.3838383838E-07  3.0151067312E-01
  2.4242424242E-07  3.0242099644E-01
  2.4646464646E-07  3.0386746249E-01
  2.5050505051E-07  3.0615348766E-01
  2.5454545455E-07  3.0974055960E-01
  2.5858585859E-07  3.1531447300E-01
  2.6262626263E-07  3.2385992012E-01
  2.6666666667E-07  3.3672010043E-01
  2.7070707071E-07  3.5559110078E-01
  2.7474747475E-07  3.8237408107E-01
  2.7878787879E-07  4.1881663050E-01
  2.8282828283E-07  4.6596599105E-01
  2.8686868687E-07  5.2362624053E-01
  2.9090909091E-07  5.9013230363E-01
  2.9494949495E-07  6.6266443321E-01
  2.9898989899E-07  7.3805447373E-01
  3.0303030303E-07  8.1380324954E-01
  3.0707070707E-07  8.8895862206E-01
  3.1111111111E-07  9.6447813206E-01
  3.1515151515E-07  1.0426701597E+00
  3.1919191919E-07  1.1256224874E+00
  3.2323232323E-07  1.2133811939E+00
  3.2727272727E-07  1.3031282734E+00
  3.3131313131E-07  1.3899651957E+00
  3.3535353535E-07  1.4690503984E+00
  3.3939393939E-07  1.5383003675E+00
  3.4343434343E-07  1.5999005283E+00
  3.4747474747E-07  1.6581507325E+00
  3.5151515152E-07  1.7142522502E+00
  3.5555555556E-07  1.7649561919E+00
  3.5959595960E-07  1.8094373088E+00
  3.6363636364E-07  1.8523488471E+00
  3.6767676768E-07  1.8932116481E+00
  3.7171717172E-07  1.9292218898E+00
  3.7575757576E-07  1.9647251293E+00
  3.7979797980E-07  1.9964829835E+00
  3.8383838384E-07  2.0276157487E+00
  3.8787878788E-07  2.0562680540E+00
  3.9191919192E-07  2.0833088051E+00
  3.9595959596E-07  2.1083133092E+00
  4.0000000000E-07  2.1330280903E+00
 BLOCKEND
 $ X-AXIS = DISTANCE      Y-AXIS = W(C)
 BLOCK X=C1; Y=C2;       GOC=C3,WAD;
  0.0000000000E+00  3.0000436666E-01 M
  4.0404040404E-09  3.0000449171E-01
  8.0808080808E-09  3.0000487384E-01
  1.2121212121E-08  3.0000553433E-01
  1.6161616162E-08  3.0000650992E-01
  2.0202020202E-08  3.0000785475E-01
  2.4242424242E-08  3.0000964329E-01
  2.8282828283E-08  3.0001197426E-01
  3.2323232323E-08  3.0001497589E-01
  3.6363636364E-08  3.0001881262E-01
  4.0404040404E-08  3.0002369376E-01
  4.4444444444E-08  3.0002988436E-01
  4.8484848485E-08  3.0003771892E-01
  5.2525252525E-08  3.0004761851E-01
  5.6565656566E-08  3.0006011227E-01
  6.0606060606E-08  3.0007586252E-01
  6.4646464646E-08  3.0009569759E-01
  6.8686868687E-08  3.0012065705E-01
  7.2727272727E-08  3.0015203917E-01
  7.6767676768E-08  3.0019146012E-01
  8.0808080808E-08  3.0024093477E-01
  8.4848484848E-08  3.0030297077E-01
  8.8888888889E-08  3.0038068043E-01
  9.2929292929E-08  3.0047790921E-01
  9.6969696970E-08  3.0059941542E-01
  1.0101010101E-07  3.0075108237E-01
  1.0505050505E-07  3.0094014517E-01
  1.0909090909E-07  3.0117547869E-01
  1.1313131313E-07  3.0146793399E-01
  1.1717171717E-07  3.0183072794E-01
  1.2121212121E-07  3.0227988756E-01
  1.2525252525E-07  3.0283474729E-01
  1.2929292929E-07  3.0351849094E-01
  1.3333333333E-07  3.0435872102E-01
  1.3737373737E-07  3.0538802790E-01
  1.4141414141E-07  3.0664451544E-01
  1.4545454545E-07  3.0817222221E-01
  1.4949494949E-07  3.1002135394E-01
  1.5353535354E-07  3.1224823846E-01
  1.5757575758E-07  3.1491490848E-01
  1.6161616162E-07  3.1808821322E-01
  1.6565656566E-07  3.2183841141E-01
  1.6969696970E-07  3.2623728301E-01
  1.7373737374E-07  3.3135601293E-01
  1.7777777778E-07  3.3726318055E-01
  1.8181818182E-07  3.4402337425E-01
  1.8585858586E-07  3.5169731002E-01
  1.8989898990E-07  3.6034431015E-01
  1.9393939394E-07  3.7002801064E-01
  1.9797979798E-07  3.8082592237E-01
  2.0202020202E-07  3.9284296569E-01
  2.0606060606E-07  4.0622829235E-01
  2.1010101010E-07  4.2119354981E-01
  2.1414141414E-07  4.3802921992E-01
  2.1818181818E-07  4.5711386333E-01
  2.2222222222E-07  4.7890939853E-01
  2.2626262626E-07  5.0393481756E-01
  2.3030303030E-07  5.3271239596E-01
  2.3434343434E-07  5.6568590289E-01
  2.3838383838E-07  6.0311969997E-01
  2.4242424242E-07  6.4499832159E-01
  2.4646464646E-07  6.9095288056E-01
  2.5050505051E-07  7.4023847447E-01
  2.5454545455E-07  7.9177518875E-01
  2.5858585859E-07  8.4424968417E-01
  2.6262626263E-07  8.9626217694E-01
  2.6666666667E-07  9.4649868992E-01
  2.7070707071E-07  9.9390855922E-01
  2.7474747475E-07  1.0378661913E+00
  2.7878787879E-07  1.0782880383E+00
  2.8282828283E-07  1.1156604742E+00
  2.8686868687E-07  1.1509240252E+00
  2.9090909091E-07  1.1851804971E+00
  2.9494949495E-07  1.2192646026E+00
  2.9898989899E-07  1.2533328132E+00
  3.0303030303E-07  1.2866933691E+00
  3.0707070707E-07  1.3180501192E+00
  3.1111111111E-07  1.3461548531E+00
  3.1515151515E-07  1.3706270058E+00
  3.1919191919E-07  1.3924699727E+00
  3.2323232323E-07  1.4137186906E+00
  3.2727272727E-07  1.4360332512E+00
  3.3131313131E-07  1.4590778513E+00
  3.3535353535E-07  1.4803780174E+00
  3.3939393939E-07  1.4976187348E+00
  3.4343434343E-07  1.5117483368E+00
  3.4747474747E-07  1.5266575616E+00
  3.5151515152E-07  1.5435893614E+00
  3.5555555556E-07  1.5580019876E+00
  3.5959595960E-07  1.5678173428E+00
  3.6363636364E-07  1.5790972061E+00
  3.6767676768E-07  1.5908227029E+00
  3.7171717172E-07  1.5978994754E+00
  3.7575757576E-07  1.6072551202E+00
  3.7979797980E-07  1.6127546414E+00
  3.8383838384E-07  1.6198361236E+00
  3.8787878788E-07  1.6246576557E+00
  3.9191919192E-07  1.6286377018E+00
  3.9595959596E-07  1.6305666812E+00
  4.0000000000E-07  1.6340978471E+00
 BLOCKEND
 $ X-AXIS = DISTANCE      Y-AXIS = W(C)
 BLOCK X=C1; Y=C2;       GOC=C3,WAD;
  0.0000000000E+00  3.1220024351E-01 M
  4.0404040404E-09  3.1227652913E-01
  8.0808080808E-09  3.1250642955E-01
  1.2121212121E-08  3.1289305535E-01
  1.6161616162E-08  3.1344166035E-01
  2.0202020202E-08  3.1415972969E-01
  2.4242424242E-08  3.1505701448E-01
  2.8282828283E-08  3.1614563058E-01
  3.2323232323E-08  3.1744017074E-01
  3.6363636364E-08  3.1895782470E-01
  4.0404040404E-08  3.2071850111E-01
  4.4444444444E-08  3.2274494099E-01
  4.8484848485E-08  3.2506281026E-01
  5.2525252525E-08  3.2770075841E-01
  5.6565656566E-08  3.3069042646E-01
  6.0606060606E-08  3.3406638368E-01
  6.4646464646E-08  3.3786596991E-01
  6.8686868687E-08  3.4212901831E-01
  7.2727272727E-08  3.4689743325E-01
  7.6767676768E-08  3.5221459666E-01
  8.0808080808E-08  3.5812457914E-01
  8.4848484848E-08  3.6467113901E-01
  8.8888888889E-08  3.7189650087E-01
  9.2929292929E-08  3.7983991723E-01
  9.6969696970E-08  3.8853603342E-01
  1.0101010101E-07  3.9801310154E-01
  1.0505050505E-07  4.0829111140E-01
  1.0909090909E-07  4.1937992629E-01
  1.1313131313E-07  4.3127753855E-01
  1.1717171717E-07  4.4396857954E-01
  1.2121212121E-07  4.5742322858E-01
  1.2525252525E-07  4.7159666863E-01
  1.2929292929E-07  4.8642922362E-01
  1.3333333333E-07  5.0184728809E-01
  1.3737373737E-07  5.1776512493E-01
  1.4141414141E-07  5.3408755626E-01
  1.4545454545E-07  5.5071351103E-01
  1.4949494949E-07  5.6754032402E-01
  1.5353535354E-07  5.8446860257E-01
  1.5757575758E-07  6.0140739258E-01
  1.6161616162E-07  6.1827928532E-01
  1.6565656566E-07  6.3502501190E-01
  1.6969696970E-07  6.5160698369E-01
  1.7373737374E-07  6.6801117164E-01
  1.7777777778E-07  6.8424671091E-01
  1.8181818182E-07  7.0034269730E-01
  1.8585858586E-07  7.1634185341E-01
  1.8989898990E-07  7.3229113020E-01
  1.9393939394E-07  7.4822987036E-01
  1.9797979798E-07  7.6417683890E-01
  2.0202020202E-07  7.8011810873E-01
  2.0606060606E-07  7.9599830034E-01
  2.1010101010E-07  8.1171781627E-01
  2.1414141414E-07  8.2713833145E-01
  2.1818181818E-07  8.4209783230E-01
  2.2222222222E-07  8.5643497040E-01
  2.2626262626E-07  8.7002050484E-01
  2.3030303030E-07  8.8279127491E-01
  2.3434343434E-07  8.9477968115E-01
  2.3838383838E-07  9.0612954514E-01
  2.4242424242E-07  9.1708846240E-01
  2.4646464646E-07  9.2796891048E-01
  2.5050505051E-07  9.3907701181E-01
  2.5454545455E-07  9.5061922620E-01
  2.5858585859E-07  9.6261072382E-01
  2.6262626263E-07  9.7481899658E-01
  2.6666666667E-07  9.8677592554E-01
  2.7070707071E-07  9.9787791619E-01
  2.7474747475E-07  1.0075689015E+00
  2.7878787879E-07  1.0155691956E+00
  2.8282828283E-07  1.0220775684E+00
  2.8686868687E-07  1.0278420578E+00
  2.9090909091E-07  1.0339922436E+00
  2.9494949495E-07  1.0415957344E+00
  2.9898989899E-07  1.0510651809E+00
  3.0303030303E-07  1.0617271140E+00
  3.0707070707E-07  1.0719100679E+00
  3.1111111111E-07  1.0797141885E+00
  3.1515151515E-07  1.0842455550E+00
  3.1919191919E-07  1.0866468452E+00
  3.2323232323E-07  1.0899027849E+00
  3.2727272727E-07  1.0967632229E+00
  3.3131313131E-07  1.1068644784E+00
  3.3535353535E-07  1.1160620401E+00
  3.3939393939E-07  1.1201340380E+00
  3.4343434343E-07  1.1204570894E+00
  3.4747474747E-07  1.1240174933E+00
  3.5151515152E-07  1.1332393481E+00
  3.5555555556E-07  1.1395245408E+00
  3.5959595960E-07  1.1386590222E+00
  3.6363636364E-07  1.1423530239E+00
  3.6767676768E-07  1.1485703461E+00
  3.7171717172E-07  1.1469454936E+00
  3.7575757576E-07  1.1513966665E+00
  3.7979797980E-07  1.1491949165E+00
  3.8383838384E-07  1.1514208818E+00
  3.8787878788E-07  1.1499106771E+00
  3.9191919192E-07  1.1474283176E+00
  3.9595959596E-07  1.1410957840E+00
  4.0000000000E-07  1.1384725128E+00
 BLOCKEND
 $ X-AXIS = DISTANCE      Y-AXIS = W(C)
 BLOCK X=C1; Y=C2;       GOC=C3,WAD;
  0.0000000000E+00  5.4960016306E-01 M
  4.0404040404E-09  5.4975909379E-01
  8.0808080808E-09  5.5023523101E-01
  1.2121212121E-08  5.5102669546E-01
  1.6161616162E-08  5.5213040638E-01
  2.0202020202E-08  5.5354205455E-01
  2.4242424242E-08  5.5525597860E-01
  2.8282828283E-08  5.5726523723E-01
  3.2323232323E-08  5.5956168742E-01
  3.6363636364E-08  5.6213585181E-01
  4.0404040404E-08  5.6497696120E-01
  4.4444444444E-08  5.6807301369E-01
  4.8484848485E-08  5.7141086275E-01
  5.2525252525E-08  5.7497634371E-01
  5.6565656566E-08  5.7875444489E-01
  6.0606060606E-08  5.8272952631E-01
  6.4646464646E-08  5.8688558616E-01
  6.8686868687E-08  5.9120657201E-01
  7.2727272727E-08  5.9567673018E-01
  7.6767676768E-08  6.0028098107E-01
  8.0808080808E-08  6.0500530328E-01
  8.4848484848E-08  6.0983710496E-01
  8.8888888889E-08  6.1476555520E-01
  9.2929292929E-08  6.1978184317E-01
  9.6969696970E-08  6.2487932919E-01
  1.0101010101E-07  6.3005355429E-01
  1.0505050505E-07  6.3530207630E-01
  1.0909090909E-07  6.4062410421E-01
  1.1313131313E-07  6.4601991738E-01
  1.1717171717E-07  6.5149007397E-01
  1.2121212121E-07  6.5703443637E-01
  1.2525252525E-07  6.6265107069E-01
  1.2929292929E-07  6.6833510869E-01
  1.3333333333E-07  6.7407769194E-01
  1.3737373737E-07  6.7986514773E-01
  1.4141414141E-07  6.8567856278E-01
  1.4545454545E-07  6.9149392235E-01
  1.4949494949E-07  6.9728296166E-01
  1.5353535354E-07  7.0301482860E-01
  1.5757575758E-07  7.0865857792E-01
  1.6161616162E-07  7.1418640646E-01
  1.6565656566E-07  7.1957739820E-01
  1.6969696970E-07  7.2482138390E-01
  1.7373737374E-07  7.2992235172E-01
  1.7777777778E-07  7.3490070279E-01
  1.8181818182E-07  7.3979356377E-01
  1.8585858586E-07  7.4465239880E-01
  1.8989898990E-07  7.4953737707E-01
  1.9393939394E-07  7.5450839382E-01
  1.9797979798E-07  7.5961331941E-01
  2.0202020202E-07  7.6487490840E-01
  2.0606060606E-07  7.7027869190E-01
  2.1010101010E-07  7.7576486544E-01
  2.1414141414E-07  7.8122740631E-01
  2.1818181818E-07  7.8652317650E-01
  2.2222222222E-07  7.9149245705E-01
  2.2626262626E-07  7.9599020727E-01
  2.3030303030E-07  7.9992443900E-01
  2.3434343434E-07  8.0329465862E-01
  2.3838383838E-07  8.0621986807E-01
  2.4242424242E-07  8.0894322741E-01
  2.4646464646E-07  8.1180109599E-01
  2.5050505051E-07  8.1515024568E-01
  2.5454545455E-07  8.1926005109E-01
  2.5858585859E-07  8.2419450377E-01
  2.6262626263E-07  8.2972518453E-01
  2.6666666667E-07  8.3532129581E-01
  2.7070707071E-07  8.4025001357E-01
  2.7474747475E-07  8.4379099559E-01
  2.7878787879E-07  8.4552639650E-01
  2.8282828283E-07  8.4562349140E-01
  2.8686868687E-07  8.4497020158E-01
  2.9090909091E-07  8.4500716190E-01
  2.9494949495E-07  8.4717245245E-01
  2.9898989899E-07  8.5209178576E-01
  3.0303030303E-07  8.5893782311E-01
  3.0707070707E-07  8.6548157733E-01
  3.1111111111E-07  8.6909810651E-01
  3.1515151515E-07  8.6846347849E-01
  3.1919191919E-07  8.6507127782E-01
  3.2323232323E-07  8.6311296563E-01
  3.2727272727E-07  8.6660045192E-01
  3.3131313131E-07  8.7511934780E-01
  3.3535353535E-07  8.8271210241E-01
  3.3939393939E-07  8.8319010992E-01
  3.4343434343E-07  8.7849726430E-01
  3.4747474747E-07  8.7900522755E-01
  3.5151515152E-07  8.8843168519E-01
  3.5555555556E-07  8.9393695839E-01
  3.5959595960E-07  8.8915558093E-01
  3.6363636364E-07  8.9180694227E-01
  3.6767676768E-07  8.9882918448E-01
  3.7171717172E-07  8.9446114761E-01
  3.7575757576E-07  8.9992557285E-01
  3.7979797980E-07  8.9576244776E-01
  3.8383838384E-07  8.9888299900E-01
  3.8787878788E-07  8.9677012911E-01
  3.9191919192E-07  8.9359683036E-01
  3.9595959596E-07  8.8480673688E-01
  4.0000000000E-07  8.8184640253E-01
 BLOCKEND
 $ X-AXIS = DISTANCE      Y-AXIS = W(C)
 BLOCK X=C1; Y=C2;       GOC=C3,WAD;
  0.0000000000E+00  7.3783701586E-01 M
  4.0404040404E-09  7.3784007798E-01
  8.0808080808E-09  7.3784934478E-01
  1.2121212121E-08  7.3786504976E-01
  1.6161616162E-08  7.3788755519E-01
  2.0202020202E-08  7.3791731290E-01
  2.4242424242E-08  7.3795481254E-01
  2.8282828283E-08  7.3800051864E-01
  3.2323232323E-08  7.3805479984E-01
  3.6363636364E-08  7.3811785502E-01
  4.0404040404E-08  7.3818962747E-01
  4.4444444444E-08  7.3826974275E-01
  4.8484848485E-08  7.3835748850E-01
  5.2525252525E-08  7.3845176832E-01
  5.6565656566E-08  7.3855106990E-01
  6.0606060606E-08  7.3865347443E-01
  6.4646464646E-08  7.3875673303E-01
  6.8686868687E-08  7.3885842161E-01
  7.2727272727E-08  7.3895606471E-01
  7.6767676768E-08  7.3904729412E-01
  8.0808080808E-08  7.3913006417E-01
  8.4848484848E-08  7.3920292479E-01
  8.8888888889E-08  7.3926533030E-01
  9.2929292929E-08  7.3931785381E-01
  9.6969696970E-08  7.3936236089E-01
  1.0101010101E-07  7.3940213286E-01
  1.0505050505E-07  7.3944189768E-01
  1.0909090909E-07  7.3948773688E-01
  1.1313131313E-07  7.3954676598E-01
  1.1717171717E-07  7.3962659419E-01
  1.2121212121E-07  7.3973464555E-01
  1.2525252525E-07  7.3987735566E-01
  1.2929292929E-07  7.4005913195E-01
  1.3333333333E-07  7.4028129634E-01
  1.3737373737E-07  7.4054121899E-01
  1.4141414141E-07  7.4083159975E-01
  1.4545454545E-07  7.4114015174E-01
  1.4949494949E-07  7.4144989186E-01
  1.5353535354E-07  7.4174017870E-01
  1.5757575758E-07  7.4198857025E-01
  1.6161616162E-07  7.4217356399E-01
  1.6565656566E-07  7.4227796290E-01
  1.6969696970E-07  7.4229263993E-01
  1.7373737374E-07  7.4222035699E-01
  1.7777777778E-07  7.4207873060E-01
  1.8181818182E-07  7.4190152404E-01
  1.8585858586E-07  7.4173751748E-01
  1.8989898990E-07  7.4164630670E-01
  1.9393939394E-07  7.4169061946E-01
  1.9797979798E-07  7.4192511537E-01
  2.0202020202E-07  7.4238295235E-01
  2.0606060606E-07  7.4306253380E-01
  2.1010101010E-07  7.4391728548E-01
  2.1414141414E-07  7.4485183605E-01
  2.1818181818E-07  7.4572843142E-01
  2.2222222222E-07  7.4638557107E-01
  2.2626262626E-07  7.4666908271E-01
  2.3030303030E-07  7.4647251529E-01
  2.3434343434E-07  7.4578026097E-01
  2.3838383838E-07  7.4470165450E-01
  2.4242424242E-07  7.4348229891E-01
  2.4646464646E-07  7.4247773750E-01
  2.5050505051E-07  7.4207924027E-01
  2.5454545455E-07  7.4259756493E-01
  2.5858585859E-07  7.4412928724E-01
  2.6262626263E-07  7.4645019435E-01
  2.6666666667E-07  7.4899152898E-01
  2.7070707071E-07  7.5094011635E-01
  2.7474747475E-07  7.5147070536E-01
  2.7878787879E-07  7.5007638843E-01
  2.8282828283E-07  7.4690265026E-01
  2.8686868687E-07  7.4292648966E-01
  2.9090909091E-07  7.3979437710E-01
  2.9494949495E-07  7.3919316742E-01
  2.9898989899E-07  7.4189689460E-01
  3.0303030303E-07  7.4698255719E-01
  3.0707070707E-07  7.5184846007E-01
  3.1111111111E-07  7.5337571877E-01
  3.1515151515E-07  7.4993829246E-01
  3.1919191919E-07  7.4325401698E-01
  3.2323232323E-07  7.3834312894E-01
  3.2727272727E-07  7.4010941232E-01
  3.3131313131E-07  7.4811511194E-01
  3.3535353535E-07  7.5513212583E-01
  3.3939393939E-07  7.5357927223E-01
  3.4343434343E-07  7.4578665132E-01
  3.4747474747E-07  7.4455403515E-01
  3.5151515152E-07  7.5454600514E-01
  3.5555555556E-07  7.5987140995E-01
  3.5959595960E-07  7.5261633667E-01
  3.6363636364E-07  7.5486288859E-01
  3.6767676768E-07  7.6281394241E-01
  3.7171717172E-07  7.5679920002E-01
  3.7575757576E-07  7.6336392088E-01
  3.7979797980E-07  7.5816382962E-01
  3.8383838384E-07  7.6235027623E-01
  3.8787878788E-07  7.6026280857E-01
  3.9191919192E-07  7.5710335239E-01
  3.9595959596E-07  7.4709713903E-01
  4.0000000000E-07  7.4446757760E-01
 BLOCKEND
 $ X-AXIS = DISTANCE      Y-AXIS = W(C)
 BLOCK X=C1; Y=C2;       GOC=C3,WAD;
  0.0000000000E+00  7.4366799023E-01 M
  4.0404040404E-09  7.4366775340E-01
  8.0808080808E-09  7.4366712644E-01
  1.2121212121E-08  7.4366635399E-01
  1.6161616162E-08  7.4366582349E-01
  2.0202020202E-08  7.4366603516E-01
  2.4242424242E-08  7.4366756206E-01
  2.8282828283E-08  7.4367100036E-01
  3.2323232323E-08  7.4367691201E-01
  3.6363636364E-08  7.4368576274E-01
  4.0404040404E-08  7.4369785854E-01
  4.4444444444E-08  7.4371328369E-01
  4.8484848485E-08  7.4373184440E-01
  5.2525252525E-08  7.4375302457E-01
  5.6565656566E-08  7.4377595953E-01
  6.0606060606E-08  7.4379943334E-01
  6.4646464646E-08  7.4382190512E-01
  6.8686868687E-08  7.4384156985E-01
  7.2727272727E-08  7.4385645766E-01
  7.6767676768E-08  7.4386457238E-01
  8.0808080808E-08  7.4386406683E-01
  8.4848484848E-08  7.4385344870E-01
  8.8888888889E-08  7.4383180617E-01
  9.2929292929E-08  7.4379903591E-01
  9.6969696970E-08  7.4375605016E-01
  1.0101010101E-07  7.4370493590E-01
  1.0505050505E-07  7.4364903475E-01
  1.0909090909E-07  7.4359290962E-01
  1.1313131313E-07  7.4354216732E-01
  1.1717171717E-07  7.4350311337E-01
  1.2121212121E-07  7.4348222672E-01
  1.2525252525E-07  7.4348546212E-01
  1.2929292929E-07  7.4351741238E-01
  1.3333333333E-07  7.4358039229E-01
  1.3737373737E-07  7.4367354172E-01
  1.4141414141E-07  7.4379207742E-01
  1.4545454545E-07  7.4392685021E-01
  1.4949494949E-07  7.4406437692E-01
  1.5353535354E-07  7.4418750620E-01
  1.5757575758E-07  7.4427683950E-01
  1.6161616162E-07  7.4431295296E-01
  1.6565656566E-07  7.4427934664E-01
  1.6969696970E-07  7.4416588744E-01
  1.7373737374E-07  7.4397232615E-01
  1.7777777778E-07  7.4371128539E-01
  1.8181818182E-07  7.4340996547E-01
  1.8585858586E-07  7.4310968269E-01
  1.8989898990E-07  7.4286273352E-01
  1.9393939394E-07  7.4272609208E-01
  1.9797979798E-07  7.4275158289E-01
  2.0202020202E-07  7.4297380985E-01
  2.0606060606E-07  7.4339752057E-01
  2.1010101010E-07  7.4398708526E-01
  2.1414141414E-07  7.4466182119E-01
  2.1818181818E-07  7.4530010149E-01
  2.2222222222E-07  7.4575522362E-01
  2.2626262626E-07  7.4588283187E-01
  2.3030303030E-07  7.4557844016E-01
  2.3434343434E-07  7.4481866726E-01
  2.3838383838E-07  7.4369448223E-01
  2.4242424242E-07  7.4242503785E-01
  2.4646464646E-07  7.4133697207E-01
  2.5050505051E-07  7.4079758988E-01
  2.5454545455E-07  7.4110692170E-01
  2.5858585859E-07  7.4237117995E-01
  2.6262626263E-07  7.4439723098E-01
  2.6666666667E-07  7.4666197120E-01
  2.7070707071E-07  7.4839971827E-01
  2.7474747475E-07  7.4881863128E-01
  2.7878787879E-07  7.4741633493E-01
  2.8282828283E-07  7.4430560069E-01
  2.8686868687E-07  7.4039731510E-01
  2.9090909091E-07  7.3725617099E-01
  2.9494949495E-07  7.3650919458E-01
  2.9898989899E-07  7.3892366659E-01
  3.0303030303E-07  7.4362897280E-01
  3.0707070707E-07  7.4811461543E-01
  3.1111111111E-07  7.4933558988E-01
  3.1515151515E-07  7.4567415326E-01
  3.1919191919E-07  7.3877932428E-01
  3.2323232323E-07  7.3356731131E-01
  3.2727272727E-07  7.3488596737E-01
  3.3131313131E-07  7.4234181713E-01
  3.3535353535E-07  7.4879762152E-01
  3.3939393939E-07  7.4670839610E-01
  3.4343434343E-07  7.3838048526E-01
  3.4747474747E-07  7.3663339890E-01
  3.5151515152E-07  7.4619604873E-01
  3.5555555556E-07  7.5112891482E-01
  3.5959595960E-07  7.4347745034E-01
  3.6363636364E-07  7.4557207213E-01
  3.6767676768E-07  7.5359768966E-01
  3.7171717172E-07  7.4768610880E-01
  3.7575757576E-07  7.5475951870E-01
  3.7979797980E-07  7.5017664253E-01
  3.8383838384E-07  7.5535610495E-01
  3.8787878788E-07  7.5448828274E-01
  3.9191919192E-07  7.5284143090E-01
  3.9595959596E-07  7.4454807307E-01
  4.0000000000E-07  7.4375591425E-01
 BLOCKEND
