T	 X(B2_VACANCY,AL)	X(B2_VACANCY,C)	X(B2_VACANCY,CR)	X(B2_VACANCY,FE)	X(B2_VACANCY,MN)	X(B2_VACANCY,MO)	X(B2_VACANCY,NB)	X(B2_VACANCY,NI)	X(B2_VACANCY,SI)	X(B2_VACANCY,W)
1499.85	.3640502	0	0	0	0	0	0	.6359498	0	0
1490	.3649749	0	0	0	0	0	0	.6350251	0	0
1480	.3659165	0	0	0	0	0	0	.6340835	0	0
1470	.3668609	0	0	0	0	0	0	.6331391	0	0
1460	.3678083	0	0	0	0	0	0	.6321918	0	0
1450	.3687588	0	0	0	0	0	0	.6312412	0	0
1440	.3697119	0	0	0	0	0	0	.6302881	0	0
1430	.3706679	0	0	0	0	0	0	.6293321	0	0
1427.768	.3708816	0	0	0	0	0	0	.6291184	0	0
1427.768	.3708816	0	0	0	0	0	0	.6291184	0	0
1420	.3712821	0	0	0	0	0	0	.6287179	0	0
1410	.3718986	0	0	0	0	0	0	.6281014	0	0
1400	.3724981	0	0	0	0	0	0	.6275019	0	0
1390	.3730544	0	0	0	0	0	0	.6269456	0	0
1380	.3735775	0	0	0	0	0	0	.6264225	0	0
1370	.3740806	0	0	0	0	0	0	.6259194	0	0
1360	.3745731	0	0	0	0	0	0	.6254269	0	0
1350	.3750606	0	0	0	0	0	0	.6249394	0	0
1346.226	.375244	0	0	0	0	0	0	.624756	0	0
1346.226	.375244	0	0	0	0	0	0	.624756	0	0
1342.73	.3749508	0	0	0	0	0	0	.6250492	0	0
1342.73	.3749508	0	0	0	0	0	0	.6250492	0	0
1340	.3751036	0	0	0	0	0	0	.6248964	0	0
1330	.3756649	0	0	0	0	0	0	.6243351	0	0
1320	.376229	0	0	0	0	0	0	.623771	0	0
1310	.3767959	0	0	0	0	0	0	.6232041	0	0
1300	.3773655	0	0	0	0	0	0	.6226345	0	0
1290	.377938	0	0	0	0	0	0	.622062	0	0
1280	.3785133	0	0	0	0	0	0	.6214867	0	0
1270	.3790915	0	0	0	0	0	0	.6209085	0	0
1260	.3796724	0	0	0	0	0	0	.6203276	0	0
1250	.3802563	0	0	0	0	0	0	.6197437	0	0
1240	.380843	0	0	0	0	0	0	.619157	0	0
1230	.3814325	0	0	0	0	0	0	.6185675	0	0
1220	.382025	0	0	0	0	0	0	.617975	0	0
1210	.3826203	0	0	0	0	0	0	.6173797	0	0
1200	.3832184	0	0	0	0	0	0	.6167816	0	0
1200	.3832184	0	0	0	0	0	0	.6167816	0	0
1190	.3838195	0	0	0	0	0	0	.6161806	0	0
1180	.3844233	0	0	0	0	0	0	.6155767	0	0
1170	.38503	0	0	0	0	0	0	.61497	0	0
1160	.3856396	0	0	0	0	0	0	.6143604	0	0
1150	.386252	0	0	0	0	0	0	.613748	0	0
1140	.3868672	0	0	0	0	0	0	.6131328	0	0
1130	.3874852	0	0	0	0	0	0	.6125148	0	0
1120	.388106	0	0	0	0	0	0	.611894	0	0
1110	.3887296	0	0	0	0	0	0	.6112704	0	0
1100	.389356	0	0	0	0	0	0	.610644	0	0
1090	.3899851	0	0	0	0	0	0	.6100149	0	0
1080	.3906169	0	0	0	0	0	0	.6093831	0	0
1070	.3912514	0	0	0	0	0	0	.6087486	0	0
1060	.3918887	0	0	0	0	0	0	.6081114	0	0
1050	.3925286	0	0	0	0	0	0	.6074714	0	0
1040	.3931711	0	0	0	0	0	0	.6068289	0	0
1030	.3938163	0	0	0	0	0	0	.6061837	0	0
1020	.3944642	0	0	0	0	0	0	.6055358	0	0
1010	.3951146	0	0	0	0	0	0	.6048854	0	0
1000	.3957676	0	0	0	0	0	0	.6042324	0	0
990	.3964232	0	0	0	0	0	0	.6035768	0	0
980	.3970813	0	0	0	0	0	0	.6029187	0	0
970	.3977419	0	0	0	0	0	0	.6022581	0	0
960	.3984051	0	0	0	0	0	0	.6015949	0	0
950	.3990707	0	0	0	0	0	0	.6009293	0	0
940	.3997388	0	0	0	0	0	0	.6002612	0	0
930	.4004093	0	0	0	0	0	0	.5995907	0	0
920	.4010822	0	0	0	0	0	0	.5989178	0	0
910	.4017576	0	0	0	0	0	0	.5982424	0	0
900	.4024353	0	0	0	0	0	0	.5975647	0	0
890	.4031154	0	0	0	0	0	0	.5968846	0	0
880	.4037978	0	0	0	0	0	0	.5962022	0	0
870	.4044825	0	0	0	0	0	0	.5955175	0	0
860	.4051696	0	0	0	0	0	0	.5948304	0	0
850	.4058589	0	0	0	0	0	0	.5941411	0	0
840	.4065505	0	0	0	0	0	0	.5934495	0	0
830	.4072443	0	0	0	0	0	0	.5927557	0	0
820	.4079403	0	0	0	0	0	0	.5920597	0	0
810	.4086385	0	0	0	0	0	0	.5913615	0	0
800	.4093389	0	0	0	0	0	0	.5906611	0	0
790	.4100415	0	0	0	0	0	0	.5899585	0	0
780	.4107462	0	0	0	0	0	0	.5892538	0	0
770	.411453	0	0	0	0	0	0	.588547	0	0
760	.412162	0	0	0	0	0	0	.587838	0	0
750	.4128731	0	0	0	0	0	0	.5871269	0	0
740	.4135862	0	0	0	0	0	0	.5864138	0	0
730	.4143015	0	0	0	0	0	0	.5856985	0	0
720	.4150188	0	0	0	0	0	0	.5849812	0	0
720	.4150188	0	0	0	0	0	0	.5849812	0	0
710	.4157382	0	0	0	0	0	0	.5842618	0	0
706.9259	.4159598	0	0	0	0	0	0	.5840402	0	0
706.9259	.4159598	0	0	0	0	0	0	.5840402	0	0
700	.4162699	0	0	0	0	0	0	.5837301	0	0
690	.4167236	0	0	0	0	0	0	.5832764	0	0
680	.4171843	0	0	0	0	0	0	.5828157	0	0
670	.4176525	0	0	0	0	0	0	.5823475	0	0
660	.4181282	0	0	0	0	0	0	.5818718	0	0
650	.4186118	0	0	0	0	0	0	.5813882	0	0
640	.4191035	0	0	0	0	0	0	.5808965	0	0
630	.4196035	0	0	0	0	0	0	.5803965	0	0
630	.4196035	0	0	0	0	0	0	.5803965	0	0
620	.4201122	0	0	0	0	0	0	.5798878	0	0
610	.4206297	0	0	0	0	0	0	.5793703	0	0
600	.4211564	0	0	0	0	0	0	.5788436	0	0
590	.4216924	0	0	0	0	0	0	.5783077	0	0
580	.4222379	0	0	0	0	0	0	.5777621	0	0
570	.4227932	0	0	0	0	0	0	.5772068	0	0
560	.4233585	0	0	0	0	0	0	.5766415	0	0
550	.4239339	0	0	0	0	0	0	.5760661	0	0
540	.4245196	0	0	0	0	0	0	.5754804	0	0
530.0535	.4251124	0	0	0	0	0	0	.5748876	0	0
530.0535	.4251124	0	0	0	0	0	0	.5748876	0	0
530.0535	.4251124	0	0	0	0	0	0	.5748876	0	0
530	.4503953	0	0	0	0	0	0	.5496047	0	0
