
 Phase Region for:
     BCC_A2                        
     FCC_A1#1                      
     FCC_A1#2                      
     HCP_A3#1                      
     HCP_A3#2                      
 col-1=W(MN), col-2=HM(FCC_A1#1), col-3=HM(BCC_A2), col-4=HM(HCP_A3#1), col-5=HM1, col-6=HM2,
   5.12134E-03   9.85594E+03   2.00221E+03   7.63494E+03  -7.85373E+03  -2.22100E+03
   6.12134E-03   9.84482E+03   2.01511E+03   7.62781E+03  -7.82971E+03  -2.21701E+03
   7.12134E-03   9.83372E+03   2.02801E+03   7.62070E+03  -7.80571E+03  -2.21302E+03
   8.12134E-03   9.82264E+03   2.04091E+03   7.61360E+03  -7.78173E+03  -2.20904E+03
   9.12134E-03   9.81157E+03   2.05380E+03   7.60651E+03  -7.75777E+03  -2.20506E+03
   1.01213E-02   9.80052E+03   2.06669E+03   7.59943E+03  -7.73383E+03  -2.20109E+03
   1.11213E-02   9.78949E+03   2.07957E+03   7.59236E+03  -7.70991E+03  -2.19713E+03
   1.21213E-02   9.77847E+03   2.09245E+03   7.58530E+03  -7.68602E+03  -2.19317E+03
   1.31213E-02   9.76746E+03   2.10533E+03   7.57825E+03  -7.66214E+03  -2.18922E+03
   1.41213E-02   9.75648E+03   2.11820E+03   7.57120E+03  -7.63828E+03  -2.18527E+03
   1.51213E-02   9.74550E+03   2.13107E+03   7.56417E+03  -7.61444E+03  -2.18133E+03
   1.61213E-02   9.73454E+03   2.14393E+03   7.55715E+03  -7.59062E+03  -2.17739E+03
   1.71213E-02   9.72360E+03   2.15679E+03   7.55014E+03  -7.56681E+03  -2.17346E+03
   1.81213E-02   9.71267E+03   2.16964E+03   7.54314E+03  -7.54303E+03  -2.16953E+03
   1.91213E-02   9.70176E+03   2.18249E+03   7.53615E+03  -7.51927E+03  -2.16561E+03
   2.01213E-02   9.69086E+03   2.19534E+03   7.52917E+03  -7.49552E+03  -2.16169E+03
   2.11213E-02   9.67997E+03   2.20818E+03   7.52220E+03  -7.47180E+03  -2.15777E+03
   2.21213E-02   9.66910E+03   2.22102E+03   7.51524E+03  -7.44809E+03  -2.15386E+03
   2.31213E-02   9.65825E+03   2.23385E+03   7.50829E+03  -7.42440E+03  -2.14996E+03
   2.41213E-02   9.64740E+03   2.24668E+03   7.50135E+03  -7.40073E+03  -2.14605E+03
   2.51213E-02   9.63657E+03   2.25950E+03   7.49442E+03  -7.37707E+03  -2.14215E+03
   2.61213E-02   9.62576E+03   2.27232E+03   7.48750E+03  -7.35344E+03  -2.13826E+03
   2.71213E-02   9.61495E+03   2.28514E+03   7.48059E+03  -7.32982E+03  -2.13436E+03
   2.81213E-02   9.60416E+03   2.29795E+03   7.47369E+03  -7.30622E+03  -2.13047E+03
   2.91213E-02   9.59339E+03   2.31076E+03   7.46680E+03  -7.28263E+03  -2.12658E+03
   3.01213E-02   9.58262E+03   2.32356E+03   7.45993E+03  -7.25906E+03  -2.12270E+03
   3.11213E-02   9.57187E+03   2.33636E+03   7.45306E+03  -7.23551E+03  -2.11881E+03
   3.21213E-02   9.56113E+03   2.34915E+03   7.44620E+03  -7.21198E+03  -2.11493E+03
   3.31213E-02   9.55040E+03   2.36194E+03   7.43935E+03  -7.18846E+03  -2.11105E+03
   3.41213E-02   9.53969E+03   2.37473E+03   7.43251E+03  -7.16496E+03  -2.10718E+03
   3.51213E-02   9.52898E+03   2.38751E+03   7.42568E+03  -7.14148E+03  -2.10330E+03
   3.61213E-02   9.51829E+03   2.40028E+03   7.41887E+03  -7.11801E+03  -2.09942E+03
   3.71213E-02   9.50761E+03   2.41306E+03   7.41206E+03  -7.09455E+03  -2.09555E+03
   3.81213E-02   9.49694E+03   2.42582E+03   7.40526E+03  -7.07111E+03  -2.09168E+03
   3.91213E-02   9.48628E+03   2.43859E+03   7.39847E+03  -7.04769E+03  -2.08780E+03
   4.01213E-02   9.47563E+03   2.45135E+03   7.39169E+03  -7.02428E+03  -2.08393E+03
   4.11213E-02   9.46499E+03   2.46410E+03   7.38493E+03  -7.00089E+03  -2.08006E+03
   4.21213E-02   9.45436E+03   2.47685E+03   7.37817E+03  -6.97751E+03  -2.07619E+03
   4.31213E-02   9.44374E+03   2.48960E+03   7.37142E+03  -6.95414E+03  -2.07232E+03
   4.41213E-02   9.43313E+03   2.50234E+03   7.36469E+03  -6.93079E+03  -2.06844E+03
   4.51213E-02   9.42253E+03   2.51508E+03   7.35796E+03  -6.90745E+03  -2.06457E+03
   4.61213E-02   9.41194E+03   2.52781E+03   7.35124E+03  -6.88413E+03  -2.06069E+03
   4.71213E-02   9.40136E+03   2.54054E+03   7.34454E+03  -6.86082E+03  -2.05682E+03
   4.81213E-02   9.39078E+03   2.55326E+03   7.33784E+03  -6.83752E+03  -2.05294E+03
   4.91213E-02   9.38022E+03   2.56598E+03   7.33116E+03  -6.81424E+03  -2.04906E+03
   5.01213E-02   9.36966E+03   2.57869E+03   7.32448E+03  -6.79097E+03  -2.04518E+03
   5.11213E-02   9.35911E+03   2.59141E+03   7.31782E+03  -6.76771E+03  -2.04130E+03
   5.21213E-02   9.34857E+03   2.60411E+03   7.31116E+03  -6.74446E+03  -2.03741E+03
   5.31213E-02   9.33804E+03   2.61681E+03   7.30452E+03  -6.72123E+03  -2.03352E+03
   5.41213E-02   9.32751E+03   2.62951E+03   7.29788E+03  -6.69800E+03  -2.02963E+03
   5.51213E-02   9.31700E+03   2.64220E+03   7.29126E+03  -6.67479E+03  -2.02574E+03
   5.61213E-02   9.30648E+03   2.65489E+03   7.28464E+03  -6.65159E+03  -2.02184E+03
   5.71213E-02   9.29598E+03   2.66758E+03   7.27804E+03  -6.62840E+03  -2.01794E+03
   5.81213E-02   9.28548E+03   2.68026E+03   7.27144E+03  -6.60522E+03  -2.01404E+03
   5.91213E-02   9.27499E+03   2.69293E+03   7.26486E+03  -6.58206E+03  -2.01013E+03
   6.01213E-02   9.26450E+03   2.70560E+03   7.25829E+03  -6.55890E+03  -2.00621E+03
   6.11213E-02   9.25402E+03   2.71827E+03   7.25172E+03  -6.53575E+03  -2.00230E+03
   6.21213E-02   9.24354E+03   2.73093E+03   7.24517E+03  -6.51261E+03  -1.99837E+03
   6.31213E-02   9.23307E+03   2.74359E+03   7.23863E+03  -6.48948E+03  -1.99444E+03
   6.41213E-02   9.22261E+03   2.75624E+03   7.23210E+03  -6.46636E+03  -1.99051E+03
   6.51213E-02   9.21215E+03   2.76889E+03   7.22557E+03  -6.44325E+03  -1.98657E+03
   6.61213E-02   9.20169E+03   2.78153E+03   7.21906E+03  -6.42015E+03  -1.98263E+03
   6.71213E-02   9.19124E+03   2.79417E+03   7.21256E+03  -6.39706E+03  -1.97868E+03
   6.81213E-02   9.18079E+03   2.80681E+03   7.20607E+03  -6.37398E+03  -1.97472E+03
   6.91213E-02   9.17034E+03   2.81944E+03   7.19959E+03  -6.35090E+03  -1.97076E+03
   7.01213E-02   9.15990E+03   2.83207E+03   7.19311E+03  -6.32783E+03  -1.96679E+03
   7.11213E-02   9.14946E+03   2.84469E+03   7.18665E+03  -6.30477E+03  -1.96281E+03
   7.21213E-02   9.13903E+03   2.85731E+03   7.18020E+03  -6.28172E+03  -1.95882E+03
   7.31213E-02   9.12859E+03   2.86992E+03   7.17376E+03  -6.25867E+03  -1.95483E+03
   7.41213E-02   9.11816E+03   2.88253E+03   7.16733E+03  -6.23564E+03  -1.95083E+03
   7.51213E-02   9.10774E+03   2.89513E+03   7.16091E+03  -6.21260E+03  -1.94682E+03
   7.61213E-02   9.09731E+03   2.90773E+03   7.15450E+03  -6.18958E+03  -1.94281E+03
   7.71213E-02   9.08689E+03   2.92033E+03   7.14810E+03  -6.16656E+03  -1.93878E+03
   7.81213E-02   9.07646E+03   2.93292E+03   7.14171E+03  -6.14354E+03  -1.93475E+03
   7.91213E-02   9.06604E+03   2.94551E+03   7.13534E+03  -6.12054E+03  -1.93071E+03
   8.01213E-02   9.05562E+03   2.95809E+03   7.12897E+03  -6.09753E+03  -1.92665E+03
   8.11213E-02   9.04520E+03   2.97066E+03   7.12261E+03  -6.07454E+03  -1.92259E+03
   8.21213E-02   9.03478E+03   2.98324E+03   7.11626E+03  -6.05154E+03  -1.91852E+03
   8.31213E-02   9.02436E+03   2.99581E+03   7.10992E+03  -6.02856E+03  -1.91444E+03
   8.41213E-02   9.01395E+03   3.00837E+03   7.10359E+03  -6.00557E+03  -1.91035E+03
   8.51213E-02   9.00353E+03   3.02093E+03   7.09728E+03  -5.98260E+03  -1.90625E+03
   8.61213E-02   8.99311E+03   3.03349E+03   7.09097E+03  -5.95962E+03  -1.90214E+03
   8.71213E-02   8.98269E+03   3.04604E+03   7.08467E+03  -5.93665E+03  -1.89802E+03
   8.81213E-02   8.97227E+03   3.05858E+03   7.07839E+03  -5.91368E+03  -1.89388E+03
   8.91213E-02   8.96185E+03   3.07113E+03   7.07211E+03  -5.89072E+03  -1.88974E+03
   9.01213E-02   8.95142E+03   3.08366E+03   7.06584E+03  -5.86776E+03  -1.88558E+03
   9.11213E-02   8.94100E+03   3.09620E+03   7.05959E+03  -5.84480E+03  -1.88141E+03
   9.21213E-02   8.93058E+03   3.10873E+03   7.05334E+03  -5.82185E+03  -1.87723E+03
   9.31213E-02   8.92015E+03   3.12125E+03   7.04711E+03  -5.79890E+03  -1.87304E+03
   9.41213E-02   8.90972E+03   3.13377E+03   7.04088E+03  -5.77595E+03  -1.86883E+03
   9.51213E-02   8.89929E+03   3.14629E+03   7.03467E+03  -5.75300E+03  -1.86462E+03
   9.61213E-02   8.88885E+03   3.15880E+03   7.02847E+03  -5.73005E+03  -1.86039E+03
   9.71213E-02   8.87841E+03   3.17131E+03   7.02227E+03  -5.70711E+03  -1.85614E+03
   9.81213E-02   8.86797E+03   3.18381E+03   7.01609E+03  -5.68417E+03  -1.85189E+03
   9.91213E-02   8.85753E+03   3.19631E+03   7.00991E+03  -5.66122E+03  -1.84762E+03
   1.00121E-01   8.84708E+03   3.20880E+03   7.00375E+03  -5.63828E+03  -1.84333E+03
   1.01121E-01   8.83663E+03   3.22129E+03   6.99760E+03  -5.61534E+03  -1.83904E+03
   1.02121E-01   8.82618E+03   3.23378E+03   6.99146E+03  -5.59241E+03  -1.83472E+03
   1.03121E-01   8.81572E+03   3.24626E+03   6.98532E+03  -5.56947E+03  -1.83040E+03
   1.04121E-01   8.80526E+03   3.25873E+03   6.97920E+03  -5.54653E+03  -1.82606E+03
   1.05121E-01   8.79479E+03   3.27120E+03   6.97309E+03  -5.52359E+03  -1.82170E+03
   1.06121E-01   8.78432E+03   3.28367E+03   6.96699E+03  -5.50065E+03  -1.81733E+03
   1.07121E-01   8.77385E+03   3.29614E+03   6.96090E+03  -5.47771E+03  -1.81295E+03
   1.08121E-01   8.76337E+03   3.30860E+03   6.95482E+03  -5.45477E+03  -1.80855E+03
   1.09121E-01   8.75288E+03   3.32105E+03   6.94875E+03  -5.43183E+03  -1.80413E+03
   1.10121E-01   8.74239E+03   3.33350E+03   6.94269E+03  -5.40889E+03  -1.79970E+03
   1.11121E-01   8.73189E+03   3.34595E+03   6.93664E+03  -5.38594E+03  -1.79525E+03
   1.12121E-01   8.72139E+03   3.35839E+03   6.93060E+03  -5.36300E+03  -1.79079E+03
   1.13121E-01   8.71088E+03   3.37083E+03   6.92457E+03  -5.34005E+03  -1.78631E+03
   1.14121E-01   8.70036E+03   3.38326E+03   6.91855E+03  -5.31710E+03  -1.78181E+03
   1.15121E-01   8.68984E+03   3.39569E+03   6.91255E+03  -5.29415E+03  -1.77730E+03
   1.16121E-01   8.67932E+03   3.40811E+03   6.90655E+03  -5.27120E+03  -1.77277E+03
   1.17121E-01   8.66878E+03   3.42053E+03   6.90056E+03  -5.24825E+03  -1.76822E+03
   1.18121E-01   8.65824E+03   3.43295E+03   6.89458E+03  -5.22529E+03  -1.76366E+03
   1.19121E-01   8.64769E+03   3.44536E+03   6.88862E+03  -5.20233E+03  -1.75908E+03
   1.20121E-01   8.63714E+03   3.45777E+03   6.88266E+03  -5.17937E+03  -1.75448E+03
   1.21121E-01   8.62658E+03   3.47018E+03   6.87671E+03  -5.15640E+03  -1.74986E+03
   1.22121E-01   8.61601E+03   3.48258E+03   6.87078E+03  -5.13343E+03  -1.74523E+03
   1.23121E-01   8.60543E+03   3.49497E+03   6.86485E+03  -5.11046E+03  -1.74057E+03
   1.24121E-01   8.59484E+03   3.50736E+03   6.85894E+03  -5.08748E+03  -1.73590E+03
   1.25121E-01   8.58425E+03   3.51975E+03   6.85303E+03  -5.06450E+03  -1.73122E+03
   1.26121E-01   8.57365E+03   3.53213E+03   6.84714E+03  -5.04151E+03  -1.72651E+03
   1.27121E-01   8.56304E+03   3.54451E+03   6.84125E+03  -5.01852E+03  -1.72178E+03
   1.28121E-01   8.55242E+03   3.55689E+03   6.83538E+03  -4.99553E+03  -1.71704E+03
   1.29121E-01   8.54179E+03   3.56926E+03   6.82952E+03  -4.97253E+03  -1.71227E+03
   1.30121E-01   8.53115E+03   3.58162E+03   6.82366E+03  -4.94953E+03  -1.70749E+03
   1.31121E-01   8.52051E+03   3.59399E+03   6.81782E+03  -4.92652E+03  -1.70268E+03
   1.32121E-01   8.50985E+03   3.60634E+03   6.81199E+03  -4.90351E+03  -1.69786E+03
   1.33121E-01   8.49919E+03   3.61870E+03   6.80617E+03  -4.88049E+03  -1.69302E+03
   1.34121E-01   8.48851E+03   3.63105E+03   6.80036E+03  -4.85746E+03  -1.68816E+03
   1.35121E-01   8.47783E+03   3.64340E+03   6.79456E+03  -4.83443E+03  -1.68327E+03
   1.36121E-01   8.46714E+03   3.65574E+03   6.78877E+03  -4.81140E+03  -1.67837E+03
   1.37121E-01   8.45643E+03   3.66808E+03   6.78299E+03  -4.78836E+03  -1.67345E+03
   1.38121E-01   8.44572E+03   3.68041E+03   6.77722E+03  -4.76531E+03  -1.66850E+03
   1.39121E-01   8.43499E+03   3.69274E+03   6.77146E+03  -4.74225E+03  -1.66354E+03
   1.40121E-01   8.42426E+03   3.70507E+03   6.76571E+03  -4.71919E+03  -1.65855E+03
   1.41121E-01   8.41351E+03   3.71739E+03   6.75997E+03  -4.69612E+03  -1.65354E+03
   1.42121E-01   8.40275E+03   3.72971E+03   6.75424E+03  -4.67304E+03  -1.64851E+03
   1.43121E-01   8.39199E+03   3.74202E+03   6.74852E+03  -4.64996E+03  -1.64346E+03
   1.44121E-01   8.38121E+03   3.75434E+03   6.74281E+03  -4.62687E+03  -1.63839E+03
   1.45121E-01   8.37041E+03   3.76664E+03   6.73712E+03  -4.60377E+03  -1.63330E+03
   1.46121E-01   8.35961E+03   3.77895E+03   6.73143E+03  -4.58066E+03  -1.62818E+03
   1.47121E-01   8.34880E+03   3.79125E+03   6.72575E+03  -4.55755E+03  -1.62304E+03
   1.48121E-01   8.33797E+03   3.80354E+03   6.72009E+03  -4.53443E+03  -1.61788E+03
   1.49121E-01   8.32713E+03   3.81583E+03   6.71443E+03  -4.51130E+03  -1.61270E+03
   1.50121E-01   8.31628E+03   3.82812E+03   6.70879E+03  -4.48816E+03  -1.60749E+03
   1.51121E-01   8.30541E+03   3.84041E+03   6.70315E+03  -4.46501E+03  -1.60226E+03
   1.52121E-01   8.29454E+03   3.85269E+03   6.69753E+03  -4.44185E+03  -1.59701E+03
   1.53121E-01   8.28365E+03   3.86497E+03   6.69191E+03  -4.41868E+03  -1.59173E+03
   1.54121E-01   8.27274E+03   3.87724E+03   6.68631E+03  -4.39550E+03  -1.58643E+03
   1.55121E-01   8.26182E+03   3.88951E+03   6.68072E+03  -4.37231E+03  -1.58111E+03
   1.56121E-01   8.25089E+03   3.90178E+03   6.67513E+03  -4.34912E+03  -1.57576E+03
   1.57121E-01   8.23995E+03   3.91404E+03   6.66956E+03  -4.32591E+03  -1.57039E+03
   1.58121E-01   8.22899E+03   3.92630E+03   6.66400E+03  -4.30269E+03  -1.56499E+03
   1.59121E-01   8.21801E+03   3.93856E+03   6.65845E+03  -4.27946E+03  -1.55957E+03
   1.60121E-01   8.20703E+03   3.95081E+03   6.65291E+03  -4.25622E+03  -1.55412E+03
   1.61121E-01   8.19602E+03   3.96306E+03   6.64737E+03  -4.23296E+03  -1.54865E+03
   1.62121E-01   8.18500E+03   3.97530E+03   6.64185E+03  -4.20970E+03  -1.54315E+03
   1.63121E-01   8.17397E+03   3.98755E+03   6.63634E+03  -4.18642E+03  -1.53763E+03
   1.64121E-01   8.16292E+03   3.99978E+03   6.63084E+03  -4.16313E+03  -1.53208E+03
   1.65121E-01   8.15185E+03   4.01202E+03   6.62535E+03  -4.13983E+03  -1.52650E+03
   1.66121E-01   8.14077E+03   4.02425E+03   6.61988E+03  -4.11652E+03  -1.52089E+03
   1.67121E-01   8.12967E+03   4.03648E+03   6.61441E+03  -4.09319E+03  -1.51526E+03
   1.68121E-01   8.11856E+03   4.04871E+03   6.60895E+03  -4.06985E+03  -1.50961E+03
   1.69121E-01   8.10742E+03   4.06093E+03   6.60350E+03  -4.04649E+03  -1.50392E+03
   1.70121E-01   8.09627E+03   4.07315E+03   6.59806E+03  -4.02312E+03  -1.49821E+03
   1.71121E-01   8.08510E+03   4.08537E+03   6.59264E+03  -3.99974E+03  -1.49247E+03
   1.72121E-01   8.07392E+03   4.09758E+03   6.58722E+03  -3.97634E+03  -1.48670E+03
   1.73121E-01   8.06271E+03   4.10979E+03   6.58182E+03  -3.95292E+03  -1.48090E+03
   1.74121E-01   8.05149E+03   4.12200E+03   6.57642E+03  -3.92949E+03  -1.47507E+03
   1.75121E-01   8.04025E+03   4.13420E+03   6.57104E+03  -3.90604E+03  -1.46921E+03
   1.76121E-01   8.02898E+03   4.14640E+03   6.56566E+03  -3.88258E+03  -1.46332E+03
   1.77121E-01   8.01770E+03   4.15860E+03   6.56030E+03  -3.85910E+03  -1.45740E+03
   1.78121E-01   8.00640E+03   4.17080E+03   6.55494E+03  -3.83560E+03  -1.45145E+03
   1.79121E-01   7.99507E+03   4.18299E+03   6.54960E+03  -3.81208E+03  -1.44547E+03
   1.80121E-01   7.98373E+03   4.19518E+03   6.54427E+03  -3.78855E+03  -1.43946E+03
   1.81121E-01   7.97236E+03   4.20737E+03   6.53894E+03  -3.76499E+03  -1.43341E+03
   1.82121E-01   7.96097E+03   4.21955E+03   6.53363E+03  -3.74142E+03  -1.42734E+03
   1.83121E-01   7.94956E+03   4.23173E+03   6.52833E+03  -3.71782E+03  -1.42123E+03
   1.84121E-01   7.93812E+03   4.24391E+03   6.52304E+03  -3.69421E+03  -1.41508E+03
   1.85121E-01   7.92666E+03   4.25609E+03   6.51776E+03  -3.67057E+03  -1.40890E+03
   1.86121E-01   7.91518E+03   4.26826E+03   6.51249E+03  -3.64692E+03  -1.40269E+03
   1.87121E-01   7.90367E+03   4.28043E+03   6.50723E+03  -3.62323E+03  -1.39644E+03
   1.88121E-01   7.89213E+03   4.29260E+03   6.50198E+03  -3.59953E+03  -1.39015E+03
   1.89121E-01   7.88057E+03   4.30477E+03   6.49674E+03  -3.57580E+03  -1.38383E+03
   1.90121E-01   7.86898E+03   4.31693E+03   6.49151E+03  -3.55205E+03  -1.37747E+03
   1.91121E-01   7.85737E+03   4.32909E+03   6.48629E+03  -3.52828E+03  -1.37108E+03
   1.92121E-01   7.84573E+03   4.34125E+03   6.48108E+03  -3.50447E+03  -1.36464E+03
   1.93121E-01   7.83406E+03   4.35341E+03   6.47589E+03  -3.48065E+03  -1.35817E+03
   1.94121E-01   7.82235E+03   4.36556E+03   6.47070E+03  -3.45679E+03  -1.35166E+03
   1.95121E-01   7.81062E+03   4.37772E+03   6.46552E+03  -3.43291E+03  -1.34510E+03
   1.96121E-01   7.79886E+03   4.38987E+03   6.46036E+03  -3.40899E+03  -1.33851E+03
   1.97121E-01   7.78707E+03   4.40202E+03   6.45520E+03  -3.38505E+03  -1.33187E+03
   1.98121E-01   7.77524E+03   4.41416E+03   6.45006E+03  -3.36108E+03  -1.32519E+03
   1.99121E-01   7.76338E+03   4.42631E+03   6.44492E+03  -3.33707E+03  -1.31846E+03
   1.99990E-01   7.75305E+03   4.43686E+03   6.44047E+03  -3.31619E+03  -1.31258E+03

 Phase Region for:
     BCC_A2                        
     FCC_A1#1                      
     FCC_A1#2                      
     HCP_A3#1                      
     HCP_A3#2                      
 col-1=W(MN), col-2=HM(FCC_A1#1), col-3=HM(BCC_A2), col-4=HM(HCP_A3#1), col-5=HM1, col-6=HM2,
   5.12134E-03   9.85594E+03   2.00221E+03   7.63494E+03  -7.85373E+03  -2.22100E+03
   4.12134E-03   9.86707E+03   1.98930E+03   7.64207E+03  -7.87777E+03  -2.22500E+03
   3.12134E-03   9.87822E+03   1.97638E+03   7.64921E+03  -7.90183E+03  -2.22901E+03
   2.12134E-03   9.88938E+03   1.96347E+03   7.65636E+03  -7.92592E+03  -2.23302E+03
   1.12134E-03   9.90056E+03   1.95054E+03   7.66352E+03  -7.95002E+03  -2.23704E+03
   1.21337E-04   9.91176E+03   1.93762E+03   7.67070E+03  -7.97414E+03  -2.24107E+03
   1.10000E-04   9.91189E+03   1.93747E+03   7.67078E+03  -7.97442E+03  -2.24111E+03
