
 Phase Region for:
     BCC_A2                        
     FCC_A1#1                      
     FCC_A1#2                      
     HCP_A3#1                      
     HCP_A3#2                      
 col-1=W(C), col-2=GM(FCC_A1#1), col-3=GM(BCC_A2), col-4=GM(HCP_A3#1), col-5=GM1, col-6=GM2,
   6.40107E-03  -1.45447E+04  -1.61813E+04  -1.35103E+04  -1.63662E+03   1.03440E+03
   9.99900E-04  -1.51744E+04  -1.80012E+04  -1.48238E+04  -2.82683E+03   3.50546E+02

 Phase Region for:
     BCC_A2                        
     FCC_A1#1                      
     FCC_A1#2                      
     HCP_A3#1                      
     HCP_A3#2                      
 col-1=W(C), col-2=GM(FCC_A1#1), col-3=GM(BCC_A2), col-4=GM(HCP_A3#1), col-5=GM1, col-6=GM2,
   6.40107E-03  -1.45447E+04  -1.61813E+04  -1.35103E+04  -1.63662E+03   1.03440E+03
   6.39107E-03  -1.45460E+04  -1.61848E+04  -1.35129E+04  -1.63874E+03   1.03311E+03
   6.38107E-03  -1.45474E+04  -1.61882E+04  -1.35155E+04  -1.64087E+03   1.03183E+03
   6.37107E-03  -1.45487E+04  -1.61917E+04  -1.35182E+04  -1.64299E+03   1.03054E+03
   6.36107E-03  -1.45500E+04  -1.61951E+04  -1.35208E+04  -1.64511E+03   1.02926E+03
   6.35107E-03  -1.45514E+04  -1.61986E+04  -1.35234E+04  -1.64723E+03   1.02798E+03
   6.34107E-03  -1.45527E+04  -1.62020E+04  -1.35260E+04  -1.64935E+03   1.02669E+03
   6.33107E-03  -1.45540E+04  -1.62055E+04  -1.35286E+04  -1.65148E+03   1.02541E+03
   6.32107E-03  -1.45553E+04  -1.62089E+04  -1.35312E+04  -1.65360E+03   1.02412E+03
   6.31107E-03  -1.45567E+04  -1.62124E+04  -1.35338E+04  -1.65573E+03   1.02284E+03
   6.30107E-03  -1.45580E+04  -1.62158E+04  -1.35364E+04  -1.65785E+03   1.02155E+03
   6.29107E-03  -1.45593E+04  -1.62193E+04  -1.35390E+04  -1.65997E+03   1.02027E+03
   6.28107E-03  -1.45606E+04  -1.62227E+04  -1.35417E+04  -1.66210E+03   1.01899E+03
   6.27107E-03  -1.45620E+04  -1.62262E+04  -1.35443E+04  -1.66422E+03   1.01770E+03
   6.26107E-03  -1.45633E+04  -1.62296E+04  -1.35469E+04  -1.66635E+03   1.01642E+03
   6.25107E-03  -1.45646E+04  -1.62331E+04  -1.35495E+04  -1.66847E+03   1.01513E+03
   6.24107E-03  -1.45659E+04  -1.62365E+04  -1.35521E+04  -1.67060E+03   1.01385E+03
   6.23107E-03  -1.45673E+04  -1.62400E+04  -1.35547E+04  -1.67273E+03   1.01257E+03
   6.22107E-03  -1.45686E+04  -1.62434E+04  -1.35573E+04  -1.67485E+03   1.01128E+03
   6.21107E-03  -1.45699E+04  -1.62469E+04  -1.35599E+04  -1.67698E+03   1.01000E+03
   6.20107E-03  -1.45712E+04  -1.62503E+04  -1.35625E+04  -1.67911E+03   1.00872E+03
   6.19107E-03  -1.45725E+04  -1.62538E+04  -1.35651E+04  -1.68123E+03   1.00743E+03
   6.18107E-03  -1.45739E+04  -1.62572E+04  -1.35677E+04  -1.68336E+03   1.00615E+03
   6.17107E-03  -1.45752E+04  -1.62607E+04  -1.35703E+04  -1.68549E+03   1.00487E+03
   6.16107E-03  -1.45765E+04  -1.62641E+04  -1.35729E+04  -1.68762E+03   1.00358E+03
   6.15107E-03  -1.45778E+04  -1.62676E+04  -1.35755E+04  -1.68975E+03   1.00230E+03
   6.14107E-03  -1.45791E+04  -1.62710E+04  -1.35781E+04  -1.69188E+03   1.00102E+03
   6.13107E-03  -1.45805E+04  -1.62745E+04  -1.35807E+04  -1.69400E+03   9.99735E+02
   6.12107E-03  -1.45818E+04  -1.62779E+04  -1.35833E+04  -1.69613E+03   9.98452E+02
   6.11107E-03  -1.45831E+04  -1.62814E+04  -1.35859E+04  -1.69826E+03   9.97169E+02
   6.10107E-03  -1.45844E+04  -1.62848E+04  -1.35885E+04  -1.70039E+03   9.95886E+02
   6.09107E-03  -1.45857E+04  -1.62883E+04  -1.35911E+04  -1.70252E+03   9.94604E+02
   6.08107E-03  -1.45870E+04  -1.62917E+04  -1.35937E+04  -1.70466E+03   9.93321E+02
   6.07107E-03  -1.45884E+04  -1.62951E+04  -1.35963E+04  -1.70679E+03   9.92038E+02
   6.06107E-03  -1.45897E+04  -1.62986E+04  -1.35989E+04  -1.70892E+03   9.90756E+02
   6.05107E-03  -1.45910E+04  -1.63020E+04  -1.36015E+04  -1.71105E+03   9.89474E+02
   6.04107E-03  -1.45923E+04  -1.63055E+04  -1.36041E+04  -1.71318E+03   9.88191E+02
   6.03107E-03  -1.45936E+04  -1.63089E+04  -1.36067E+04  -1.71531E+03   9.86909E+02
   6.02107E-03  -1.45949E+04  -1.63124E+04  -1.36093E+04  -1.71745E+03   9.85627E+02
   6.01107E-03  -1.45963E+04  -1.63158E+04  -1.36119E+04  -1.71958E+03   9.84345E+02
   6.00107E-03  -1.45976E+04  -1.63193E+04  -1.36145E+04  -1.72171E+03   9.83063E+02
   5.99107E-03  -1.45989E+04  -1.63227E+04  -1.36171E+04  -1.72385E+03   9.81781E+02
   5.98107E-03  -1.46002E+04  -1.63262E+04  -1.36197E+04  -1.72598E+03   9.80499E+02
   5.97107E-03  -1.46015E+04  -1.63296E+04  -1.36223E+04  -1.72811E+03   9.79217E+02
   5.96107E-03  -1.46028E+04  -1.63331E+04  -1.36249E+04  -1.73025E+03   9.77935E+02
   5.95107E-03  -1.46041E+04  -1.63365E+04  -1.36275E+04  -1.73238E+03   9.76653E+02
   5.94107E-03  -1.46054E+04  -1.63399E+04  -1.36301E+04  -1.73452E+03   9.75372E+02
   5.93107E-03  -1.46067E+04  -1.63434E+04  -1.36327E+04  -1.73665E+03   9.74090E+02
   5.92107E-03  -1.46081E+04  -1.63468E+04  -1.36352E+04  -1.73879E+03   9.72809E+02
   5.91107E-03  -1.46094E+04  -1.63503E+04  -1.36378E+04  -1.74092E+03   9.71527E+02
   5.90107E-03  -1.46107E+04  -1.63537E+04  -1.36404E+04  -1.74306E+03   9.70246E+02
   5.89107E-03  -1.46120E+04  -1.63572E+04  -1.36430E+04  -1.74520E+03   9.68965E+02
   5.88107E-03  -1.46133E+04  -1.63606E+04  -1.36456E+04  -1.74733E+03   9.67683E+02
   5.87107E-03  -1.46146E+04  -1.63641E+04  -1.36482E+04  -1.74947E+03   9.66402E+02
   5.86107E-03  -1.46159E+04  -1.63675E+04  -1.36508E+04  -1.75161E+03   9.65121E+02
   5.85107E-03  -1.46172E+04  -1.63710E+04  -1.36534E+04  -1.75374E+03   9.63840E+02
   5.84107E-03  -1.46185E+04  -1.63744E+04  -1.36560E+04  -1.75588E+03   9.62559E+02
   5.83107E-03  -1.46198E+04  -1.63778E+04  -1.36585E+04  -1.75802E+03   9.61278E+02
   5.82107E-03  -1.46211E+04  -1.63813E+04  -1.36611E+04  -1.76016E+03   9.59997E+02
   5.81107E-03  -1.46224E+04  -1.63847E+04  -1.36637E+04  -1.76230E+03   9.58717E+02
   5.80107E-03  -1.46237E+04  -1.63882E+04  -1.36663E+04  -1.76444E+03   9.57436E+02
   5.79107E-03  -1.46250E+04  -1.63916E+04  -1.36689E+04  -1.76658E+03   9.56155E+02
   5.78107E-03  -1.46263E+04  -1.63951E+04  -1.36715E+04  -1.76872E+03   9.54875E+02
   5.77107E-03  -1.46276E+04  -1.63985E+04  -1.36740E+04  -1.77086E+03   9.53594E+02
   5.76107E-03  -1.46289E+04  -1.64019E+04  -1.36766E+04  -1.77300E+03   9.52314E+02
   5.75107E-03  -1.46302E+04  -1.64054E+04  -1.36792E+04  -1.77514E+03   9.51034E+02
   5.74107E-03  -1.46315E+04  -1.64088E+04  -1.36818E+04  -1.77728E+03   9.49753E+02
   5.73107E-03  -1.46328E+04  -1.64123E+04  -1.36844E+04  -1.77942E+03   9.48473E+02
   5.72107E-03  -1.46341E+04  -1.64157E+04  -1.36870E+04  -1.78156E+03   9.47193E+02
   5.71107E-03  -1.46354E+04  -1.64192E+04  -1.36895E+04  -1.78370E+03   9.45913E+02
   5.70107E-03  -1.46367E+04  -1.64226E+04  -1.36921E+04  -1.78585E+03   9.44633E+02
   5.69107E-03  -1.46380E+04  -1.64260E+04  -1.36947E+04  -1.78799E+03   9.43353E+02
   5.68107E-03  -1.46393E+04  -1.64295E+04  -1.36973E+04  -1.79013E+03   9.42073E+02
   5.67107E-03  -1.46406E+04  -1.64329E+04  -1.36999E+04  -1.79227E+03   9.40793E+02
   5.66107E-03  -1.46419E+04  -1.64364E+04  -1.37024E+04  -1.79442E+03   9.39514E+02
   5.65107E-03  -1.46432E+04  -1.64398E+04  -1.37050E+04  -1.79656E+03   9.38234E+02
   5.64107E-03  -1.46445E+04  -1.64432E+04  -1.37076E+04  -1.79870E+03   9.36955E+02
   5.63107E-03  -1.46458E+04  -1.64467E+04  -1.37102E+04  -1.80085E+03   9.35675E+02
   5.62107E-03  -1.46471E+04  -1.64501E+04  -1.37127E+04  -1.80299E+03   9.34396E+02
   5.61107E-03  -1.46484E+04  -1.64536E+04  -1.37153E+04  -1.80514E+03   9.33116E+02
   5.60107E-03  -1.46497E+04  -1.64570E+04  -1.37179E+04  -1.80728E+03   9.31837E+02
   5.59107E-03  -1.46510E+04  -1.64604E+04  -1.37205E+04  -1.80943E+03   9.30558E+02
   5.58107E-03  -1.46523E+04  -1.64639E+04  -1.37230E+04  -1.81157E+03   9.29279E+02
   5.57107E-03  -1.46536E+04  -1.64673E+04  -1.37256E+04  -1.81372E+03   9.28000E+02
   5.56107E-03  -1.46549E+04  -1.64708E+04  -1.37282E+04  -1.81587E+03   9.26720E+02
   5.55107E-03  -1.46562E+04  -1.64742E+04  -1.37307E+04  -1.81801E+03   9.25442E+02
   5.54107E-03  -1.46575E+04  -1.64776E+04  -1.37333E+04  -1.82016E+03   9.24163E+02
   5.53107E-03  -1.46588E+04  -1.64811E+04  -1.37359E+04  -1.82231E+03   9.22884E+02
   5.52107E-03  -1.46601E+04  -1.64845E+04  -1.37385E+04  -1.82446E+03   9.21605E+02
   5.51107E-03  -1.46614E+04  -1.64880E+04  -1.37410E+04  -1.82660E+03   9.20326E+02
   5.50107E-03  -1.46626E+04  -1.64914E+04  -1.37436E+04  -1.82875E+03   9.19048E+02
   5.49107E-03  -1.46639E+04  -1.64948E+04  -1.37462E+04  -1.83090E+03   9.17769E+02
   5.48107E-03  -1.46652E+04  -1.64983E+04  -1.37487E+04  -1.83305E+03   9.16491E+02
   5.47107E-03  -1.46665E+04  -1.65017E+04  -1.37513E+04  -1.83520E+03   9.15212E+02
   5.46107E-03  -1.46678E+04  -1.65052E+04  -1.37539E+04  -1.83735E+03   9.13934E+02
   5.45107E-03  -1.46691E+04  -1.65086E+04  -1.37564E+04  -1.83950E+03   9.12656E+02
   5.44107E-03  -1.46704E+04  -1.65120E+04  -1.37590E+04  -1.84165E+03   9.11378E+02
   5.43107E-03  -1.46717E+04  -1.65155E+04  -1.37616E+04  -1.84380E+03   9.10100E+02
   5.42107E-03  -1.46730E+04  -1.65189E+04  -1.37641E+04  -1.84595E+03   9.08821E+02
   5.41107E-03  -1.46742E+04  -1.65223E+04  -1.37667E+04  -1.84810E+03   9.07543E+02
   5.40107E-03  -1.46755E+04  -1.65258E+04  -1.37693E+04  -1.85025E+03   9.06266E+02
   5.39107E-03  -1.46768E+04  -1.65292E+04  -1.37718E+04  -1.85240E+03   9.04988E+02
   5.38107E-03  -1.46781E+04  -1.65327E+04  -1.37744E+04  -1.85455E+03   9.03710E+02
   5.37107E-03  -1.46794E+04  -1.65361E+04  -1.37769E+04  -1.85671E+03   9.02432E+02
   5.36107E-03  -1.46807E+04  -1.65395E+04  -1.37795E+04  -1.85886E+03   9.01155E+02
   5.35107E-03  -1.46819E+04  -1.65430E+04  -1.37821E+04  -1.86101E+03   8.99877E+02
   5.34107E-03  -1.46832E+04  -1.65464E+04  -1.37846E+04  -1.86316E+03   8.98600E+02
   5.33107E-03  -1.46845E+04  -1.65498E+04  -1.37872E+04  -1.86532E+03   8.97322E+02
   5.32107E-03  -1.46858E+04  -1.65533E+04  -1.37898E+04  -1.86747E+03   8.96045E+02
   5.31107E-03  -1.46871E+04  -1.65567E+04  -1.37923E+04  -1.86962E+03   8.94767E+02
   5.30107E-03  -1.46884E+04  -1.65601E+04  -1.37949E+04  -1.87178E+03   8.93490E+02
   5.29107E-03  -1.46896E+04  -1.65636E+04  -1.37974E+04  -1.87393E+03   8.92213E+02
   5.28107E-03  -1.46909E+04  -1.65670E+04  -1.38000E+04  -1.87609E+03   8.90936E+02
   5.27107E-03  -1.46922E+04  -1.65704E+04  -1.38025E+04  -1.87824E+03   8.89659E+02
   5.26107E-03  -1.46935E+04  -1.65739E+04  -1.38051E+04  -1.88040E+03   8.88382E+02
   5.25107E-03  -1.46948E+04  -1.65773E+04  -1.38077E+04  -1.88255E+03   8.87105E+02
   5.24107E-03  -1.46960E+04  -1.65807E+04  -1.38102E+04  -1.88471E+03   8.85828E+02
   5.23107E-03  -1.46973E+04  -1.65842E+04  -1.38128E+04  -1.88687E+03   8.84552E+02
   5.22107E-03  -1.46986E+04  -1.65876E+04  -1.38153E+04  -1.88902E+03   8.83275E+02
   5.21107E-03  -1.46999E+04  -1.65910E+04  -1.38179E+04  -1.89118E+03   8.81998E+02
   5.20107E-03  -1.47011E+04  -1.65945E+04  -1.38204E+04  -1.89334E+03   8.80722E+02
   5.19107E-03  -1.47024E+04  -1.65979E+04  -1.38230E+04  -1.89550E+03   8.79445E+02
   5.18107E-03  -1.47037E+04  -1.66013E+04  -1.38255E+04  -1.89765E+03   8.78169E+02
   5.17107E-03  -1.47050E+04  -1.66048E+04  -1.38281E+04  -1.89981E+03   8.76893E+02
   5.16107E-03  -1.47062E+04  -1.66082E+04  -1.38306E+04  -1.90197E+03   8.75616E+02
   5.15107E-03  -1.47075E+04  -1.66116E+04  -1.38332E+04  -1.90413E+03   8.74340E+02
   5.14107E-03  -1.47088E+04  -1.66151E+04  -1.38357E+04  -1.90629E+03   8.73064E+02
   5.13107E-03  -1.47101E+04  -1.66185E+04  -1.38383E+04  -1.90845E+03   8.71788E+02
   5.12107E-03  -1.47113E+04  -1.66219E+04  -1.38408E+04  -1.91061E+03   8.70512E+02
   5.11107E-03  -1.47126E+04  -1.66254E+04  -1.38434E+04  -1.91277E+03   8.69236E+02
   5.10107E-03  -1.47139E+04  -1.66288E+04  -1.38459E+04  -1.91493E+03   8.67960E+02
   5.09107E-03  -1.47151E+04  -1.66322E+04  -1.38485E+04  -1.91709E+03   8.66684E+02
   5.08107E-03  -1.47164E+04  -1.66357E+04  -1.38510E+04  -1.91925E+03   8.65409E+02
   5.07107E-03  -1.47177E+04  -1.66391E+04  -1.38536E+04  -1.92141E+03   8.64133E+02
   5.06107E-03  -1.47190E+04  -1.66425E+04  -1.38561E+04  -1.92357E+03   8.62858E+02
   5.05107E-03  -1.47202E+04  -1.66460E+04  -1.38586E+04  -1.92573E+03   8.61582E+02
   5.04107E-03  -1.47215E+04  -1.66494E+04  -1.38612E+04  -1.92790E+03   8.60307E+02
   5.03107E-03  -1.47228E+04  -1.66528E+04  -1.38637E+04  -1.93006E+03   8.59031E+02
   5.02107E-03  -1.47240E+04  -1.66563E+04  -1.38663E+04  -1.93222E+03   8.57756E+02
   5.01107E-03  -1.47253E+04  -1.66597E+04  -1.38688E+04  -1.93438E+03   8.56481E+02
   5.00107E-03  -1.47266E+04  -1.66631E+04  -1.38714E+04  -1.93655E+03   8.55206E+02
   4.99107E-03  -1.47278E+04  -1.66665E+04  -1.38739E+04  -1.93871E+03   8.53930E+02
   4.98107E-03  -1.47291E+04  -1.66700E+04  -1.38764E+04  -1.94088E+03   8.52655E+02
   4.97107E-03  -1.47304E+04  -1.66734E+04  -1.38790E+04  -1.94304E+03   8.51381E+02
   4.96107E-03  -1.47316E+04  -1.66768E+04  -1.38815E+04  -1.94520E+03   8.50106E+02
   4.95107E-03  -1.47329E+04  -1.66803E+04  -1.38841E+04  -1.94737E+03   8.48831E+02
   4.94107E-03  -1.47341E+04  -1.66837E+04  -1.38866E+04  -1.94953E+03   8.47556E+02
   4.93107E-03  -1.47354E+04  -1.66871E+04  -1.38891E+04  -1.95170E+03   8.46281E+02
   4.92107E-03  -1.47367E+04  -1.66905E+04  -1.38917E+04  -1.95387E+03   8.45007E+02
   4.91107E-03  -1.47379E+04  -1.66940E+04  -1.38942E+04  -1.95603E+03   8.43732E+02
   4.90107E-03  -1.47392E+04  -1.66974E+04  -1.38967E+04  -1.95820E+03   8.42458E+02
   4.89107E-03  -1.47405E+04  -1.67008E+04  -1.38993E+04  -1.96036E+03   8.41183E+02
   4.88107E-03  -1.47417E+04  -1.67042E+04  -1.39018E+04  -1.96253E+03   8.39909E+02
   4.87107E-03  -1.47430E+04  -1.67077E+04  -1.39043E+04  -1.96470E+03   8.38635E+02
   4.86107E-03  -1.47442E+04  -1.67111E+04  -1.39069E+04  -1.96687E+03   8.37361E+02
   4.85107E-03  -1.47455E+04  -1.67145E+04  -1.39094E+04  -1.96903E+03   8.36087E+02
   4.84107E-03  -1.47468E+04  -1.67180E+04  -1.39119E+04  -1.97120E+03   8.34812E+02
   4.83107E-03  -1.47480E+04  -1.67214E+04  -1.39145E+04  -1.97337E+03   8.33538E+02
   4.82107E-03  -1.47493E+04  -1.67248E+04  -1.39170E+04  -1.97554E+03   8.32265E+02
   4.81107E-03  -1.47505E+04  -1.67282E+04  -1.39195E+04  -1.97771E+03   8.30991E+02
   4.80107E-03  -1.47518E+04  -1.67317E+04  -1.39221E+04  -1.97988E+03   8.29717E+02
   4.79107E-03  -1.47530E+04  -1.67351E+04  -1.39246E+04  -1.98205E+03   8.28443E+02
   4.78107E-03  -1.47543E+04  -1.67385E+04  -1.39271E+04  -1.98422E+03   8.27170E+02
   4.77107E-03  -1.47555E+04  -1.67419E+04  -1.39296E+04  -1.98639E+03   8.25896E+02
   4.76107E-03  -1.47568E+04  -1.67454E+04  -1.39322E+04  -1.98856E+03   8.24623E+02
   4.75107E-03  -1.47581E+04  -1.67488E+04  -1.39347E+04  -1.99073E+03   8.23349E+02
   4.74107E-03  -1.47593E+04  -1.67522E+04  -1.39372E+04  -1.99290E+03   8.22076E+02
   4.73107E-03  -1.47606E+04  -1.67556E+04  -1.39398E+04  -1.99507E+03   8.20802E+02
   4.72107E-03  -1.47618E+04  -1.67591E+04  -1.39423E+04  -1.99724E+03   8.19529E+02
   4.71107E-03  -1.47631E+04  -1.67625E+04  -1.39448E+04  -1.99942E+03   8.18256E+02
   4.70107E-03  -1.47643E+04  -1.67659E+04  -1.39473E+04  -2.00159E+03   8.16983E+02
   4.69107E-03  -1.47656E+04  -1.67693E+04  -1.39498E+04  -2.00376E+03   8.15710E+02
   4.68107E-03  -1.47668E+04  -1.67727E+04  -1.39524E+04  -2.00594E+03   8.14437E+02
   4.67107E-03  -1.47681E+04  -1.67762E+04  -1.39549E+04  -2.00811E+03   8.13164E+02
   4.66107E-03  -1.47693E+04  -1.67796E+04  -1.39574E+04  -2.01028E+03   8.11891E+02
   4.65107E-03  -1.47706E+04  -1.67830E+04  -1.39599E+04  -2.01246E+03   8.10619E+02
   4.64107E-03  -1.47718E+04  -1.67864E+04  -1.39625E+04  -2.01463E+03   8.09346E+02
   4.63107E-03  -1.47730E+04  -1.67899E+04  -1.39650E+04  -2.01681E+03   8.08073E+02
   4.62107E-03  -1.47743E+04  -1.67933E+04  -1.39675E+04  -2.01898E+03   8.06801E+02
   4.61107E-03  -1.47755E+04  -1.67967E+04  -1.39700E+04  -2.02116E+03   8.05528E+02
   4.60107E-03  -1.47768E+04  -1.68001E+04  -1.39725E+04  -2.02333E+03   8.04256E+02
   4.59107E-03  -1.47780E+04  -1.68035E+04  -1.39750E+04  -2.02551E+03   8.02984E+02
   4.58107E-03  -1.47793E+04  -1.68070E+04  -1.39776E+04  -2.02768E+03   8.01711E+02
   4.57107E-03  -1.47805E+04  -1.68104E+04  -1.39801E+04  -2.02986E+03   8.00439E+02
   4.56107E-03  -1.47818E+04  -1.68138E+04  -1.39826E+04  -2.03204E+03   7.99167E+02
   4.55107E-03  -1.47830E+04  -1.68172E+04  -1.39851E+04  -2.03421E+03   7.97895E+02
   4.54107E-03  -1.47842E+04  -1.68206E+04  -1.39876E+04  -2.03639E+03   7.96623E+02
   4.53107E-03  -1.47855E+04  -1.68241E+04  -1.39901E+04  -2.03857E+03   7.95351E+02
   4.52107E-03  -1.47867E+04  -1.68275E+04  -1.39926E+04  -2.04075E+03   7.94079E+02
   4.51107E-03  -1.47880E+04  -1.68309E+04  -1.39952E+04  -2.04292E+03   7.92808E+02
   4.50107E-03  -1.47892E+04  -1.68343E+04  -1.39977E+04  -2.04510E+03   7.91536E+02
   4.49107E-03  -1.47904E+04  -1.68377E+04  -1.40002E+04  -2.04728E+03   7.90264E+02
   4.48107E-03  -1.47917E+04  -1.68411E+04  -1.40027E+04  -2.04946E+03   7.88993E+02
   4.47107E-03  -1.47929E+04  -1.68446E+04  -1.40052E+04  -2.05164E+03   7.87721E+02
   4.46107E-03  -1.47942E+04  -1.68480E+04  -1.40077E+04  -2.05382E+03   7.86450E+02
   4.45107E-03  -1.47954E+04  -1.68514E+04  -1.40102E+04  -2.05600E+03   7.85178E+02
   4.44107E-03  -1.47966E+04  -1.68548E+04  -1.40127E+04  -2.05818E+03   7.83907E+02
   4.43107E-03  -1.47979E+04  -1.68582E+04  -1.40152E+04  -2.06036E+03   7.82636E+02
   4.42107E-03  -1.47991E+04  -1.68616E+04  -1.40177E+04  -2.06254E+03   7.81365E+02
   4.41107E-03  -1.48003E+04  -1.68651E+04  -1.40202E+04  -2.06472E+03   7.80094E+02
   4.40107E-03  -1.48016E+04  -1.68685E+04  -1.40227E+04  -2.06691E+03   7.78823E+02
   4.39107E-03  -1.48028E+04  -1.68719E+04  -1.40253E+04  -2.06909E+03   7.77552E+02
   4.38107E-03  -1.48040E+04  -1.68753E+04  -1.40278E+04  -2.07127E+03   7.76281E+02
   4.37107E-03  -1.48053E+04  -1.68787E+04  -1.40303E+04  -2.07345E+03   7.75010E+02
   4.36107E-03  -1.48065E+04  -1.68821E+04  -1.40328E+04  -2.07564E+03   7.73739E+02
   4.35107E-03  -1.48077E+04  -1.68855E+04  -1.40353E+04  -2.07782E+03   7.72469E+02
   4.34107E-03  -1.48090E+04  -1.68890E+04  -1.40378E+04  -2.08000E+03   7.71198E+02
   4.33107E-03  -1.48102E+04  -1.68924E+04  -1.40403E+04  -2.08219E+03   7.69928E+02
   4.32107E-03  -1.48114E+04  -1.68958E+04  -1.40428E+04  -2.08437E+03   7.68657E+02
   4.31107E-03  -1.48126E+04  -1.68992E+04  -1.40453E+04  -2.08655E+03   7.67387E+02
   4.30107E-03  -1.48139E+04  -1.69026E+04  -1.40478E+04  -2.08874E+03   7.66116E+02
   4.29107E-03  -1.48151E+04  -1.69060E+04  -1.40503E+04  -2.09092E+03   7.64846E+02
   4.28107E-03  -1.48163E+04  -1.69094E+04  -1.40528E+04  -2.09311E+03   7.63576E+02
   4.27107E-03  -1.48176E+04  -1.69129E+04  -1.40553E+04  -2.09529E+03   7.62306E+02
   4.26107E-03  -1.48188E+04  -1.69163E+04  -1.40577E+04  -2.09748E+03   7.61036E+02
   4.25107E-03  -1.48200E+04  -1.69197E+04  -1.40602E+04  -2.09967E+03   7.59766E+02
   4.24107E-03  -1.48212E+04  -1.69231E+04  -1.40627E+04  -2.10185E+03   7.58496E+02
   4.23107E-03  -1.48225E+04  -1.69265E+04  -1.40652E+04  -2.10404E+03   7.57226E+02
   4.22107E-03  -1.48237E+04  -1.69299E+04  -1.40677E+04  -2.10623E+03   7.55956E+02
   4.21107E-03  -1.48249E+04  -1.69333E+04  -1.40702E+04  -2.10841E+03   7.54687E+02
   4.20107E-03  -1.48261E+04  -1.69367E+04  -1.40727E+04  -2.11060E+03   7.53417E+02
   4.19107E-03  -1.48273E+04  -1.69401E+04  -1.40752E+04  -2.11279E+03   7.52147E+02
   4.18107E-03  -1.48286E+04  -1.69435E+04  -1.40777E+04  -2.11498E+03   7.50878E+02
   4.17107E-03  -1.48298E+04  -1.69470E+04  -1.40802E+04  -2.11717E+03   7.49609E+02
   4.16107E-03  -1.48310E+04  -1.69504E+04  -1.40827E+04  -2.11936E+03   7.48339E+02
   4.15107E-03  -1.48322E+04  -1.69538E+04  -1.40852E+04  -2.12155E+03   7.47070E+02
   4.14107E-03  -1.48334E+04  -1.69572E+04  -1.40876E+04  -2.12374E+03   7.45801E+02
   4.13107E-03  -1.48347E+04  -1.69606E+04  -1.40901E+04  -2.12593E+03   7.44532E+02
   4.12107E-03  -1.48359E+04  -1.69640E+04  -1.40926E+04  -2.12812E+03   7.43262E+02
   4.11107E-03  -1.48371E+04  -1.69674E+04  -1.40951E+04  -2.13031E+03   7.41993E+02
   4.10107E-03  -1.48383E+04  -1.69708E+04  -1.40976E+04  -2.13250E+03   7.40725E+02
   4.09107E-03  -1.48395E+04  -1.69742E+04  -1.41001E+04  -2.13469E+03   7.39456E+02
   4.08107E-03  -1.48407E+04  -1.69776E+04  -1.41026E+04  -2.13688E+03   7.38187E+02
   4.07107E-03  -1.48420E+04  -1.69810E+04  -1.41050E+04  -2.13907E+03   7.36918E+02
   4.06107E-03  -1.48432E+04  -1.69844E+04  -1.41075E+04  -2.14126E+03   7.35649E+02
   4.05107E-03  -1.48444E+04  -1.69878E+04  -1.41100E+04  -2.14346E+03   7.34381E+02
   4.04107E-03  -1.48456E+04  -1.69912E+04  -1.41125E+04  -2.14565E+03   7.33112E+02
   4.03107E-03  -1.48468E+04  -1.69947E+04  -1.41150E+04  -2.14784E+03   7.31844E+02
   4.02107E-03  -1.48480E+04  -1.69981E+04  -1.41174E+04  -2.15003E+03   7.30575E+02
   4.01107E-03  -1.48492E+04  -1.70015E+04  -1.41199E+04  -2.15223E+03   7.29307E+02
   4.00107E-03  -1.48504E+04  -1.70049E+04  -1.41224E+04  -2.15442E+03   7.28039E+02
   3.99107E-03  -1.48517E+04  -1.70083E+04  -1.41249E+04  -2.15662E+03   7.26771E+02
   3.98107E-03  -1.48529E+04  -1.70117E+04  -1.41274E+04  -2.15881E+03   7.25503E+02
   3.97107E-03  -1.48541E+04  -1.70151E+04  -1.41298E+04  -2.16101E+03   7.24235E+02
   3.96107E-03  -1.48553E+04  -1.70185E+04  -1.41323E+04  -2.16320E+03   7.22967E+02
   3.95107E-03  -1.48565E+04  -1.70219E+04  -1.41348E+04  -2.16540E+03   7.21699E+02
   3.94107E-03  -1.48577E+04  -1.70253E+04  -1.41373E+04  -2.16759E+03   7.20431E+02
   3.93107E-03  -1.48589E+04  -1.70287E+04  -1.41397E+04  -2.16979E+03   7.19163E+02
   3.92107E-03  -1.48601E+04  -1.70321E+04  -1.41422E+04  -2.17198E+03   7.17895E+02
   3.91107E-03  -1.48613E+04  -1.70355E+04  -1.41447E+04  -2.17418E+03   7.16628E+02
   3.90107E-03  -1.48625E+04  -1.70389E+04  -1.41472E+04  -2.17638E+03   7.15360E+02
   3.89107E-03  -1.48637E+04  -1.70423E+04  -1.41496E+04  -2.17857E+03   7.14093E+02
   3.88107E-03  -1.48649E+04  -1.70457E+04  -1.41521E+04  -2.18077E+03   7.12825E+02
   3.87107E-03  -1.48661E+04  -1.70491E+04  -1.41546E+04  -2.18297E+03   7.11558E+02
   3.86107E-03  -1.48673E+04  -1.70525E+04  -1.41570E+04  -2.18517E+03   7.10291E+02
   3.85107E-03  -1.48685E+04  -1.70559E+04  -1.41595E+04  -2.18737E+03   7.09024E+02
   3.84107E-03  -1.48697E+04  -1.70593E+04  -1.41620E+04  -2.18957E+03   7.07756E+02
   3.83107E-03  -1.48709E+04  -1.70627E+04  -1.41644E+04  -2.19176E+03   7.06489E+02
   3.82107E-03  -1.48721E+04  -1.70661E+04  -1.41669E+04  -2.19396E+03   7.05222E+02
   3.81107E-03  -1.48733E+04  -1.70695E+04  -1.41694E+04  -2.19616E+03   7.03955E+02
   3.80107E-03  -1.48745E+04  -1.70729E+04  -1.41718E+04  -2.19836E+03   7.02689E+02
   3.79107E-03  -1.48757E+04  -1.70763E+04  -1.41743E+04  -2.20056E+03   7.01422E+02
   3.78107E-03  -1.48769E+04  -1.70797E+04  -1.41768E+04  -2.20276E+03   7.00155E+02
   3.77107E-03  -1.48781E+04  -1.70831E+04  -1.41792E+04  -2.20497E+03   6.98888E+02
   3.76107E-03  -1.48793E+04  -1.70865E+04  -1.41817E+04  -2.20717E+03   6.97622E+02
   3.75107E-03  -1.48805E+04  -1.70899E+04  -1.41841E+04  -2.20937E+03   6.96355E+02
   3.74107E-03  -1.48817E+04  -1.70933E+04  -1.41866E+04  -2.21157E+03   6.95089E+02
   3.73107E-03  -1.48829E+04  -1.70966E+04  -1.41891E+04  -2.21377E+03   6.93822E+02
   3.72107E-03  -1.48841E+04  -1.71000E+04  -1.41915E+04  -2.21597E+03   6.92556E+02
   3.71107E-03  -1.48853E+04  -1.71034E+04  -1.41940E+04  -2.21818E+03   6.91290E+02
   3.70107E-03  -1.48865E+04  -1.71068E+04  -1.41964E+04  -2.22038E+03   6.90024E+02
   3.69107E-03  -1.48876E+04  -1.71102E+04  -1.41989E+04  -2.22258E+03   6.88758E+02
   3.68107E-03  -1.48888E+04  -1.71136E+04  -1.42013E+04  -2.22479E+03   6.87492E+02
   3.67107E-03  -1.48900E+04  -1.71170E+04  -1.42038E+04  -2.22699E+03   6.86226E+02
   3.66107E-03  -1.48912E+04  -1.71204E+04  -1.42062E+04  -2.22920E+03   6.84960E+02
   3.65107E-03  -1.48924E+04  -1.71238E+04  -1.42087E+04  -2.23140E+03   6.83694E+02
   3.64107E-03  -1.48936E+04  -1.71272E+04  -1.42112E+04  -2.23361E+03   6.82428E+02
   3.63107E-03  -1.48948E+04  -1.71306E+04  -1.42136E+04  -2.23581E+03   6.81162E+02
   3.62107E-03  -1.48960E+04  -1.71340E+04  -1.42161E+04  -2.23802E+03   6.79897E+02
   3.61107E-03  -1.48971E+04  -1.71374E+04  -1.42185E+04  -2.24022E+03   6.78631E+02
   3.60107E-03  -1.48983E+04  -1.71408E+04  -1.42210E+04  -2.24243E+03   6.77366E+02
   3.59107E-03  -1.48995E+04  -1.71441E+04  -1.42234E+04  -2.24463E+03   6.76100E+02
   3.58107E-03  -1.49007E+04  -1.71475E+04  -1.42259E+04  -2.24684E+03   6.74835E+02
   3.57107E-03  -1.49019E+04  -1.71509E+04  -1.42283E+04  -2.24905E+03   6.73570E+02
   3.56107E-03  -1.49031E+04  -1.71543E+04  -1.42307E+04  -2.25126E+03   6.72305E+02
   3.55107E-03  -1.49042E+04  -1.71577E+04  -1.42332E+04  -2.25346E+03   6.71039E+02
   3.54107E-03  -1.49054E+04  -1.71611E+04  -1.42356E+04  -2.25567E+03   6.69774E+02
   3.53107E-03  -1.49066E+04  -1.71645E+04  -1.42381E+04  -2.25788E+03   6.68509E+02
   3.52107E-03  -1.49078E+04  -1.71679E+04  -1.42405E+04  -2.26009E+03   6.67244E+02
   3.51107E-03  -1.49089E+04  -1.71712E+04  -1.42430E+04  -2.26230E+03   6.65980E+02
   3.50107E-03  -1.49101E+04  -1.71746E+04  -1.42454E+04  -2.26451E+03   6.64715E+02
   3.49107E-03  -1.49113E+04  -1.71780E+04  -1.42479E+04  -2.26672E+03   6.63450E+02
   3.48107E-03  -1.49125E+04  -1.71814E+04  -1.42503E+04  -2.26893E+03   6.62185E+02
   3.47107E-03  -1.49137E+04  -1.71848E+04  -1.42527E+04  -2.27114E+03   6.60921E+02
   3.46107E-03  -1.49148E+04  -1.71882E+04  -1.42552E+04  -2.27335E+03   6.59656E+02
   3.45107E-03  -1.49160E+04  -1.71916E+04  -1.42576E+04  -2.27556E+03   6.58392E+02
   3.44107E-03  -1.49172E+04  -1.71949E+04  -1.42600E+04  -2.27777E+03   6.57128E+02
   3.43107E-03  -1.49183E+04  -1.71983E+04  -1.42625E+04  -2.27998E+03   6.55863E+02
   3.42107E-03  -1.49195E+04  -1.72017E+04  -1.42649E+04  -2.28219E+03   6.54599E+02
   3.41107E-03  -1.49207E+04  -1.72051E+04  -1.42674E+04  -2.28440E+03   6.53335E+02
   3.40107E-03  -1.49219E+04  -1.72085E+04  -1.42698E+04  -2.28662E+03   6.52071E+02
   3.39107E-03  -1.49230E+04  -1.72119E+04  -1.42722E+04  -2.28883E+03   6.50807E+02
   3.38107E-03  -1.49242E+04  -1.72152E+04  -1.42747E+04  -2.29104E+03   6.49543E+02
   3.37107E-03  -1.49254E+04  -1.72186E+04  -1.42771E+04  -2.29325E+03   6.48279E+02
   3.36107E-03  -1.49265E+04  -1.72220E+04  -1.42795E+04  -2.29547E+03   6.47015E+02
   3.35107E-03  -1.49277E+04  -1.72254E+04  -1.42819E+04  -2.29768E+03   6.45751E+02
   3.34107E-03  -1.49289E+04  -1.72288E+04  -1.42844E+04  -2.29990E+03   6.44488E+02
   3.33107E-03  -1.49300E+04  -1.72321E+04  -1.42868E+04  -2.30211E+03   6.43224E+02
   3.32107E-03  -1.49312E+04  -1.72355E+04  -1.42892E+04  -2.30433E+03   6.41961E+02
   3.31107E-03  -1.49324E+04  -1.72389E+04  -1.42917E+04  -2.30654E+03   6.40697E+02
   3.30107E-03  -1.49335E+04  -1.72423E+04  -1.42941E+04  -2.30876E+03   6.39434E+02
   3.29107E-03  -1.49347E+04  -1.72456E+04  -1.42965E+04  -2.31097E+03   6.38170E+02
   3.28107E-03  -1.49358E+04  -1.72490E+04  -1.42989E+04  -2.31319E+03   6.36907E+02
   3.27107E-03  -1.49370E+04  -1.72524E+04  -1.43014E+04  -2.31540E+03   6.35644E+02
   3.26107E-03  -1.49382E+04  -1.72558E+04  -1.43038E+04  -2.31762E+03   6.34381E+02
   3.25107E-03  -1.49393E+04  -1.72592E+04  -1.43062E+04  -2.31984E+03   6.33118E+02
   3.24107E-03  -1.49405E+04  -1.72625E+04  -1.43086E+04  -2.32206E+03   6.31855E+02
   3.23107E-03  -1.49416E+04  -1.72659E+04  -1.43110E+04  -2.32427E+03   6.30592E+02
   3.22107E-03  -1.49428E+04  -1.72693E+04  -1.43135E+04  -2.32649E+03   6.29329E+02
   3.21107E-03  -1.49439E+04  -1.72727E+04  -1.43159E+04  -2.32871E+03   6.28066E+02
   3.20107E-03  -1.49451E+04  -1.72760E+04  -1.43183E+04  -2.33093E+03   6.26803E+02
   3.19107E-03  -1.49463E+04  -1.72794E+04  -1.43207E+04  -2.33315E+03   6.25541E+02
   3.18107E-03  -1.49474E+04  -1.72828E+04  -1.43231E+04  -2.33537E+03   6.24278E+02
   3.17107E-03  -1.49486E+04  -1.72861E+04  -1.43255E+04  -2.33758E+03   6.23016E+02
   3.16107E-03  -1.49497E+04  -1.72895E+04  -1.43280E+04  -2.33980E+03   6.21753E+02
   3.15107E-03  -1.49509E+04  -1.72929E+04  -1.43304E+04  -2.34202E+03   6.20491E+02
   3.14107E-03  -1.49520E+04  -1.72963E+04  -1.43328E+04  -2.34424E+03   6.19229E+02
   3.13107E-03  -1.49532E+04  -1.72996E+04  -1.43352E+04  -2.34647E+03   6.17966E+02
   3.12107E-03  -1.49543E+04  -1.73030E+04  -1.43376E+04  -2.34869E+03   6.16704E+02
   3.11107E-03  -1.49555E+04  -1.73064E+04  -1.43400E+04  -2.35091E+03   6.15442E+02
   3.10107E-03  -1.49566E+04  -1.73097E+04  -1.43424E+04  -2.35313E+03   6.14180E+02
   3.09107E-03  -1.49578E+04  -1.73131E+04  -1.43448E+04  -2.35535E+03   6.12918E+02
   3.08107E-03  -1.49589E+04  -1.73165E+04  -1.43472E+04  -2.35757E+03   6.11656E+02
   3.07107E-03  -1.49600E+04  -1.73198E+04  -1.43496E+04  -2.35980E+03   6.10394E+02
   3.06107E-03  -1.49612E+04  -1.73232E+04  -1.43521E+04  -2.36202E+03   6.09133E+02
   3.05107E-03  -1.49623E+04  -1.73266E+04  -1.43545E+04  -2.36424E+03   6.07871E+02
   3.04107E-03  -1.49635E+04  -1.73299E+04  -1.43569E+04  -2.36647E+03   6.06609E+02
   3.03107E-03  -1.49646E+04  -1.73333E+04  -1.43593E+04  -2.36869E+03   6.05348E+02
   3.02107E-03  -1.49658E+04  -1.73367E+04  -1.43617E+04  -2.37091E+03   6.04086E+02
   3.01107E-03  -1.49669E+04  -1.73400E+04  -1.43641E+04  -2.37314E+03   6.02825E+02
   3.00107E-03  -1.49680E+04  -1.73434E+04  -1.43665E+04  -2.37536E+03   6.01564E+02
   2.99107E-03  -1.49692E+04  -1.73468E+04  -1.43689E+04  -2.37759E+03   6.00302E+02
   2.98107E-03  -1.49703E+04  -1.73501E+04  -1.43713E+04  -2.37981E+03   5.99041E+02
   2.97107E-03  -1.49714E+04  -1.73535E+04  -1.43737E+04  -2.38204E+03   5.97780E+02
   2.96107E-03  -1.49726E+04  -1.73568E+04  -1.43761E+04  -2.38426E+03   5.96519E+02
   2.95107E-03  -1.49737E+04  -1.73602E+04  -1.43785E+04  -2.38649E+03   5.95258E+02
   2.94107E-03  -1.49749E+04  -1.73636E+04  -1.43809E+04  -2.38872E+03   5.93997E+02
   2.93107E-03  -1.49760E+04  -1.73669E+04  -1.43833E+04  -2.39094E+03   5.92736E+02
   2.92107E-03  -1.49771E+04  -1.73703E+04  -1.43856E+04  -2.39317E+03   5.91476E+02
   2.91107E-03  -1.49783E+04  -1.73737E+04  -1.43880E+04  -2.39540E+03   5.90215E+02
   2.90107E-03  -1.49794E+04  -1.73770E+04  -1.43904E+04  -2.39763E+03   5.88954E+02
   2.89107E-03  -1.49805E+04  -1.73804E+04  -1.43928E+04  -2.39985E+03   5.87694E+02
   2.88107E-03  -1.49816E+04  -1.73837E+04  -1.43952E+04  -2.40208E+03   5.86433E+02
   2.87107E-03  -1.49828E+04  -1.73871E+04  -1.43976E+04  -2.40431E+03   5.85173E+02
   2.86107E-03  -1.49839E+04  -1.73904E+04  -1.44000E+04  -2.40654E+03   5.83912E+02
   2.85107E-03  -1.49850E+04  -1.73938E+04  -1.44024E+04  -2.40877E+03   5.82652E+02
   2.84107E-03  -1.49862E+04  -1.73972E+04  -1.44048E+04  -2.41100E+03   5.81392E+02
   2.83107E-03  -1.49873E+04  -1.74005E+04  -1.44071E+04  -2.41323E+03   5.80132E+02
   2.82107E-03  -1.49884E+04  -1.74039E+04  -1.44095E+04  -2.41546E+03   5.78872E+02
   2.81107E-03  -1.49895E+04  -1.74072E+04  -1.44119E+04  -2.41769E+03   5.77612E+02
   2.80107E-03  -1.49906E+04  -1.74106E+04  -1.44143E+04  -2.41992E+03   5.76352E+02
   2.79107E-03  -1.49918E+04  -1.74139E+04  -1.44167E+04  -2.42215E+03   5.75092E+02
   2.78107E-03  -1.49929E+04  -1.74173E+04  -1.44191E+04  -2.42438E+03   5.73832E+02
   2.77107E-03  -1.49940E+04  -1.74206E+04  -1.44214E+04  -2.42662E+03   5.72572E+02
   2.76107E-03  -1.49951E+04  -1.74240E+04  -1.44238E+04  -2.42885E+03   5.71313E+02
   2.75107E-03  -1.49962E+04  -1.74273E+04  -1.44262E+04  -2.43108E+03   5.70053E+02
   2.74107E-03  -1.49974E+04  -1.74307E+04  -1.44286E+04  -2.43331E+03   5.68794E+02
   2.73107E-03  -1.49985E+04  -1.74340E+04  -1.44309E+04  -2.43555E+03   5.67534E+02
   2.72107E-03  -1.49996E+04  -1.74374E+04  -1.44333E+04  -2.43778E+03   5.66275E+02
   2.71107E-03  -1.50007E+04  -1.74407E+04  -1.44357E+04  -2.44001E+03   5.65015E+02
   2.70107E-03  -1.50018E+04  -1.74441E+04  -1.44381E+04  -2.44225E+03   5.63756E+02
   2.69107E-03  -1.50029E+04  -1.74474E+04  -1.44404E+04  -2.44448E+03   5.62497E+02
   2.68107E-03  -1.50040E+04  -1.74508E+04  -1.44428E+04  -2.44672E+03   5.61238E+02
   2.67107E-03  -1.50052E+04  -1.74541E+04  -1.44452E+04  -2.44895E+03   5.59979E+02
   2.66107E-03  -1.50063E+04  -1.74575E+04  -1.44476E+04  -2.45119E+03   5.58720E+02
   2.65107E-03  -1.50074E+04  -1.74608E+04  -1.44499E+04  -2.45342E+03   5.57461E+02
   2.64107E-03  -1.50085E+04  -1.74641E+04  -1.44523E+04  -2.45566E+03   5.56202E+02
   2.63107E-03  -1.50096E+04  -1.74675E+04  -1.44547E+04  -2.45789E+03   5.54943E+02
   2.62107E-03  -1.50107E+04  -1.74708E+04  -1.44570E+04  -2.46013E+03   5.53685E+02
   2.61107E-03  -1.50118E+04  -1.74742E+04  -1.44594E+04  -2.46237E+03   5.52426E+02
   2.60107E-03  -1.50129E+04  -1.74775E+04  -1.44617E+04  -2.46460E+03   5.51168E+02
   2.59107E-03  -1.50140E+04  -1.74809E+04  -1.44641E+04  -2.46684E+03   5.49909E+02
   2.58107E-03  -1.50151E+04  -1.74842E+04  -1.44665E+04  -2.46908E+03   5.48651E+02
   2.57107E-03  -1.50162E+04  -1.74875E+04  -1.44688E+04  -2.47132E+03   5.47392E+02
   2.56107E-03  -1.50173E+04  -1.74909E+04  -1.44712E+04  -2.47355E+03   5.46134E+02
   2.55107E-03  -1.50184E+04  -1.74942E+04  -1.44735E+04  -2.47579E+03   5.44876E+02
   2.54107E-03  -1.50195E+04  -1.74976E+04  -1.44759E+04  -2.47803E+03   5.43618E+02
   2.53107E-03  -1.50206E+04  -1.75009E+04  -1.44783E+04  -2.48027E+03   5.42360E+02
   2.52107E-03  -1.50217E+04  -1.75042E+04  -1.44806E+04  -2.48251E+03   5.41102E+02
   2.51107E-03  -1.50228E+04  -1.75076E+04  -1.44830E+04  -2.48475E+03   5.39844E+02
   2.50107E-03  -1.50239E+04  -1.75109E+04  -1.44853E+04  -2.48699E+03   5.38586E+02
   2.49107E-03  -1.50250E+04  -1.75142E+04  -1.44877E+04  -2.48923E+03   5.37328E+02
   2.48107E-03  -1.50261E+04  -1.75176E+04  -1.44900E+04  -2.49147E+03   5.36070E+02
   2.47107E-03  -1.50272E+04  -1.75209E+04  -1.44924E+04  -2.49371E+03   5.34813E+02
   2.46107E-03  -1.50283E+04  -1.75242E+04  -1.44947E+04  -2.49596E+03   5.33555E+02
   2.45107E-03  -1.50294E+04  -1.75276E+04  -1.44971E+04  -2.49820E+03   5.32298E+02
   2.44107E-03  -1.50305E+04  -1.75309E+04  -1.44994E+04  -2.50044E+03   5.31040E+02
   2.43107E-03  -1.50315E+04  -1.75342E+04  -1.45018E+04  -2.50268E+03   5.29783E+02
   2.42107E-03  -1.50326E+04  -1.75376E+04  -1.45041E+04  -2.50492E+03   5.28525E+02
   2.41107E-03  -1.50337E+04  -1.75409E+04  -1.45065E+04  -2.50717E+03   5.27268E+02
   2.40107E-03  -1.50348E+04  -1.75442E+04  -1.45088E+04  -2.50941E+03   5.26011E+02
   2.39107E-03  -1.50359E+04  -1.75475E+04  -1.45111E+04  -2.51165E+03   5.24754E+02
   2.38107E-03  -1.50370E+04  -1.75509E+04  -1.45135E+04  -2.51390E+03   5.23497E+02
   2.37107E-03  -1.50381E+04  -1.75542E+04  -1.45158E+04  -2.51614E+03   5.22240E+02
   2.36107E-03  -1.50391E+04  -1.75575E+04  -1.45182E+04  -2.51839E+03   5.20983E+02
   2.35107E-03  -1.50402E+04  -1.75608E+04  -1.45205E+04  -2.52063E+03   5.19726E+02
   2.34107E-03  -1.50413E+04  -1.75642E+04  -1.45228E+04  -2.52288E+03   5.18469E+02
   2.33107E-03  -1.50424E+04  -1.75675E+04  -1.45252E+04  -2.52512E+03   5.17213E+02
   2.32107E-03  -1.50435E+04  -1.75708E+04  -1.45275E+04  -2.52737E+03   5.15956E+02
   2.31107E-03  -1.50445E+04  -1.75741E+04  -1.45298E+04  -2.52961E+03   5.14700E+02
   2.30107E-03  -1.50456E+04  -1.75775E+04  -1.45322E+04  -2.53186E+03   5.13443E+02
   2.29107E-03  -1.50467E+04  -1.75808E+04  -1.45345E+04  -2.53411E+03   5.12187E+02
   2.28107E-03  -1.50478E+04  -1.75841E+04  -1.45368E+04  -2.53635E+03   5.10930E+02
   2.27107E-03  -1.50488E+04  -1.75874E+04  -1.45391E+04  -2.53860E+03   5.09674E+02
   2.26107E-03  -1.50499E+04  -1.75907E+04  -1.45415E+04  -2.54085E+03   5.08418E+02
   2.25107E-03  -1.50510E+04  -1.75941E+04  -1.45438E+04  -2.54310E+03   5.07162E+02
   2.24107E-03  -1.50520E+04  -1.75974E+04  -1.45461E+04  -2.54535E+03   5.05906E+02
   2.23107E-03  -1.50531E+04  -1.76007E+04  -1.45485E+04  -2.54759E+03   5.04650E+02
   2.22107E-03  -1.50542E+04  -1.76040E+04  -1.45508E+04  -2.54984E+03   5.03394E+02
   2.21107E-03  -1.50552E+04  -1.76073E+04  -1.45531E+04  -2.55209E+03   5.02138E+02
   2.20107E-03  -1.50563E+04  -1.76106E+04  -1.45554E+04  -2.55434E+03   5.00882E+02
   2.19107E-03  -1.50574E+04  -1.76140E+04  -1.45577E+04  -2.55659E+03   4.99626E+02
   2.18107E-03  -1.50584E+04  -1.76173E+04  -1.45601E+04  -2.55884E+03   4.98371E+02
   2.17107E-03  -1.50595E+04  -1.76206E+04  -1.45624E+04  -2.56109E+03   4.97115E+02
   2.16107E-03  -1.50605E+04  -1.76239E+04  -1.45647E+04  -2.56334E+03   4.95860E+02
   2.15107E-03  -1.50616E+04  -1.76272E+04  -1.45670E+04  -2.56559E+03   4.94604E+02
   2.14107E-03  -1.50627E+04  -1.76305E+04  -1.45693E+04  -2.56785E+03   4.93349E+02
   2.13107E-03  -1.50637E+04  -1.76338E+04  -1.45716E+04  -2.57010E+03   4.92094E+02
   2.12107E-03  -1.50648E+04  -1.76371E+04  -1.45739E+04  -2.57235E+03   4.90838E+02
   2.11107E-03  -1.50658E+04  -1.76404E+04  -1.45762E+04  -2.57460E+03   4.89583E+02
   2.10107E-03  -1.50669E+04  -1.76437E+04  -1.45786E+04  -2.57685E+03   4.88328E+02
   2.09107E-03  -1.50679E+04  -1.76470E+04  -1.45809E+04  -2.57911E+03   4.87073E+02
   2.08107E-03  -1.50690E+04  -1.76503E+04  -1.45832E+04  -2.58136E+03   4.85818E+02
   2.07107E-03  -1.50700E+04  -1.76537E+04  -1.45855E+04  -2.58361E+03   4.84563E+02
   2.06107E-03  -1.50711E+04  -1.76570E+04  -1.45878E+04  -2.58587E+03   4.83308E+02
   2.05107E-03  -1.50721E+04  -1.76603E+04  -1.45901E+04  -2.58812E+03   4.82054E+02
   2.04107E-03  -1.50732E+04  -1.76636E+04  -1.45924E+04  -2.59038E+03   4.80799E+02
   2.03107E-03  -1.50742E+04  -1.76669E+04  -1.45947E+04  -2.59263E+03   4.79544E+02
   2.02107E-03  -1.50753E+04  -1.76702E+04  -1.45970E+04  -2.59489E+03   4.78290E+02
   2.01107E-03  -1.50763E+04  -1.76735E+04  -1.45993E+04  -2.59714E+03   4.77035E+02
   2.00107E-03  -1.50774E+04  -1.76768E+04  -1.46016E+04  -2.59940E+03   4.75781E+02
   1.99107E-03  -1.50784E+04  -1.76801E+04  -1.46039E+04  -2.60165E+03   4.74527E+02
   1.98107E-03  -1.50794E+04  -1.76833E+04  -1.46062E+04  -2.60391E+03   4.73272E+02
   1.97107E-03  -1.50805E+04  -1.76866E+04  -1.46085E+04  -2.60617E+03   4.72018E+02
   1.96107E-03  -1.50815E+04  -1.76899E+04  -1.46107E+04  -2.60842E+03   4.70764E+02
   1.95107E-03  -1.50825E+04  -1.76932E+04  -1.46130E+04  -2.61068E+03   4.69510E+02
   1.94107E-03  -1.50836E+04  -1.76965E+04  -1.46153E+04  -2.61294E+03   4.68256E+02
   1.93107E-03  -1.50846E+04  -1.76998E+04  -1.46176E+04  -2.61520E+03   4.67002E+02
   1.92107E-03  -1.50856E+04  -1.77031E+04  -1.46199E+04  -2.61745E+03   4.65748E+02
   1.91107E-03  -1.50867E+04  -1.77064E+04  -1.46222E+04  -2.61971E+03   4.64495E+02
   1.90107E-03  -1.50877E+04  -1.77097E+04  -1.46245E+04  -2.62197E+03   4.63241E+02
   1.89107E-03  -1.50887E+04  -1.77130E+04  -1.46268E+04  -2.62423E+03   4.61987E+02
   1.88107E-03  -1.50898E+04  -1.77163E+04  -1.46290E+04  -2.62649E+03   4.60734E+02
   1.87107E-03  -1.50908E+04  -1.77195E+04  -1.46313E+04  -2.62875E+03   4.59480E+02
   1.86107E-03  -1.50918E+04  -1.77228E+04  -1.46336E+04  -2.63101E+03   4.58227E+02
   1.85107E-03  -1.50928E+04  -1.77261E+04  -1.46359E+04  -2.63327E+03   4.56973E+02
   1.84107E-03  -1.50939E+04  -1.77294E+04  -1.46381E+04  -2.63553E+03   4.55720E+02
   1.83107E-03  -1.50949E+04  -1.77327E+04  -1.46404E+04  -2.63779E+03   4.54467E+02
   1.82107E-03  -1.50959E+04  -1.77360E+04  -1.46427E+04  -2.64005E+03   4.53214E+02
   1.81107E-03  -1.50969E+04  -1.77392E+04  -1.46450E+04  -2.64232E+03   4.51961E+02
   1.80107E-03  -1.50979E+04  -1.77425E+04  -1.46472E+04  -2.64458E+03   4.50708E+02
   1.79107E-03  -1.50990E+04  -1.77458E+04  -1.46495E+04  -2.64684E+03   4.49455E+02
   1.78107E-03  -1.51000E+04  -1.77491E+04  -1.46518E+04  -2.64910E+03   4.48202E+02
   1.77107E-03  -1.51010E+04  -1.77523E+04  -1.46540E+04  -2.65137E+03   4.46949E+02
   1.76107E-03  -1.51020E+04  -1.77556E+04  -1.46563E+04  -2.65363E+03   4.45696E+02
   1.75107E-03  -1.51030E+04  -1.77589E+04  -1.46586E+04  -2.65589E+03   4.44444E+02
   1.74107E-03  -1.51040E+04  -1.77622E+04  -1.46608E+04  -2.65816E+03   4.43191E+02
   1.73107E-03  -1.51050E+04  -1.77654E+04  -1.46631E+04  -2.66042E+03   4.41939E+02
   1.72107E-03  -1.51060E+04  -1.77687E+04  -1.46653E+04  -2.66269E+03   4.40686E+02
   1.71107E-03  -1.51070E+04  -1.77720E+04  -1.46676E+04  -2.66495E+03   4.39434E+02
   1.70107E-03  -1.51080E+04  -1.77753E+04  -1.46699E+04  -2.66722E+03   4.38181E+02
   1.69107E-03  -1.51090E+04  -1.77785E+04  -1.46721E+04  -2.66948E+03   4.36929E+02
   1.68107E-03  -1.51100E+04  -1.77818E+04  -1.46744E+04  -2.67175E+03   4.35677E+02
   1.67107E-03  -1.51110E+04  -1.77851E+04  -1.46766E+04  -2.67401E+03   4.34425E+02
   1.66107E-03  -1.51120E+04  -1.77883E+04  -1.46789E+04  -2.67628E+03   4.33173E+02
   1.65107E-03  -1.51130E+04  -1.77916E+04  -1.46811E+04  -2.67855E+03   4.31921E+02
   1.64107E-03  -1.51140E+04  -1.77948E+04  -1.46834E+04  -2.68081E+03   4.30669E+02
   1.63107E-03  -1.51150E+04  -1.77981E+04  -1.46856E+04  -2.68308E+03   4.29417E+02
   1.62107E-03  -1.51160E+04  -1.78014E+04  -1.46878E+04  -2.68535E+03   4.28165E+02
   1.61107E-03  -1.51170E+04  -1.78046E+04  -1.46901E+04  -2.68762E+03   4.26914E+02
   1.60107E-03  -1.51180E+04  -1.78079E+04  -1.46923E+04  -2.68988E+03   4.25662E+02
   1.59107E-03  -1.51190E+04  -1.78111E+04  -1.46946E+04  -2.69215E+03   4.24411E+02
   1.58107E-03  -1.51200E+04  -1.78144E+04  -1.46968E+04  -2.69442E+03   4.23159E+02
   1.57107E-03  -1.51210E+04  -1.78176E+04  -1.46990E+04  -2.69669E+03   4.21908E+02
   1.56107E-03  -1.51219E+04  -1.78209E+04  -1.47013E+04  -2.69896E+03   4.20656E+02
   1.55107E-03  -1.51229E+04  -1.78241E+04  -1.47035E+04  -2.70123E+03   4.19405E+02
   1.54107E-03  -1.51239E+04  -1.78274E+04  -1.47057E+04  -2.70350E+03   4.18154E+02
   1.53107E-03  -1.51249E+04  -1.78306E+04  -1.47080E+04  -2.70577E+03   4.16903E+02
   1.52107E-03  -1.51259E+04  -1.78339E+04  -1.47102E+04  -2.70804E+03   4.15652E+02
   1.51107E-03  -1.51268E+04  -1.78371E+04  -1.47124E+04  -2.71031E+03   4.14401E+02
   1.50107E-03  -1.51278E+04  -1.78404E+04  -1.47147E+04  -2.71258E+03   4.13150E+02
   1.49107E-03  -1.51288E+04  -1.78436E+04  -1.47169E+04  -2.71486E+03   4.11899E+02
   1.48107E-03  -1.51297E+04  -1.78469E+04  -1.47191E+04  -2.71713E+03   4.10648E+02
   1.47107E-03  -1.51307E+04  -1.78501E+04  -1.47213E+04  -2.71940E+03   4.09397E+02
   1.46107E-03  -1.51317E+04  -1.78534E+04  -1.47235E+04  -2.72167E+03   4.08147E+02
   1.45107E-03  -1.51327E+04  -1.78566E+04  -1.47258E+04  -2.72395E+03   4.06896E+02
   1.44107E-03  -1.51336E+04  -1.78598E+04  -1.47280E+04  -2.72622E+03   4.05646E+02
   1.43107E-03  -1.51346E+04  -1.78631E+04  -1.47302E+04  -2.72849E+03   4.04395E+02
   1.42107E-03  -1.51355E+04  -1.78663E+04  -1.47324E+04  -2.73077E+03   4.03145E+02
   1.41107E-03  -1.51365E+04  -1.78695E+04  -1.47346E+04  -2.73304E+03   4.01895E+02
   1.40107E-03  -1.51375E+04  -1.78728E+04  -1.47368E+04  -2.73532E+03   4.00644E+02
   1.39107E-03  -1.51384E+04  -1.78760E+04  -1.47390E+04  -2.73759E+03   3.99394E+02
   1.38107E-03  -1.51394E+04  -1.78792E+04  -1.47412E+04  -2.73987E+03   3.98144E+02
   1.37107E-03  -1.51403E+04  -1.78825E+04  -1.47434E+04  -2.74214E+03   3.96894E+02
   1.36107E-03  -1.51413E+04  -1.78857E+04  -1.47456E+04  -2.74442E+03   3.95644E+02
   1.35107E-03  -1.51422E+04  -1.78889E+04  -1.47478E+04  -2.74669E+03   3.94394E+02
   1.34107E-03  -1.51432E+04  -1.78921E+04  -1.47500E+04  -2.74897E+03   3.93144E+02
   1.33107E-03  -1.51441E+04  -1.78954E+04  -1.47522E+04  -2.75125E+03   3.91895E+02
   1.32107E-03  -1.51451E+04  -1.78986E+04  -1.47544E+04  -2.75352E+03   3.90645E+02
   1.31107E-03  -1.51460E+04  -1.79018E+04  -1.47566E+04  -2.75580E+03   3.89395E+02
   1.30107E-03  -1.51469E+04  -1.79050E+04  -1.47588E+04  -2.75808E+03   3.88146E+02
   1.29107E-03  -1.51479E+04  -1.79082E+04  -1.47610E+04  -2.76036E+03   3.86896E+02
   1.28107E-03  -1.51488E+04  -1.79115E+04  -1.47632E+04  -2.76264E+03   3.85647E+02
   1.27107E-03  -1.51498E+04  -1.79147E+04  -1.47654E+04  -2.76491E+03   3.84398E+02
   1.26107E-03  -1.51507E+04  -1.79179E+04  -1.47675E+04  -2.76719E+03   3.83148E+02
   1.25107E-03  -1.51516E+04  -1.79211E+04  -1.47697E+04  -2.76947E+03   3.81899E+02
   1.24107E-03  -1.51526E+04  -1.79243E+04  -1.47719E+04  -2.77175E+03   3.80650E+02
   1.23107E-03  -1.51535E+04  -1.79275E+04  -1.47741E+04  -2.77403E+03   3.79401E+02
   1.22107E-03  -1.51544E+04  -1.79307E+04  -1.47763E+04  -2.77631E+03   3.78152E+02
   1.21107E-03  -1.51553E+04  -1.79339E+04  -1.47784E+04  -2.77859E+03   3.76903E+02
   1.20107E-03  -1.51563E+04  -1.79371E+04  -1.47806E+04  -2.78087E+03   3.75654E+02
   1.19107E-03  -1.51572E+04  -1.79403E+04  -1.47828E+04  -2.78315E+03   3.74406E+02
   1.18107E-03  -1.51581E+04  -1.79435E+04  -1.47849E+04  -2.78544E+03   3.73157E+02
   1.17107E-03  -1.51590E+04  -1.79467E+04  -1.47871E+04  -2.78772E+03   3.71908E+02
   1.16107E-03  -1.51599E+04  -1.79499E+04  -1.47893E+04  -2.79000E+03   3.70660E+02
   1.15107E-03  -1.51608E+04  -1.79531E+04  -1.47914E+04  -2.79228E+03   3.69411E+02
   1.14107E-03  -1.51617E+04  -1.79563E+04  -1.47936E+04  -2.79457E+03   3.68163E+02
   1.13107E-03  -1.51627E+04  -1.79595E+04  -1.47957E+04  -2.79685E+03   3.66914E+02
   1.12107E-03  -1.51636E+04  -1.79627E+04  -1.47979E+04  -2.79913E+03   3.65666E+02
   1.11107E-03  -1.51645E+04  -1.79659E+04  -1.48001E+04  -2.80142E+03   3.64418E+02
   1.10107E-03  -1.51654E+04  -1.79691E+04  -1.48022E+04  -2.80370E+03   3.63170E+02
   1.09107E-03  -1.51663E+04  -1.79723E+04  -1.48044E+04  -2.80598E+03   3.61922E+02
   1.08107E-03  -1.51672E+04  -1.79754E+04  -1.48065E+04  -2.80827E+03   3.60674E+02
   1.07107E-03  -1.51681E+04  -1.79786E+04  -1.48086E+04  -2.81055E+03   3.59426E+02
   1.06107E-03  -1.51690E+04  -1.79818E+04  -1.48108E+04  -2.81284E+03   3.58178E+02
   1.05107E-03  -1.51699E+04  -1.79850E+04  -1.48129E+04  -2.81512E+03   3.56930E+02
   1.04107E-03  -1.51707E+04  -1.79882E+04  -1.48151E+04  -2.81741E+03   3.55682E+02
   1.03107E-03  -1.51716E+04  -1.79913E+04  -1.48172E+04  -2.81970E+03   3.54435E+02
   1.02107E-03  -1.51725E+04  -1.79945E+04  -1.48193E+04  -2.82198E+03   3.53187E+02
   1.01107E-03  -1.51734E+04  -1.79977E+04  -1.48215E+04  -2.82427E+03   3.51940E+02
   1.00107E-03  -1.51743E+04  -1.80008E+04  -1.48236E+04  -2.82656E+03   3.50692E+02
   9.91075E-04  -1.51752E+04  -1.80040E+04  -1.48257E+04  -2.82884E+03   3.49445E+02
   9.81075E-04  -1.51760E+04  -1.80072E+04  -1.48278E+04  -2.83113E+03   3.48197E+02
   9.71075E-04  -1.51769E+04  -1.80103E+04  -1.48300E+04  -2.83342E+03   3.46950E+02
   9.61075E-04  -1.51778E+04  -1.80135E+04  -1.48321E+04  -2.83571E+03   3.45703E+02
   9.51075E-04  -1.51786E+04  -1.80166E+04  -1.48342E+04  -2.83800E+03   3.44456E+02
   9.41075E-04  -1.51795E+04  -1.80198E+04  -1.48363E+04  -2.84029E+03   3.43209E+02
   9.31075E-04  -1.51804E+04  -1.80229E+04  -1.48384E+04  -2.84258E+03   3.41962E+02
   9.21075E-04  -1.51812E+04  -1.80261E+04  -1.48405E+04  -2.84486E+03   3.40715E+02
   9.11075E-04  -1.51821E+04  -1.80292E+04  -1.48426E+04  -2.84715E+03   3.39468E+02
   9.01075E-04  -1.51829E+04  -1.80324E+04  -1.48447E+04  -2.84945E+03   3.38221E+02
   8.91075E-04  -1.51838E+04  -1.80355E+04  -1.48468E+04  -2.85174E+03   3.36975E+02
   8.81075E-04  -1.51847E+04  -1.80387E+04  -1.48489E+04  -2.85403E+03   3.35728E+02
   8.71075E-04  -1.51855E+04  -1.80418E+04  -1.48510E+04  -2.85632E+03   3.34482E+02
   8.61075E-04  -1.51863E+04  -1.80450E+04  -1.48531E+04  -2.85861E+03   3.33235E+02
   8.51075E-04  -1.51872E+04  -1.80481E+04  -1.48552E+04  -2.86090E+03   3.31989E+02
   8.41075E-04  -1.51880E+04  -1.80512E+04  -1.48573E+04  -2.86319E+03   3.30742E+02
   8.31075E-04  -1.51889E+04  -1.80544E+04  -1.48594E+04  -2.86549E+03   3.29496E+02
   8.21075E-04  -1.51897E+04  -1.80575E+04  -1.48615E+04  -2.86778E+03   3.28250E+02
   8.11075E-04  -1.51905E+04  -1.80606E+04  -1.48635E+04  -2.87007E+03   3.27004E+02
   8.01075E-04  -1.51914E+04  -1.80637E+04  -1.48656E+04  -2.87237E+03   3.25758E+02
   7.91075E-04  -1.51922E+04  -1.80669E+04  -1.48677E+04  -2.87466E+03   3.24512E+02
   7.81075E-04  -1.51930E+04  -1.80700E+04  -1.48698E+04  -2.87695E+03   3.23266E+02
   7.71075E-04  -1.51938E+04  -1.80731E+04  -1.48718E+04  -2.87925E+03   3.22020E+02
   7.61075E-04  -1.51947E+04  -1.80762E+04  -1.48739E+04  -2.88154E+03   3.20774E+02
   7.51075E-04  -1.51955E+04  -1.80793E+04  -1.48759E+04  -2.88384E+03   3.19528E+02
   7.41075E-04  -1.51963E+04  -1.80824E+04  -1.48780E+04  -2.88613E+03   3.18283E+02
   7.31075E-04  -1.51971E+04  -1.80855E+04  -1.48801E+04  -2.88843E+03   3.17037E+02
   7.21075E-04  -1.51979E+04  -1.80886E+04  -1.48821E+04  -2.89072E+03   3.15792E+02
   7.11075E-04  -1.51987E+04  -1.80917E+04  -1.48842E+04  -2.89302E+03   3.14546E+02
   7.01075E-04  -1.51995E+04  -1.80948E+04  -1.48862E+04  -2.89532E+03   3.13301E+02
   6.91075E-04  -1.52003E+04  -1.80979E+04  -1.48882E+04  -2.89761E+03   3.12056E+02
   6.81075E-04  -1.52011E+04  -1.81010E+04  -1.48903E+04  -2.89991E+03   3.10810E+02
   6.71075E-04  -1.52019E+04  -1.81041E+04  -1.48923E+04  -2.90221E+03   3.09565E+02
   6.61075E-04  -1.52027E+04  -1.81072E+04  -1.48943E+04  -2.90451E+03   3.08320E+02
   6.51075E-04  -1.52034E+04  -1.81102E+04  -1.48964E+04  -2.90681E+03   3.07075E+02
   6.41075E-04  -1.52042E+04  -1.81133E+04  -1.48984E+04  -2.90910E+03   3.05830E+02
   6.31075E-04  -1.52050E+04  -1.81164E+04  -1.49004E+04  -2.91140E+03   3.04585E+02
   6.21075E-04  -1.52058E+04  -1.81195E+04  -1.49024E+04  -2.91370E+03   3.03340E+02
   6.11075E-04  -1.52065E+04  -1.81225E+04  -1.49044E+04  -2.91600E+03   3.02096E+02
   6.01075E-04  -1.52073E+04  -1.81256E+04  -1.49065E+04  -2.91830E+03   3.00851E+02
   5.91075E-04  -1.52081E+04  -1.81287E+04  -1.49085E+04  -2.92060E+03   2.99606E+02
   5.81075E-04  -1.52088E+04  -1.81317E+04  -1.49105E+04  -2.92290E+03   2.98362E+02
   5.71075E-04  -1.52096E+04  -1.81348E+04  -1.49125E+04  -2.92520E+03   2.97117E+02
   5.61075E-04  -1.52103E+04  -1.81378E+04  -1.49144E+04  -2.92750E+03   2.95873E+02
   5.51075E-04  -1.52111E+04  -1.81409E+04  -1.49164E+04  -2.92980E+03   2.94629E+02
   5.41075E-04  -1.52118E+04  -1.81439E+04  -1.49184E+04  -2.93211E+03   2.93384E+02
   5.31075E-04  -1.52125E+04  -1.81470E+04  -1.49204E+04  -2.93441E+03   2.92140E+02
   5.21075E-04  -1.52133E+04  -1.81500E+04  -1.49224E+04  -2.93671E+03   2.90896E+02
   5.11075E-04  -1.52140E+04  -1.81530E+04  -1.49243E+04  -2.93901E+03   2.89652E+02
   5.01075E-04  -1.52147E+04  -1.81560E+04  -1.49263E+04  -2.94132E+03   2.88408E+02
   4.91075E-04  -1.52154E+04  -1.81591E+04  -1.49283E+04  -2.94362E+03   2.87164E+02
   4.81075E-04  -1.52162E+04  -1.81621E+04  -1.49302E+04  -2.94592E+03   2.85920E+02
   4.71075E-04  -1.52169E+04  -1.81651E+04  -1.49322E+04  -2.94823E+03   2.84677E+02
   4.61075E-04  -1.52176E+04  -1.81681E+04  -1.49341E+04  -2.95053E+03   2.83433E+02
   4.51075E-04  -1.52183E+04  -1.81711E+04  -1.49361E+04  -2.95284E+03   2.82189E+02
   4.41075E-04  -1.52190E+04  -1.81741E+04  -1.49380E+04  -2.95514E+03   2.80946E+02
   4.31075E-04  -1.52197E+04  -1.81771E+04  -1.49400E+04  -2.95745E+03   2.79702E+02
   4.21075E-04  -1.52203E+04  -1.81801E+04  -1.49419E+04  -2.95975E+03   2.78459E+02
   4.11075E-04  -1.52210E+04  -1.81831E+04  -1.49438E+04  -2.96206E+03   2.77215E+02
   4.01075E-04  -1.52217E+04  -1.81861E+04  -1.49457E+04  -2.96436E+03   2.75972E+02
   3.91075E-04  -1.52224E+04  -1.81890E+04  -1.49476E+04  -2.96667E+03   2.74729E+02
   3.81075E-04  -1.52230E+04  -1.81920E+04  -1.49495E+04  -2.96898E+03   2.73486E+02
   3.71075E-04  -1.52237E+04  -1.81950E+04  -1.49514E+04  -2.97128E+03   2.72243E+02
   3.61075E-04  -1.52243E+04  -1.81979E+04  -1.49533E+04  -2.97359E+03   2.71000E+02
   3.51075E-04  -1.52250E+04  -1.82009E+04  -1.49552E+04  -2.97590E+03   2.69757E+02
   3.41075E-04  -1.52256E+04  -1.82038E+04  -1.49571E+04  -2.97821E+03   2.68514E+02
   3.31075E-04  -1.52262E+04  -1.82068E+04  -1.49590E+04  -2.98051E+03   2.67271E+02
   3.21075E-04  -1.52269E+04  -1.82097E+04  -1.49608E+04  -2.98282E+03   2.66028E+02
   3.11075E-04  -1.52275E+04  -1.82126E+04  -1.49627E+04  -2.98513E+03   2.64786E+02
   3.01075E-04  -1.52281E+04  -1.82155E+04  -1.49645E+04  -2.98744E+03   2.63543E+02
   2.91075E-04  -1.52287E+04  -1.82184E+04  -1.49664E+04  -2.98975E+03   2.62301E+02
   2.81075E-04  -1.52293E+04  -1.82213E+04  -1.49682E+04  -2.99206E+03   2.61058E+02
   2.71075E-04  -1.52299E+04  -1.82242E+04  -1.49701E+04  -2.99437E+03   2.59816E+02
   2.61075E-04  -1.52305E+04  -1.82271E+04  -1.49719E+04  -2.99668E+03   2.58574E+02
   2.51075E-04  -1.52310E+04  -1.82300E+04  -1.49737E+04  -2.99899E+03   2.57331E+02
   2.41075E-04  -1.52316E+04  -1.82329E+04  -1.49755E+04  -3.00130E+03   2.56089E+02
   2.31075E-04  -1.52321E+04  -1.82358E+04  -1.49773E+04  -3.00362E+03   2.54847E+02
   2.21075E-04  -1.52327E+04  -1.82386E+04  -1.49791E+04  -3.00593E+03   2.53605E+02
   2.11075E-04  -1.52332E+04  -1.82414E+04  -1.49808E+04  -3.00824E+03   2.52363E+02
   2.01075E-04  -1.52337E+04  -1.82443E+04  -1.49826E+04  -3.01055E+03   2.51121E+02
   1.91075E-04  -1.52342E+04  -1.82471E+04  -1.49844E+04  -3.01286E+03   2.49879E+02
   1.81075E-04  -1.52347E+04  -1.82499E+04  -1.49861E+04  -3.01518E+03   2.48638E+02
   1.71075E-04  -1.52352E+04  -1.82527E+04  -1.49878E+04  -3.01749E+03   2.47396E+02
   1.61075E-04  -1.52357E+04  -1.82555E+04  -1.49895E+04  -3.01981E+03   2.46154E+02
   1.51075E-04  -1.52362E+04  -1.82583E+04  -1.49912E+04  -3.02212E+03   2.44913E+02
   1.41075E-04  -1.52366E+04  -1.82610E+04  -1.49929E+04  -3.02443E+03   2.43671E+02
   1.31075E-04  -1.52370E+04  -1.82638E+04  -1.49946E+04  -3.02675E+03   2.42430E+02
   1.21075E-04  -1.52374E+04  -1.82665E+04  -1.49962E+04  -3.02906E+03   2.41189E+02
   1.11075E-04  -1.52378E+04  -1.82692E+04  -1.49979E+04  -3.03138E+03   2.39947E+02
   1.01075E-04  -1.52382E+04  -1.82719E+04  -1.49995E+04  -3.03369E+03   2.38706E+02
   9.10748E-05  -1.52386E+04  -1.82746E+04  -1.50011E+04  -3.03601E+03   2.37465E+02
   8.10748E-05  -1.52389E+04  -1.82772E+04  -1.50027E+04  -3.03833E+03   2.36224E+02
   7.10748E-05  -1.52392E+04  -1.82798E+04  -1.50042E+04  -3.04064E+03   2.34983E+02
   6.10748E-05  -1.52394E+04  -1.82824E+04  -1.50057E+04  -3.04296E+03   2.33742E+02
   5.10748E-05  -1.52397E+04  -1.82850E+04  -1.50072E+04  -3.04528E+03   2.32501E+02
   4.10748E-05  -1.52399E+04  -1.82875E+04  -1.50086E+04  -3.04759E+03   2.31260E+02
   3.10748E-05  -1.52400E+04  -1.82899E+04  -1.50100E+04  -3.04991E+03   2.30020E+02
   2.10748E-05  -1.52401E+04  -1.82923E+04  -1.50113E+04  -3.05223E+03   2.28779E+02
   1.10748E-05  -1.52400E+04  -1.82945E+04  -1.50125E+04  -3.05455E+03   2.27539E+02
   1.01000E-05  -1.52400E+04  -1.82948E+04  -1.50126E+04  -3.05478E+03   2.27418E+02
