
 Phase Region for:
     BCC_A2                        
     FCC_A1#1                      
     FCC_A1#2                      
     HCP_A3#1                      
     HCP_A3#2                      
 col-1=W(C), col-2=HM(FCC_A1#1), col-3=HM(BCC_A2), col-4=HM(HCP_A3#1), col-5=HM1, col-6=HM2,
   6.40107E-03   1.63468E+04   1.06720E+04   1.51614E+04  -5.67481E+03  -1.18540E+03
   9.99900E-04   1.55693E+04   8.16482E+03   1.34905E+04  -7.40451E+03  -2.07879E+03

 Phase Region for:
     BCC_A2                        
     FCC_A1#1                      
     FCC_A1#2                      
     HCP_A3#1                      
     HCP_A3#2                      
 col-1=W(C), col-2=HM(FCC_A1#1), col-3=HM(BCC_A2), col-4=HM(HCP_A3#1), col-5=HM1, col-6=HM2,
   6.40107E-03   1.63468E+04   1.06720E+04   1.51614E+04  -5.67481E+03  -1.18540E+03
   6.39107E-03   1.63453E+04   1.06674E+04   1.51583E+04  -5.67789E+03  -1.18707E+03
   6.38107E-03   1.63439E+04   1.06629E+04   1.51551E+04  -5.68097E+03  -1.18873E+03
   6.37107E-03   1.63424E+04   1.06584E+04   1.51520E+04  -5.68406E+03  -1.19039E+03
   6.36107E-03   1.63410E+04   1.06538E+04   1.51489E+04  -5.68714E+03  -1.19205E+03
   6.35107E-03   1.63395E+04   1.06493E+04   1.51458E+04  -5.69022E+03  -1.19372E+03
   6.34107E-03   1.63381E+04   1.06448E+04   1.51427E+04  -5.69331E+03  -1.19538E+03
   6.33107E-03   1.63366E+04   1.06402E+04   1.51396E+04  -5.69639E+03  -1.19704E+03
   6.32107E-03   1.63352E+04   1.06357E+04   1.51365E+04  -5.69947E+03  -1.19870E+03
   6.31107E-03   1.63337E+04   1.06312E+04   1.51334E+04  -5.70256E+03  -1.20036E+03
   6.30107E-03   1.63323E+04   1.06266E+04   1.51302E+04  -5.70564E+03  -1.20203E+03
   6.29107E-03   1.63308E+04   1.06221E+04   1.51271E+04  -5.70873E+03  -1.20369E+03
   6.28107E-03   1.63294E+04   1.06175E+04   1.51240E+04  -5.71182E+03  -1.20535E+03
   6.27107E-03   1.63279E+04   1.06130E+04   1.51209E+04  -5.71490E+03  -1.20701E+03
   6.26107E-03   1.63265E+04   1.06085E+04   1.51178E+04  -5.71799E+03  -1.20867E+03
   6.25107E-03   1.63250E+04   1.06039E+04   1.51147E+04  -5.72108E+03  -1.21034E+03
   6.24107E-03   1.63236E+04   1.05994E+04   1.51116E+04  -5.72417E+03  -1.21200E+03
   6.23107E-03   1.63221E+04   1.05949E+04   1.51084E+04  -5.72726E+03  -1.21366E+03
   6.22107E-03   1.63207E+04   1.05903E+04   1.51053E+04  -5.73034E+03  -1.21532E+03
   6.21107E-03   1.63192E+04   1.05858E+04   1.51022E+04  -5.73343E+03  -1.21698E+03
   6.20107E-03   1.63178E+04   1.05812E+04   1.50991E+04  -5.73652E+03  -1.21864E+03
   6.19107E-03   1.63163E+04   1.05767E+04   1.50960E+04  -5.73961E+03  -1.22031E+03
   6.18107E-03   1.63149E+04   1.05721E+04   1.50929E+04  -5.74271E+03  -1.22197E+03
   6.17107E-03   1.63134E+04   1.05676E+04   1.50898E+04  -5.74580E+03  -1.22363E+03
   6.16107E-03   1.63119E+04   1.05631E+04   1.50867E+04  -5.74889E+03  -1.22529E+03
   6.15107E-03   1.63105E+04   1.05585E+04   1.50835E+04  -5.75198E+03  -1.22695E+03
   6.14107E-03   1.63090E+04   1.05540E+04   1.50804E+04  -5.75507E+03  -1.22861E+03
   6.13107E-03   1.63076E+04   1.05494E+04   1.50773E+04  -5.75817E+03  -1.23028E+03
   6.12107E-03   1.63061E+04   1.05449E+04   1.50742E+04  -5.76126E+03  -1.23194E+03
   6.11107E-03   1.63047E+04   1.05403E+04   1.50711E+04  -5.76435E+03  -1.23360E+03
   6.10107E-03   1.63032E+04   1.05358E+04   1.50680E+04  -5.76745E+03  -1.23526E+03
   6.09107E-03   1.63018E+04   1.05313E+04   1.50649E+04  -5.77054E+03  -1.23692E+03
   6.08107E-03   1.63003E+04   1.05267E+04   1.50618E+04  -5.77364E+03  -1.23858E+03
   6.07107E-03   1.62989E+04   1.05222E+04   1.50587E+04  -5.77673E+03  -1.24024E+03
   6.06107E-03   1.62974E+04   1.05176E+04   1.50555E+04  -5.77983E+03  -1.24190E+03
   6.05107E-03   1.62960E+04   1.05131E+04   1.50524E+04  -5.78293E+03  -1.24357E+03
   6.04107E-03   1.62945E+04   1.05085E+04   1.50493E+04  -5.78602E+03  -1.24523E+03
   6.03107E-03   1.62931E+04   1.05040E+04   1.50462E+04  -5.78912E+03  -1.24689E+03
   6.02107E-03   1.62916E+04   1.04994E+04   1.50431E+04  -5.79222E+03  -1.24855E+03
   6.01107E-03   1.62902E+04   1.04949E+04   1.50400E+04  -5.79532E+03  -1.25021E+03
   6.00107E-03   1.62887E+04   1.04903E+04   1.50369E+04  -5.79842E+03  -1.25187E+03
   5.99107E-03   1.62873E+04   1.04858E+04   1.50338E+04  -5.80152E+03  -1.25353E+03
   5.98107E-03   1.62858E+04   1.04812E+04   1.50307E+04  -5.80462E+03  -1.25519E+03
   5.97107E-03   1.62844E+04   1.04767E+04   1.50275E+04  -5.80772E+03  -1.25685E+03
   5.96107E-03   1.62829E+04   1.04721E+04   1.50244E+04  -5.81082E+03  -1.25852E+03
   5.95107E-03   1.62815E+04   1.04676E+04   1.50213E+04  -5.81392E+03  -1.26018E+03
   5.94107E-03   1.62800E+04   1.04630E+04   1.50182E+04  -5.81702E+03  -1.26184E+03
   5.93107E-03   1.62786E+04   1.04585E+04   1.50151E+04  -5.82012E+03  -1.26350E+03
   5.92107E-03   1.62771E+04   1.04539E+04   1.50120E+04  -5.82322E+03  -1.26516E+03
   5.91107E-03   1.62757E+04   1.04494E+04   1.50089E+04  -5.82633E+03  -1.26682E+03
   5.90107E-03   1.62742E+04   1.04448E+04   1.50058E+04  -5.82943E+03  -1.26848E+03
   5.89107E-03   1.62728E+04   1.04403E+04   1.50027E+04  -5.83253E+03  -1.27014E+03
   5.88107E-03   1.62713E+04   1.04357E+04   1.49995E+04  -5.83564E+03  -1.27180E+03
   5.87107E-03   1.62699E+04   1.04312E+04   1.49964E+04  -5.83874E+03  -1.27346E+03
   5.86107E-03   1.62684E+04   1.04266E+04   1.49933E+04  -5.84185E+03  -1.27512E+03
   5.85107E-03   1.62670E+04   1.04220E+04   1.49902E+04  -5.84495E+03  -1.27678E+03
   5.84107E-03   1.62656E+04   1.04175E+04   1.49871E+04  -5.84806E+03  -1.27844E+03
   5.83107E-03   1.62641E+04   1.04129E+04   1.49840E+04  -5.85116E+03  -1.28011E+03
   5.82107E-03   1.62627E+04   1.04084E+04   1.49809E+04  -5.85427E+03  -1.28177E+03
   5.81107E-03   1.62612E+04   1.04038E+04   1.49778E+04  -5.85738E+03  -1.28343E+03
   5.80107E-03   1.62598E+04   1.03993E+04   1.49747E+04  -5.86049E+03  -1.28509E+03
   5.79107E-03   1.62583E+04   1.03947E+04   1.49716E+04  -5.86359E+03  -1.28675E+03
   5.78107E-03   1.62569E+04   1.03902E+04   1.49684E+04  -5.86670E+03  -1.28841E+03
   5.77107E-03   1.62554E+04   1.03856E+04   1.49653E+04  -5.86981E+03  -1.29007E+03
   5.76107E-03   1.62540E+04   1.03810E+04   1.49622E+04  -5.87292E+03  -1.29173E+03
   5.75107E-03   1.62525E+04   1.03765E+04   1.49591E+04  -5.87603E+03  -1.29339E+03
   5.74107E-03   1.62511E+04   1.03719E+04   1.49560E+04  -5.87914E+03  -1.29505E+03
   5.73107E-03   1.62496E+04   1.03674E+04   1.49529E+04  -5.88225E+03  -1.29671E+03
   5.72107E-03   1.62482E+04   1.03628E+04   1.49498E+04  -5.88536E+03  -1.29837E+03
   5.71107E-03   1.62467E+04   1.03582E+04   1.49467E+04  -5.88847E+03  -1.30003E+03
   5.70107E-03   1.62453E+04   1.03537E+04   1.49436E+04  -5.89159E+03  -1.30169E+03
   5.69107E-03   1.62438E+04   1.03491E+04   1.49405E+04  -5.89470E+03  -1.30335E+03
   5.68107E-03   1.62424E+04   1.03446E+04   1.49374E+04  -5.89781E+03  -1.30501E+03
   5.67107E-03   1.62409E+04   1.03400E+04   1.49343E+04  -5.90093E+03  -1.30667E+03
   5.66107E-03   1.62395E+04   1.03354E+04   1.49311E+04  -5.90404E+03  -1.30833E+03
   5.65107E-03   1.62380E+04   1.03309E+04   1.49280E+04  -5.90715E+03  -1.30999E+03
   5.64107E-03   1.62366E+04   1.03263E+04   1.49249E+04  -5.91027E+03  -1.31165E+03
   5.63107E-03   1.62351E+04   1.03217E+04   1.49218E+04  -5.91338E+03  -1.31331E+03
   5.62107E-03   1.62337E+04   1.03172E+04   1.49187E+04  -5.91650E+03  -1.31497E+03
   5.61107E-03   1.62322E+04   1.03126E+04   1.49156E+04  -5.91962E+03  -1.31663E+03
   5.60107E-03   1.62308E+04   1.03081E+04   1.49125E+04  -5.92273E+03  -1.31829E+03
   5.59107E-03   1.62293E+04   1.03035E+04   1.49094E+04  -5.92585E+03  -1.31995E+03
   5.58107E-03   1.62279E+04   1.02989E+04   1.49063E+04  -5.92897E+03  -1.32161E+03
   5.57107E-03   1.62264E+04   1.02944E+04   1.49032E+04  -5.93208E+03  -1.32327E+03
   5.56107E-03   1.62250E+04   1.02898E+04   1.49001E+04  -5.93520E+03  -1.32493E+03
   5.55107E-03   1.62235E+04   1.02852E+04   1.48970E+04  -5.93832E+03  -1.32659E+03
   5.54107E-03   1.62221E+04   1.02807E+04   1.48938E+04  -5.94144E+03  -1.32825E+03
   5.53107E-03   1.62206E+04   1.02761E+04   1.48907E+04  -5.94456E+03  -1.32991E+03
   5.52107E-03   1.62192E+04   1.02715E+04   1.48876E+04  -5.94768E+03  -1.33157E+03
   5.51107E-03   1.62178E+04   1.02670E+04   1.48845E+04  -5.95080E+03  -1.33323E+03
   5.50107E-03   1.62163E+04   1.02624E+04   1.48814E+04  -5.95392E+03  -1.33489E+03
   5.49107E-03   1.62149E+04   1.02578E+04   1.48783E+04  -5.95704E+03  -1.33655E+03
   5.48107E-03   1.62134E+04   1.02532E+04   1.48752E+04  -5.96017E+03  -1.33821E+03
   5.47107E-03   1.62120E+04   1.02487E+04   1.48721E+04  -5.96329E+03  -1.33987E+03
   5.46107E-03   1.62105E+04   1.02441E+04   1.48690E+04  -5.96641E+03  -1.34152E+03
   5.45107E-03   1.62091E+04   1.02395E+04   1.48659E+04  -5.96953E+03  -1.34318E+03
   5.44107E-03   1.62076E+04   1.02350E+04   1.48628E+04  -5.97266E+03  -1.34484E+03
   5.43107E-03   1.62062E+04   1.02304E+04   1.48597E+04  -5.97578E+03  -1.34650E+03
   5.42107E-03   1.62047E+04   1.02258E+04   1.48566E+04  -5.97891E+03  -1.34816E+03
   5.41107E-03   1.62033E+04   1.02212E+04   1.48535E+04  -5.98203E+03  -1.34982E+03
   5.40107E-03   1.62018E+04   1.02167E+04   1.48503E+04  -5.98516E+03  -1.35148E+03
   5.39107E-03   1.62004E+04   1.02121E+04   1.48472E+04  -5.98828E+03  -1.35314E+03
   5.38107E-03   1.61989E+04   1.02075E+04   1.48441E+04  -5.99141E+03  -1.35480E+03
   5.37107E-03   1.61975E+04   1.02030E+04   1.48410E+04  -5.99454E+03  -1.35646E+03
   5.36107E-03   1.61960E+04   1.01984E+04   1.48379E+04  -5.99766E+03  -1.35812E+03
   5.35107E-03   1.61946E+04   1.01938E+04   1.48348E+04  -6.00079E+03  -1.35978E+03
   5.34107E-03   1.61931E+04   1.01892E+04   1.48317E+04  -6.00392E+03  -1.36144E+03
   5.33107E-03   1.61917E+04   1.01847E+04   1.48286E+04  -6.00705E+03  -1.36309E+03
   5.32107E-03   1.61903E+04   1.01801E+04   1.48255E+04  -6.01018E+03  -1.36475E+03
   5.31107E-03   1.61888E+04   1.01755E+04   1.48224E+04  -6.01331E+03  -1.36641E+03
   5.30107E-03   1.61874E+04   1.01709E+04   1.48193E+04  -6.01644E+03  -1.36807E+03
   5.29107E-03   1.61859E+04   1.01663E+04   1.48162E+04  -6.01957E+03  -1.36973E+03
   5.28107E-03   1.61845E+04   1.01618E+04   1.48131E+04  -6.02270E+03  -1.37139E+03
   5.27107E-03   1.61830E+04   1.01572E+04   1.48100E+04  -6.02583E+03  -1.37305E+03
   5.26107E-03   1.61816E+04   1.01526E+04   1.48069E+04  -6.02896E+03  -1.37471E+03
   5.25107E-03   1.61801E+04   1.01480E+04   1.48038E+04  -6.03209E+03  -1.37637E+03
   5.24107E-03   1.61787E+04   1.01435E+04   1.48007E+04  -6.03522E+03  -1.37802E+03
   5.23107E-03   1.61772E+04   1.01389E+04   1.47976E+04  -6.03836E+03  -1.37968E+03
   5.22107E-03   1.61758E+04   1.01343E+04   1.47944E+04  -6.04149E+03  -1.38134E+03
   5.21107E-03   1.61743E+04   1.01297E+04   1.47913E+04  -6.04462E+03  -1.38300E+03
   5.20107E-03   1.61729E+04   1.01251E+04   1.47882E+04  -6.04776E+03  -1.38466E+03
   5.19107E-03   1.61714E+04   1.01206E+04   1.47851E+04  -6.05089E+03  -1.38632E+03
   5.18107E-03   1.61700E+04   1.01160E+04   1.47820E+04  -6.05403E+03  -1.38798E+03
   5.17107E-03   1.61686E+04   1.01114E+04   1.47789E+04  -6.05716E+03  -1.38964E+03
   5.16107E-03   1.61671E+04   1.01068E+04   1.47758E+04  -6.06030E+03  -1.39129E+03
   5.15107E-03   1.61657E+04   1.01022E+04   1.47727E+04  -6.06344E+03  -1.39295E+03
   5.14107E-03   1.61642E+04   1.00976E+04   1.47696E+04  -6.06657E+03  -1.39461E+03
   5.13107E-03   1.61628E+04   1.00931E+04   1.47665E+04  -6.06971E+03  -1.39627E+03
   5.12107E-03   1.61613E+04   1.00885E+04   1.47634E+04  -6.07285E+03  -1.39793E+03
   5.11107E-03   1.61599E+04   1.00839E+04   1.47603E+04  -6.07599E+03  -1.39959E+03
   5.10107E-03   1.61584E+04   1.00793E+04   1.47572E+04  -6.07913E+03  -1.40124E+03
   5.09107E-03   1.61570E+04   1.00747E+04   1.47541E+04  -6.08227E+03  -1.40290E+03
   5.08107E-03   1.61555E+04   1.00701E+04   1.47510E+04  -6.08541E+03  -1.40456E+03
   5.07107E-03   1.61541E+04   1.00656E+04   1.47479E+04  -6.08855E+03  -1.40622E+03
   5.06107E-03   1.61527E+04   1.00610E+04   1.47448E+04  -6.09169E+03  -1.40788E+03
   5.05107E-03   1.61512E+04   1.00564E+04   1.47417E+04  -6.09483E+03  -1.40954E+03
   5.04107E-03   1.61498E+04   1.00518E+04   1.47386E+04  -6.09797E+03  -1.41119E+03
   5.03107E-03   1.61483E+04   1.00472E+04   1.47355E+04  -6.10111E+03  -1.41285E+03
   5.02107E-03   1.61469E+04   1.00426E+04   1.47324E+04  -6.10425E+03  -1.41451E+03
   5.01107E-03   1.61454E+04   1.00380E+04   1.47293E+04  -6.10740E+03  -1.41617E+03
   5.00107E-03   1.61440E+04   1.00334E+04   1.47262E+04  -6.11054E+03  -1.41783E+03
   4.99107E-03   1.61425E+04   1.00288E+04   1.47230E+04  -6.11368E+03  -1.41948E+03
   4.98107E-03   1.61411E+04   1.00243E+04   1.47199E+04  -6.11683E+03  -1.42114E+03
   4.97107E-03   1.61396E+04   1.00197E+04   1.47168E+04  -6.11997E+03  -1.42280E+03
   4.96107E-03   1.61382E+04   1.00151E+04   1.47137E+04  -6.12312E+03  -1.42446E+03
   4.95107E-03   1.61368E+04   1.00105E+04   1.47106E+04  -6.12626E+03  -1.42612E+03
   4.94107E-03   1.61353E+04   1.00059E+04   1.47075E+04  -6.12941E+03  -1.42777E+03
   4.93107E-03   1.61339E+04   1.00013E+04   1.47044E+04  -6.13256E+03  -1.42943E+03
   4.92107E-03   1.61324E+04   9.99671E+03   1.47013E+04  -6.13570E+03  -1.43109E+03
   4.91107E-03   1.61310E+04   9.99212E+03   1.46982E+04  -6.13885E+03  -1.43275E+03
   4.90107E-03   1.61295E+04   9.98753E+03   1.46951E+04  -6.14200E+03  -1.43440E+03
   4.89107E-03   1.61281E+04   9.98294E+03   1.46920E+04  -6.14515E+03  -1.43606E+03
   4.88107E-03   1.61266E+04   9.97834E+03   1.46889E+04  -6.14829E+03  -1.43772E+03
   4.87107E-03   1.61252E+04   9.97375E+03   1.46858E+04  -6.15144E+03  -1.43938E+03
   4.86107E-03   1.61237E+04   9.96915E+03   1.46827E+04  -6.15459E+03  -1.44103E+03
   4.85107E-03   1.61223E+04   9.96456E+03   1.46796E+04  -6.15774E+03  -1.44269E+03
   4.84107E-03   1.61209E+04   9.95996E+03   1.46765E+04  -6.16089E+03  -1.44435E+03
   4.83107E-03   1.61194E+04   9.95537E+03   1.46734E+04  -6.16404E+03  -1.44601E+03
   4.82107E-03   1.61180E+04   9.95077E+03   1.46703E+04  -6.16719E+03  -1.44767E+03
   4.81107E-03   1.61165E+04   9.94618E+03   1.46672E+04  -6.17035E+03  -1.44932E+03
   4.80107E-03   1.61151E+04   9.94158E+03   1.46641E+04  -6.17350E+03  -1.45098E+03
   4.79107E-03   1.61136E+04   9.93698E+03   1.46610E+04  -6.17665E+03  -1.45264E+03
   4.78107E-03   1.61122E+04   9.93239E+03   1.46579E+04  -6.17980E+03  -1.45429E+03
   4.77107E-03   1.61107E+04   9.92779E+03   1.46548E+04  -6.18296E+03  -1.45595E+03
   4.76107E-03   1.61093E+04   9.92319E+03   1.46517E+04  -6.18611E+03  -1.45761E+03
   4.75107E-03   1.61079E+04   9.91859E+03   1.46486E+04  -6.18927E+03  -1.45927E+03
   4.74107E-03   1.61064E+04   9.91399E+03   1.46455E+04  -6.19242E+03  -1.46092E+03
   4.73107E-03   1.61050E+04   9.90939E+03   1.46424E+04  -6.19558E+03  -1.46258E+03
   4.72107E-03   1.61035E+04   9.90479E+03   1.46393E+04  -6.19873E+03  -1.46424E+03
   4.71107E-03   1.61021E+04   9.90019E+03   1.46362E+04  -6.20189E+03  -1.46590E+03
   4.70107E-03   1.61006E+04   9.89559E+03   1.46331E+04  -6.20505E+03  -1.46755E+03
   4.69107E-03   1.60992E+04   9.89099E+03   1.46300E+04  -6.20820E+03  -1.46921E+03
   4.68107E-03   1.60977E+04   9.88639E+03   1.46269E+04  -6.21136E+03  -1.47087E+03
   4.67107E-03   1.60963E+04   9.88179E+03   1.46238E+04  -6.21452E+03  -1.47252E+03
   4.66107E-03   1.60949E+04   9.87718E+03   1.46207E+04  -6.21768E+03  -1.47418E+03
   4.65107E-03   1.60934E+04   9.87258E+03   1.46176E+04  -6.22084E+03  -1.47584E+03
   4.64107E-03   1.60920E+04   9.86798E+03   1.46145E+04  -6.22400E+03  -1.47749E+03
   4.63107E-03   1.60905E+04   9.86338E+03   1.46114E+04  -6.22715E+03  -1.47915E+03
   4.62107E-03   1.60891E+04   9.85877E+03   1.46083E+04  -6.23032E+03  -1.48081E+03
   4.61107E-03   1.60876E+04   9.85417E+03   1.46052E+04  -6.23348E+03  -1.48247E+03
   4.60107E-03   1.60862E+04   9.84956E+03   1.46021E+04  -6.23664E+03  -1.48412E+03
   4.59107E-03   1.60848E+04   9.84496E+03   1.45990E+04  -6.23980E+03  -1.48578E+03
   4.58107E-03   1.60833E+04   9.84035E+03   1.45959E+04  -6.24296E+03  -1.48744E+03
   4.57107E-03   1.60819E+04   9.83575E+03   1.45928E+04  -6.24612E+03  -1.48909E+03
   4.56107E-03   1.60804E+04   9.83114E+03   1.45897E+04  -6.24929E+03  -1.49075E+03
   4.55107E-03   1.60790E+04   9.82653E+03   1.45866E+04  -6.25245E+03  -1.49241E+03
   4.54107E-03   1.60775E+04   9.82193E+03   1.45835E+04  -6.25561E+03  -1.49406E+03
   4.53107E-03   1.60761E+04   9.81732E+03   1.45804E+04  -6.25878E+03  -1.49572E+03
   4.52107E-03   1.60747E+04   9.81271E+03   1.45773E+04  -6.26194E+03  -1.49738E+03
   4.51107E-03   1.60732E+04   9.80810E+03   1.45742E+04  -6.26511E+03  -1.49903E+03
   4.50107E-03   1.60718E+04   9.80349E+03   1.45711E+04  -6.26827E+03  -1.50069E+03
   4.49107E-03   1.60703E+04   9.79888E+03   1.45680E+04  -6.27144E+03  -1.50234E+03
   4.48107E-03   1.60689E+04   9.79427E+03   1.45649E+04  -6.27461E+03  -1.50400E+03
   4.47107E-03   1.60674E+04   9.78966E+03   1.45618E+04  -6.27777E+03  -1.50566E+03
   4.46107E-03   1.60660E+04   9.78505E+03   1.45587E+04  -6.28094E+03  -1.50731E+03
   4.45107E-03   1.60646E+04   9.78044E+03   1.45556E+04  -6.28411E+03  -1.50897E+03
   4.44107E-03   1.60631E+04   9.77583E+03   1.45525E+04  -6.28728E+03  -1.51063E+03
   4.43107E-03   1.60617E+04   9.77122E+03   1.45494E+04  -6.29045E+03  -1.51228E+03
   4.42107E-03   1.60602E+04   9.76661E+03   1.45463E+04  -6.29361E+03  -1.51394E+03
   4.41107E-03   1.60588E+04   9.76200E+03   1.45432E+04  -6.29678E+03  -1.51560E+03
   4.40107E-03   1.60573E+04   9.75738E+03   1.45401E+04  -6.29995E+03  -1.51725E+03
   4.39107E-03   1.60559E+04   9.75277E+03   1.45370E+04  -6.30313E+03  -1.51891E+03
   4.38107E-03   1.60545E+04   9.74816E+03   1.45339E+04  -6.30630E+03  -1.52056E+03
   4.37107E-03   1.60530E+04   9.74354E+03   1.45308E+04  -6.30947E+03  -1.52222E+03
   4.36107E-03   1.60516E+04   9.73893E+03   1.45277E+04  -6.31264E+03  -1.52388E+03
   4.35107E-03   1.60501E+04   9.73431E+03   1.45246E+04  -6.31581E+03  -1.52553E+03
   4.34107E-03   1.60487E+04   9.72970E+03   1.45215E+04  -6.31898E+03  -1.52719E+03
   4.33107E-03   1.60472E+04   9.72508E+03   1.45184E+04  -6.32216E+03  -1.52884E+03
   4.32107E-03   1.60458E+04   9.72047E+03   1.45153E+04  -6.32533E+03  -1.53050E+03
   4.31107E-03   1.60444E+04   9.71585E+03   1.45122E+04  -6.32851E+03  -1.53216E+03
   4.30107E-03   1.60429E+04   9.71123E+03   1.45091E+04  -6.33168E+03  -1.53381E+03
   4.29107E-03   1.60415E+04   9.70662E+03   1.45060E+04  -6.33486E+03  -1.53547E+03
   4.28107E-03   1.60400E+04   9.70200E+03   1.45029E+04  -6.33803E+03  -1.53712E+03
   4.27107E-03   1.60386E+04   9.69738E+03   1.44998E+04  -6.34121E+03  -1.53878E+03
   4.26107E-03   1.60371E+04   9.69276E+03   1.44967E+04  -6.34438E+03  -1.54044E+03
   4.25107E-03   1.60357E+04   9.68814E+03   1.44936E+04  -6.34756E+03  -1.54209E+03
   4.24107E-03   1.60343E+04   9.68352E+03   1.44905E+04  -6.35074E+03  -1.54375E+03
   4.23107E-03   1.60328E+04   9.67890E+03   1.44874E+04  -6.35392E+03  -1.54540E+03
   4.22107E-03   1.60314E+04   9.67428E+03   1.44843E+04  -6.35709E+03  -1.54706E+03
   4.21107E-03   1.60299E+04   9.66966E+03   1.44812E+04  -6.36027E+03  -1.54871E+03
   4.20107E-03   1.60285E+04   9.66504E+03   1.44781E+04  -6.36345E+03  -1.55037E+03
   4.19107E-03   1.60271E+04   9.66042E+03   1.44750E+04  -6.36663E+03  -1.55202E+03
   4.18107E-03   1.60256E+04   9.65580E+03   1.44719E+04  -6.36981E+03  -1.55368E+03
   4.17107E-03   1.60242E+04   9.65118E+03   1.44688E+04  -6.37299E+03  -1.55534E+03
   4.16107E-03   1.60227E+04   9.64655E+03   1.44657E+04  -6.37617E+03  -1.55699E+03
   4.15107E-03   1.60213E+04   9.64193E+03   1.44626E+04  -6.37935E+03  -1.55865E+03
   4.14107E-03   1.60198E+04   9.63731E+03   1.44595E+04  -6.38254E+03  -1.56030E+03
   4.13107E-03   1.60184E+04   9.63268E+03   1.44564E+04  -6.38572E+03  -1.56196E+03
   4.12107E-03   1.60170E+04   9.62806E+03   1.44533E+04  -6.38890E+03  -1.56361E+03
   4.11107E-03   1.60155E+04   9.62344E+03   1.44503E+04  -6.39208E+03  -1.56527E+03
   4.10107E-03   1.60141E+04   9.61881E+03   1.44472E+04  -6.39527E+03  -1.56692E+03
   4.09107E-03   1.60126E+04   9.61419E+03   1.44441E+04  -6.39845E+03  -1.56858E+03
   4.08107E-03   1.60112E+04   9.60956E+03   1.44410E+04  -6.40164E+03  -1.57023E+03
   4.07107E-03   1.60098E+04   9.60493E+03   1.44379E+04  -6.40482E+03  -1.57189E+03
   4.06107E-03   1.60083E+04   9.60031E+03   1.44348E+04  -6.40801E+03  -1.57354E+03
   4.05107E-03   1.60069E+04   9.59568E+03   1.44317E+04  -6.41119E+03  -1.57520E+03
   4.04107E-03   1.60054E+04   9.59105E+03   1.44286E+04  -6.41438E+03  -1.57685E+03
   4.03107E-03   1.60040E+04   9.58643E+03   1.44255E+04  -6.41757E+03  -1.57851E+03
   4.02107E-03   1.60026E+04   9.58180E+03   1.44224E+04  -6.42075E+03  -1.58016E+03
   4.01107E-03   1.60011E+04   9.57717E+03   1.44193E+04  -6.42394E+03  -1.58182E+03
   4.00107E-03   1.59997E+04   9.57254E+03   1.44162E+04  -6.42713E+03  -1.58347E+03
   3.99107E-03   1.59982E+04   9.56791E+03   1.44131E+04  -6.43032E+03  -1.58513E+03
   3.98107E-03   1.59968E+04   9.56328E+03   1.44100E+04  -6.43351E+03  -1.58678E+03
   3.97107E-03   1.59953E+04   9.55865E+03   1.44069E+04  -6.43670E+03  -1.58844E+03
   3.96107E-03   1.59939E+04   9.55402E+03   1.44038E+04  -6.43989E+03  -1.59009E+03
   3.95107E-03   1.59925E+04   9.54939E+03   1.44007E+04  -6.44308E+03  -1.59175E+03
   3.94107E-03   1.59910E+04   9.54476E+03   1.43976E+04  -6.44627E+03  -1.59340E+03
   3.93107E-03   1.59896E+04   9.54013E+03   1.43945E+04  -6.44946E+03  -1.59506E+03
   3.92107E-03   1.59881E+04   9.53549E+03   1.43914E+04  -6.45265E+03  -1.59671E+03
   3.91107E-03   1.59867E+04   9.53086E+03   1.43883E+04  -6.45584E+03  -1.59837E+03
   3.90107E-03   1.59853E+04   9.52623E+03   1.43852E+04  -6.45904E+03  -1.60002E+03
   3.89107E-03   1.59838E+04   9.52159E+03   1.43821E+04  -6.46223E+03  -1.60168E+03
   3.88107E-03   1.59824E+04   9.51696E+03   1.43791E+04  -6.46542E+03  -1.60333E+03
   3.87107E-03   1.59809E+04   9.51233E+03   1.43760E+04  -6.46862E+03  -1.60499E+03
   3.86107E-03   1.59795E+04   9.50769E+03   1.43729E+04  -6.47181E+03  -1.60664E+03
   3.85107E-03   1.59781E+04   9.50306E+03   1.43698E+04  -6.47501E+03  -1.60830E+03
   3.84107E-03   1.59766E+04   9.49842E+03   1.43667E+04  -6.47820E+03  -1.60995E+03
   3.83107E-03   1.59752E+04   9.49379E+03   1.43636E+04  -6.48140E+03  -1.61160E+03
   3.82107E-03   1.59737E+04   9.48915E+03   1.43605E+04  -6.48459E+03  -1.61326E+03
   3.81107E-03   1.59723E+04   9.48451E+03   1.43574E+04  -6.48779E+03  -1.61491E+03
   3.80107E-03   1.59709E+04   9.47988E+03   1.43543E+04  -6.49099E+03  -1.61657E+03
   3.79107E-03   1.59694E+04   9.47524E+03   1.43512E+04  -6.49418E+03  -1.61822E+03
   3.78107E-03   1.59680E+04   9.47060E+03   1.43481E+04  -6.49738E+03  -1.61988E+03
   3.77107E-03   1.59665E+04   9.46596E+03   1.43450E+04  -6.50058E+03  -1.62153E+03
   3.76107E-03   1.59651E+04   9.46132E+03   1.43419E+04  -6.50378E+03  -1.62318E+03
   3.75107E-03   1.59637E+04   9.45668E+03   1.43388E+04  -6.50698E+03  -1.62484E+03
   3.74107E-03   1.59622E+04   9.45204E+03   1.43357E+04  -6.51018E+03  -1.62649E+03
   3.73107E-03   1.59608E+04   9.44740E+03   1.43326E+04  -6.51338E+03  -1.62815E+03
   3.72107E-03   1.59593E+04   9.44276E+03   1.43295E+04  -6.51658E+03  -1.62980E+03
   3.71107E-03   1.59579E+04   9.43812E+03   1.43264E+04  -6.51978E+03  -1.63146E+03
   3.70107E-03   1.59565E+04   9.43348E+03   1.43234E+04  -6.52298E+03  -1.63311E+03
   3.69107E-03   1.59550E+04   9.42884E+03   1.43203E+04  -6.52619E+03  -1.63476E+03
   3.68107E-03   1.59536E+04   9.42420E+03   1.43172E+04  -6.52939E+03  -1.63642E+03
   3.67107E-03   1.59521E+04   9.41956E+03   1.43141E+04  -6.53259E+03  -1.63807E+03
   3.66107E-03   1.59507E+04   9.41491E+03   1.43110E+04  -6.53579E+03  -1.63973E+03
   3.65107E-03   1.59493E+04   9.41027E+03   1.43079E+04  -6.53900E+03  -1.64138E+03
   3.64107E-03   1.59478E+04   9.40563E+03   1.43048E+04  -6.54220E+03  -1.64303E+03
   3.63107E-03   1.59464E+04   9.40098E+03   1.43017E+04  -6.54541E+03  -1.64469E+03
   3.62107E-03   1.59450E+04   9.39634E+03   1.42986E+04  -6.54861E+03  -1.64634E+03
   3.61107E-03   1.59435E+04   9.39169E+03   1.42955E+04  -6.55182E+03  -1.64799E+03
   3.60107E-03   1.59421E+04   9.38705E+03   1.42924E+04  -6.55502E+03  -1.64965E+03
   3.59107E-03   1.59406E+04   9.38240E+03   1.42893E+04  -6.55823E+03  -1.65130E+03
   3.58107E-03   1.59392E+04   9.37776E+03   1.42862E+04  -6.56144E+03  -1.65296E+03
   3.57107E-03   1.59378E+04   9.37311E+03   1.42831E+04  -6.56465E+03  -1.65461E+03
   3.56107E-03   1.59363E+04   9.36846E+03   1.42801E+04  -6.56785E+03  -1.65626E+03
   3.55107E-03   1.59349E+04   9.36382E+03   1.42770E+04  -6.57106E+03  -1.65792E+03
   3.54107E-03   1.59334E+04   9.35917E+03   1.42739E+04  -6.57427E+03  -1.65957E+03
   3.53107E-03   1.59320E+04   9.35452E+03   1.42708E+04  -6.57748E+03  -1.66122E+03
   3.52107E-03   1.59306E+04   9.34987E+03   1.42677E+04  -6.58069E+03  -1.66288E+03
   3.51107E-03   1.59291E+04   9.34522E+03   1.42646E+04  -6.58390E+03  -1.66453E+03
   3.50107E-03   1.59277E+04   9.34057E+03   1.42615E+04  -6.58711E+03  -1.66618E+03
   3.49107E-03   1.59262E+04   9.33593E+03   1.42584E+04  -6.59032E+03  -1.66784E+03
   3.48107E-03   1.59248E+04   9.33128E+03   1.42553E+04  -6.59353E+03  -1.66949E+03
   3.47107E-03   1.59234E+04   9.32662E+03   1.42522E+04  -6.59675E+03  -1.67114E+03
   3.46107E-03   1.59219E+04   9.32197E+03   1.42491E+04  -6.59996E+03  -1.67280E+03
   3.45107E-03   1.59205E+04   9.31732E+03   1.42460E+04  -6.60317E+03  -1.67445E+03
   3.44107E-03   1.59191E+04   9.31267E+03   1.42430E+04  -6.60639E+03  -1.67610E+03
   3.43107E-03   1.59176E+04   9.30802E+03   1.42399E+04  -6.60960E+03  -1.67776E+03
   3.42107E-03   1.59162E+04   9.30337E+03   1.42368E+04  -6.61281E+03  -1.67941E+03
   3.41107E-03   1.59147E+04   9.29871E+03   1.42337E+04  -6.61603E+03  -1.68106E+03
   3.40107E-03   1.59133E+04   9.29406E+03   1.42306E+04  -6.61924E+03  -1.68272E+03
   3.39107E-03   1.59119E+04   9.28941E+03   1.42275E+04  -6.62246E+03  -1.68437E+03
   3.38107E-03   1.59104E+04   9.28475E+03   1.42244E+04  -6.62568E+03  -1.68602E+03
   3.37107E-03   1.59090E+04   9.28010E+03   1.42213E+04  -6.62889E+03  -1.68768E+03
   3.36107E-03   1.59076E+04   9.27544E+03   1.42182E+04  -6.63211E+03  -1.68933E+03
   3.35107E-03   1.59061E+04   9.27079E+03   1.42151E+04  -6.63533E+03  -1.69098E+03
   3.34107E-03   1.59047E+04   9.26613E+03   1.42120E+04  -6.63855E+03  -1.69264E+03
   3.33107E-03   1.59032E+04   9.26148E+03   1.42090E+04  -6.64176E+03  -1.69429E+03
   3.32107E-03   1.59018E+04   9.25682E+03   1.42059E+04  -6.64498E+03  -1.69594E+03
   3.31107E-03   1.59004E+04   9.25216E+03   1.42028E+04  -6.64820E+03  -1.69759E+03
   3.30107E-03   1.58989E+04   9.24750E+03   1.41997E+04  -6.65142E+03  -1.69925E+03
   3.29107E-03   1.58975E+04   9.24285E+03   1.41966E+04  -6.65464E+03  -1.70090E+03
   3.28107E-03   1.58961E+04   9.23819E+03   1.41935E+04  -6.65786E+03  -1.70255E+03
   3.27107E-03   1.58946E+04   9.23353E+03   1.41904E+04  -6.66108E+03  -1.70421E+03
   3.26107E-03   1.58932E+04   9.22887E+03   1.41873E+04  -6.66431E+03  -1.70586E+03
   3.25107E-03   1.58917E+04   9.22421E+03   1.41842E+04  -6.66753E+03  -1.70751E+03
   3.24107E-03   1.58903E+04   9.21955E+03   1.41811E+04  -6.67075E+03  -1.70916E+03
   3.23107E-03   1.58889E+04   9.21489E+03   1.41780E+04  -6.67397E+03  -1.71082E+03
   3.22107E-03   1.58874E+04   9.21023E+03   1.41750E+04  -6.67720E+03  -1.71247E+03
   3.21107E-03   1.58860E+04   9.20557E+03   1.41719E+04  -6.68042E+03  -1.71412E+03
   3.20107E-03   1.58846E+04   9.20091E+03   1.41688E+04  -6.68364E+03  -1.71577E+03
   3.19107E-03   1.58831E+04   9.19625E+03   1.41657E+04  -6.68687E+03  -1.71743E+03
   3.18107E-03   1.58817E+04   9.19158E+03   1.41626E+04  -6.69009E+03  -1.71908E+03
   3.17107E-03   1.58802E+04   9.18692E+03   1.41595E+04  -6.69332E+03  -1.72073E+03
   3.16107E-03   1.58788E+04   9.18226E+03   1.41564E+04  -6.69655E+03  -1.72238E+03
   3.15107E-03   1.58774E+04   9.17759E+03   1.41533E+04  -6.69977E+03  -1.72404E+03
   3.14107E-03   1.58759E+04   9.17293E+03   1.41502E+04  -6.70300E+03  -1.72569E+03
   3.13107E-03   1.58745E+04   9.16827E+03   1.41472E+04  -6.70623E+03  -1.72734E+03
   3.12107E-03   1.58731E+04   9.16360E+03   1.41441E+04  -6.70946E+03  -1.72899E+03
   3.11107E-03   1.58716E+04   9.15894E+03   1.41410E+04  -6.71268E+03  -1.73065E+03
   3.10107E-03   1.58702E+04   9.15427E+03   1.41379E+04  -6.71591E+03  -1.73230E+03
   3.09107E-03   1.58687E+04   9.14960E+03   1.41348E+04  -6.71914E+03  -1.73395E+03
   3.08107E-03   1.58673E+04   9.14494E+03   1.41317E+04  -6.72237E+03  -1.73560E+03
   3.07107E-03   1.58659E+04   9.14027E+03   1.41286E+04  -6.72560E+03  -1.73725E+03
   3.06107E-03   1.58644E+04   9.13560E+03   1.41255E+04  -6.72883E+03  -1.73891E+03
   3.05107E-03   1.58630E+04   9.13094E+03   1.41224E+04  -6.73206E+03  -1.74056E+03
   3.04107E-03   1.58616E+04   9.12627E+03   1.41194E+04  -6.73530E+03  -1.74221E+03
   3.03107E-03   1.58601E+04   9.12160E+03   1.41163E+04  -6.73853E+03  -1.74386E+03
   3.02107E-03   1.58587E+04   9.11693E+03   1.41132E+04  -6.74176E+03  -1.74551E+03
   3.01107E-03   1.58573E+04   9.11226E+03   1.41101E+04  -6.74499E+03  -1.74717E+03
   3.00107E-03   1.58558E+04   9.10759E+03   1.41070E+04  -6.74823E+03  -1.74882E+03
   2.99107E-03   1.58544E+04   9.10292E+03   1.41039E+04  -6.75146E+03  -1.75047E+03
   2.98107E-03   1.58529E+04   9.09825E+03   1.41008E+04  -6.75469E+03  -1.75212E+03
   2.97107E-03   1.58515E+04   9.09358E+03   1.40977E+04  -6.75793E+03  -1.75377E+03
   2.96107E-03   1.58501E+04   9.08891E+03   1.40946E+04  -6.76116E+03  -1.75543E+03
   2.95107E-03   1.58486E+04   9.08424E+03   1.40916E+04  -6.76440E+03  -1.75708E+03
   2.94107E-03   1.58472E+04   9.07957E+03   1.40885E+04  -6.76764E+03  -1.75873E+03
   2.93107E-03   1.58458E+04   9.07489E+03   1.40854E+04  -6.77087E+03  -1.76038E+03
   2.92107E-03   1.58443E+04   9.07022E+03   1.40823E+04  -6.77411E+03  -1.76203E+03
   2.91107E-03   1.58429E+04   9.06555E+03   1.40792E+04  -6.77735E+03  -1.76368E+03
   2.90107E-03   1.58415E+04   9.06087E+03   1.40761E+04  -6.78059E+03  -1.76534E+03
   2.89107E-03   1.58400E+04   9.05620E+03   1.40730E+04  -6.78382E+03  -1.76699E+03
   2.88107E-03   1.58386E+04   9.05152E+03   1.40699E+04  -6.78706E+03  -1.76864E+03
   2.87107E-03   1.58372E+04   9.04685E+03   1.40669E+04  -6.79030E+03  -1.77029E+03
   2.86107E-03   1.58357E+04   9.04217E+03   1.40638E+04  -6.79354E+03  -1.77194E+03
   2.85107E-03   1.58343E+04   9.03750E+03   1.40607E+04  -6.79678E+03  -1.77359E+03
   2.84107E-03   1.58328E+04   9.03282E+03   1.40576E+04  -6.80002E+03  -1.77525E+03
   2.83107E-03   1.58314E+04   9.02815E+03   1.40545E+04  -6.80326E+03  -1.77690E+03
   2.82107E-03   1.58300E+04   9.02347E+03   1.40514E+04  -6.80651E+03  -1.77855E+03
   2.81107E-03   1.58285E+04   9.01879E+03   1.40483E+04  -6.80975E+03  -1.78020E+03
   2.80107E-03   1.58271E+04   9.01411E+03   1.40453E+04  -6.81299E+03  -1.78185E+03
   2.79107E-03   1.58257E+04   9.00943E+03   1.40422E+04  -6.81623E+03  -1.78350E+03
   2.78107E-03   1.58242E+04   9.00476E+03   1.40391E+04  -6.81948E+03  -1.78515E+03
   2.77107E-03   1.58228E+04   9.00008E+03   1.40360E+04  -6.82272E+03  -1.78680E+03
   2.76107E-03   1.58214E+04   8.99540E+03   1.40329E+04  -6.82597E+03  -1.78846E+03
   2.75107E-03   1.58199E+04   8.99072E+03   1.40298E+04  -6.82921E+03  -1.79011E+03
   2.74107E-03   1.58185E+04   8.98604E+03   1.40267E+04  -6.83246E+03  -1.79176E+03
   2.73107E-03   1.58171E+04   8.98136E+03   1.40236E+04  -6.83570E+03  -1.79341E+03
   2.72107E-03   1.58156E+04   8.97668E+03   1.40206E+04  -6.83895E+03  -1.79506E+03
   2.71107E-03   1.58142E+04   8.97199E+03   1.40175E+04  -6.84219E+03  -1.79671E+03
   2.70107E-03   1.58128E+04   8.96731E+03   1.40144E+04  -6.84544E+03  -1.79836E+03
   2.69107E-03   1.58113E+04   8.96263E+03   1.40113E+04  -6.84869E+03  -1.80001E+03
   2.68107E-03   1.58099E+04   8.95795E+03   1.40082E+04  -6.85194E+03  -1.80166E+03
   2.67107E-03   1.58084E+04   8.95326E+03   1.40051E+04  -6.85519E+03  -1.80332E+03
   2.66107E-03   1.58070E+04   8.94858E+03   1.40020E+04  -6.85843E+03  -1.80497E+03
   2.65107E-03   1.58056E+04   8.94390E+03   1.39990E+04  -6.86168E+03  -1.80662E+03
   2.64107E-03   1.58041E+04   8.93921E+03   1.39959E+04  -6.86493E+03  -1.80827E+03
   2.63107E-03   1.58027E+04   8.93453E+03   1.39928E+04  -6.86818E+03  -1.80992E+03
   2.62107E-03   1.58013E+04   8.92984E+03   1.39897E+04  -6.87143E+03  -1.81157E+03
   2.61107E-03   1.57998E+04   8.92516E+03   1.39866E+04  -6.87469E+03  -1.81322E+03
   2.60107E-03   1.57984E+04   8.92047E+03   1.39835E+04  -6.87794E+03  -1.81487E+03
   2.59107E-03   1.57970E+04   8.91578E+03   1.39805E+04  -6.88119E+03  -1.81652E+03
   2.58107E-03   1.57955E+04   8.91110E+03   1.39774E+04  -6.88444E+03  -1.81817E+03
   2.57107E-03   1.57941E+04   8.90641E+03   1.39743E+04  -6.88770E+03  -1.81982E+03
   2.56107E-03   1.57927E+04   8.90172E+03   1.39712E+04  -6.89095E+03  -1.82147E+03
   2.55107E-03   1.57912E+04   8.89703E+03   1.39681E+04  -6.89420E+03  -1.82312E+03
   2.54107E-03   1.57898E+04   8.89235E+03   1.39650E+04  -6.89746E+03  -1.82478E+03
   2.53107E-03   1.57884E+04   8.88766E+03   1.39619E+04  -6.90071E+03  -1.82643E+03
   2.52107E-03   1.57869E+04   8.88297E+03   1.39589E+04  -6.90397E+03  -1.82808E+03
   2.51107E-03   1.57855E+04   8.87828E+03   1.39558E+04  -6.90722E+03  -1.82973E+03
   2.50107E-03   1.57841E+04   8.87359E+03   1.39527E+04  -6.91048E+03  -1.83138E+03
   2.49107E-03   1.57826E+04   8.86890E+03   1.39496E+04  -6.91374E+03  -1.83303E+03
   2.48107E-03   1.57812E+04   8.86421E+03   1.39465E+04  -6.91699E+03  -1.83468E+03
   2.47107E-03   1.57798E+04   8.85951E+03   1.39434E+04  -6.92025E+03  -1.83633E+03
   2.46107E-03   1.57783E+04   8.85482E+03   1.39404E+04  -6.92351E+03  -1.83798E+03
   2.45107E-03   1.57769E+04   8.85013E+03   1.39373E+04  -6.92677E+03  -1.83963E+03
   2.44107E-03   1.57755E+04   8.84544E+03   1.39342E+04  -6.93003E+03  -1.84128E+03
   2.43107E-03   1.57740E+04   8.84074E+03   1.39311E+04  -6.93329E+03  -1.84293E+03
   2.42107E-03   1.57726E+04   8.83605E+03   1.39280E+04  -6.93655E+03  -1.84458E+03
   2.41107E-03   1.57712E+04   8.83136E+03   1.39249E+04  -6.93981E+03  -1.84623E+03
   2.40107E-03   1.57697E+04   8.82666E+03   1.39218E+04  -6.94307E+03  -1.84788E+03
   2.39107E-03   1.57683E+04   8.82197E+03   1.39188E+04  -6.94633E+03  -1.84953E+03
   2.38107E-03   1.57669E+04   8.81727E+03   1.39157E+04  -6.94959E+03  -1.85118E+03
   2.37107E-03   1.57654E+04   8.81258E+03   1.39126E+04  -6.95285E+03  -1.85283E+03
   2.36107E-03   1.57640E+04   8.80788E+03   1.39095E+04  -6.95611E+03  -1.85448E+03
   2.35107E-03   1.57626E+04   8.80318E+03   1.39064E+04  -6.95938E+03  -1.85613E+03
   2.34107E-03   1.57611E+04   8.79849E+03   1.39033E+04  -6.96264E+03  -1.85778E+03
   2.33107E-03   1.57597E+04   8.79379E+03   1.39003E+04  -6.96591E+03  -1.85943E+03
   2.32107E-03   1.57583E+04   8.78909E+03   1.38972E+04  -6.96917E+03  -1.86108E+03
   2.31107E-03   1.57568E+04   8.78440E+03   1.38941E+04  -6.97243E+03  -1.86273E+03
   2.30107E-03   1.57554E+04   8.77970E+03   1.38910E+04  -6.97570E+03  -1.86438E+03
   2.29107E-03   1.57540E+04   8.77500E+03   1.38879E+04  -6.97897E+03  -1.86603E+03
   2.28107E-03   1.57525E+04   8.77030E+03   1.38849E+04  -6.98223E+03  -1.86768E+03
   2.27107E-03   1.57511E+04   8.76560E+03   1.38818E+04  -6.98550E+03  -1.86933E+03
   2.26107E-03   1.57497E+04   8.76090E+03   1.38787E+04  -6.98877E+03  -1.87098E+03
   2.25107E-03   1.57482E+04   8.75620E+03   1.38756E+04  -6.99203E+03  -1.87263E+03
   2.24107E-03   1.57468E+04   8.75150E+03   1.38725E+04  -6.99530E+03  -1.87428E+03
   2.23107E-03   1.57454E+04   8.74680E+03   1.38694E+04  -6.99857E+03  -1.87593E+03
   2.22107E-03   1.57439E+04   8.74210E+03   1.38664E+04  -7.00184E+03  -1.87758E+03
   2.21107E-03   1.57425E+04   8.73739E+03   1.38633E+04  -7.00511E+03  -1.87923E+03
   2.20107E-03   1.57411E+04   8.73269E+03   1.38602E+04  -7.00838E+03  -1.88088E+03
   2.19107E-03   1.57396E+04   8.72799E+03   1.38571E+04  -7.01165E+03  -1.88253E+03
   2.18107E-03   1.57382E+04   8.72328E+03   1.38540E+04  -7.01492E+03  -1.88417E+03
   2.17107E-03   1.57368E+04   8.71858E+03   1.38509E+04  -7.01819E+03  -1.88582E+03
   2.16107E-03   1.57353E+04   8.71388E+03   1.38479E+04  -7.02146E+03  -1.88747E+03
   2.15107E-03   1.57339E+04   8.70917E+03   1.38448E+04  -7.02474E+03  -1.88912E+03
   2.14107E-03   1.57325E+04   8.70447E+03   1.38417E+04  -7.02801E+03  -1.89077E+03
   2.13107E-03   1.57310E+04   8.69976E+03   1.38386E+04  -7.03128E+03  -1.89242E+03
   2.12107E-03   1.57296E+04   8.69506E+03   1.38355E+04  -7.03456E+03  -1.89407E+03
   2.11107E-03   1.57282E+04   8.69035E+03   1.38325E+04  -7.03783E+03  -1.89572E+03
   2.10107E-03   1.57267E+04   8.68564E+03   1.38294E+04  -7.04110E+03  -1.89737E+03
   2.09107E-03   1.57253E+04   8.68094E+03   1.38263E+04  -7.04438E+03  -1.89902E+03
   2.08107E-03   1.57239E+04   8.67623E+03   1.38232E+04  -7.04765E+03  -1.90067E+03
   2.07107E-03   1.57225E+04   8.67152E+03   1.38201E+04  -7.05093E+03  -1.90232E+03
   2.06107E-03   1.57210E+04   8.66681E+03   1.38171E+04  -7.05421E+03  -1.90397E+03
   2.05107E-03   1.57196E+04   8.66210E+03   1.38140E+04  -7.05748E+03  -1.90561E+03
   2.04107E-03   1.57182E+04   8.65739E+03   1.38109E+04  -7.06076E+03  -1.90726E+03
   2.03107E-03   1.57167E+04   8.65268E+03   1.38078E+04  -7.06404E+03  -1.90891E+03
   2.02107E-03   1.57153E+04   8.64797E+03   1.38047E+04  -7.06732E+03  -1.91056E+03
   2.01107E-03   1.57139E+04   8.64326E+03   1.38016E+04  -7.07060E+03  -1.91221E+03
   2.00107E-03   1.57124E+04   8.63855E+03   1.37986E+04  -7.07387E+03  -1.91386E+03
   1.99107E-03   1.57110E+04   8.63384E+03   1.37955E+04  -7.07715E+03  -1.91551E+03
   1.98107E-03   1.57096E+04   8.62913E+03   1.37924E+04  -7.08043E+03  -1.91716E+03
   1.97107E-03   1.57081E+04   8.62442E+03   1.37893E+04  -7.08371E+03  -1.91881E+03
   1.96107E-03   1.57067E+04   8.61971E+03   1.37862E+04  -7.08700E+03  -1.92046E+03
   1.95107E-03   1.57053E+04   8.61499E+03   1.37832E+04  -7.09028E+03  -1.92210E+03
   1.94107E-03   1.57038E+04   8.61028E+03   1.37801E+04  -7.09356E+03  -1.92375E+03
   1.93107E-03   1.57024E+04   8.60557E+03   1.37770E+04  -7.09684E+03  -1.92540E+03
   1.92107E-03   1.57010E+04   8.60085E+03   1.37739E+04  -7.10012E+03  -1.92705E+03
   1.91107E-03   1.56995E+04   8.59614E+03   1.37708E+04  -7.10341E+03  -1.92870E+03
   1.90107E-03   1.56981E+04   8.59142E+03   1.37678E+04  -7.10669E+03  -1.93035E+03
   1.89107E-03   1.56967E+04   8.58671E+03   1.37647E+04  -7.10998E+03  -1.93200E+03
   1.88107E-03   1.56953E+04   8.58199E+03   1.37616E+04  -7.11326E+03  -1.93364E+03
   1.87107E-03   1.56938E+04   8.57728E+03   1.37585E+04  -7.11655E+03  -1.93529E+03
   1.86107E-03   1.56924E+04   8.57256E+03   1.37554E+04  -7.11983E+03  -1.93694E+03
   1.85107E-03   1.56910E+04   8.56784E+03   1.37524E+04  -7.12312E+03  -1.93859E+03
   1.84107E-03   1.56895E+04   8.56312E+03   1.37493E+04  -7.12640E+03  -1.94024E+03
   1.83107E-03   1.56881E+04   8.55841E+03   1.37462E+04  -7.12969E+03  -1.94189E+03
   1.82107E-03   1.56867E+04   8.55369E+03   1.37431E+04  -7.13298E+03  -1.94353E+03
   1.81107E-03   1.56852E+04   8.54897E+03   1.37401E+04  -7.13627E+03  -1.94518E+03
   1.80107E-03   1.56838E+04   8.54425E+03   1.37370E+04  -7.13955E+03  -1.94683E+03
   1.79107E-03   1.56824E+04   8.53953E+03   1.37339E+04  -7.14284E+03  -1.94848E+03
   1.78107E-03   1.56809E+04   8.53481E+03   1.37308E+04  -7.14613E+03  -1.95013E+03
   1.77107E-03   1.56795E+04   8.53009E+03   1.37277E+04  -7.14942E+03  -1.95178E+03
   1.76107E-03   1.56781E+04   8.52537E+03   1.37247E+04  -7.15271E+03  -1.95342E+03
   1.75107E-03   1.56767E+04   8.52065E+03   1.37216E+04  -7.15600E+03  -1.95507E+03
   1.74107E-03   1.56752E+04   8.51593E+03   1.37185E+04  -7.15929E+03  -1.95672E+03
   1.73107E-03   1.56738E+04   8.51121E+03   1.37154E+04  -7.16259E+03  -1.95837E+03
   1.72107E-03   1.56724E+04   8.50648E+03   1.37123E+04  -7.16588E+03  -1.96002E+03
   1.71107E-03   1.56709E+04   8.50176E+03   1.37093E+04  -7.16917E+03  -1.96167E+03
   1.70107E-03   1.56695E+04   8.49704E+03   1.37062E+04  -7.17246E+03  -1.96331E+03
   1.69107E-03   1.56681E+04   8.49231E+03   1.37031E+04  -7.17576E+03  -1.96496E+03
   1.68107E-03   1.56666E+04   8.48759E+03   1.37000E+04  -7.17905E+03  -1.96661E+03
   1.67107E-03   1.56652E+04   8.48287E+03   1.36970E+04  -7.18234E+03  -1.96826E+03
   1.66107E-03   1.56638E+04   8.47814E+03   1.36939E+04  -7.18564E+03  -1.96990E+03
   1.65107E-03   1.56623E+04   8.47342E+03   1.36908E+04  -7.18893E+03  -1.97155E+03
   1.64107E-03   1.56609E+04   8.46869E+03   1.36877E+04  -7.19223E+03  -1.97320E+03
   1.63107E-03   1.56595E+04   8.46396E+03   1.36846E+04  -7.19553E+03  -1.97485E+03
   1.62107E-03   1.56581E+04   8.45924E+03   1.36816E+04  -7.19882E+03  -1.97650E+03
   1.61107E-03   1.56566E+04   8.45451E+03   1.36785E+04  -7.20212E+03  -1.97814E+03
   1.60107E-03   1.56552E+04   8.44978E+03   1.36754E+04  -7.20542E+03  -1.97979E+03
   1.59107E-03   1.56538E+04   8.44505E+03   1.36723E+04  -7.20872E+03  -1.98144E+03
   1.58107E-03   1.56523E+04   8.44033E+03   1.36693E+04  -7.21201E+03  -1.98309E+03
   1.57107E-03   1.56509E+04   8.43560E+03   1.36662E+04  -7.21531E+03  -1.98473E+03
   1.56107E-03   1.56495E+04   8.43087E+03   1.36631E+04  -7.21861E+03  -1.98638E+03
   1.55107E-03   1.56481E+04   8.42614E+03   1.36600E+04  -7.22191E+03  -1.98803E+03
   1.54107E-03   1.56466E+04   8.42141E+03   1.36569E+04  -7.22521E+03  -1.98968E+03
   1.53107E-03   1.56452E+04   8.41668E+03   1.36539E+04  -7.22851E+03  -1.99132E+03
   1.52107E-03   1.56438E+04   8.41195E+03   1.36508E+04  -7.23181E+03  -1.99297E+03
   1.51107E-03   1.56423E+04   8.40722E+03   1.36477E+04  -7.23512E+03  -1.99462E+03
   1.50107E-03   1.56409E+04   8.40249E+03   1.36446E+04  -7.23842E+03  -1.99627E+03
   1.49107E-03   1.56395E+04   8.39775E+03   1.36416E+04  -7.24172E+03  -1.99791E+03
   1.48107E-03   1.56380E+04   8.39302E+03   1.36385E+04  -7.24502E+03  -1.99956E+03
   1.47107E-03   1.56366E+04   8.38829E+03   1.36354E+04  -7.24833E+03  -2.00121E+03
   1.46107E-03   1.56352E+04   8.38356E+03   1.36323E+04  -7.25163E+03  -2.00286E+03
   1.45107E-03   1.56338E+04   8.37882E+03   1.36293E+04  -7.25494E+03  -2.00450E+03
   1.44107E-03   1.56323E+04   8.37409E+03   1.36262E+04  -7.25824E+03  -2.00615E+03
   1.43107E-03   1.56309E+04   8.36935E+03   1.36231E+04  -7.26155E+03  -2.00780E+03
   1.42107E-03   1.56295E+04   8.36462E+03   1.36200E+04  -7.26485E+03  -2.00945E+03
   1.41107E-03   1.56280E+04   8.35988E+03   1.36170E+04  -7.26816E+03  -2.01109E+03
   1.40107E-03   1.56266E+04   8.35515E+03   1.36139E+04  -7.27147E+03  -2.01274E+03
   1.39107E-03   1.56252E+04   8.35041E+03   1.36108E+04  -7.27477E+03  -2.01439E+03
   1.38107E-03   1.56238E+04   8.34568E+03   1.36077E+04  -7.27808E+03  -2.01603E+03
   1.37107E-03   1.56223E+04   8.34094E+03   1.36046E+04  -7.28139E+03  -2.01768E+03
   1.36107E-03   1.56209E+04   8.33620E+03   1.36016E+04  -7.28470E+03  -2.01933E+03
   1.35107E-03   1.56195E+04   8.33146E+03   1.35985E+04  -7.28801E+03  -2.02097E+03
   1.34107E-03   1.56180E+04   8.32673E+03   1.35954E+04  -7.29132E+03  -2.02262E+03
   1.33107E-03   1.56166E+04   8.32199E+03   1.35923E+04  -7.29463E+03  -2.02427E+03
   1.32107E-03   1.56152E+04   8.31725E+03   1.35893E+04  -7.29794E+03  -2.02592E+03
   1.31107E-03   1.56138E+04   8.31251E+03   1.35862E+04  -7.30125E+03  -2.02756E+03
   1.30107E-03   1.56123E+04   8.30777E+03   1.35831E+04  -7.30456E+03  -2.02921E+03
   1.29107E-03   1.56109E+04   8.30303E+03   1.35800E+04  -7.30787E+03  -2.03086E+03
   1.28107E-03   1.56095E+04   8.29829E+03   1.35770E+04  -7.31118E+03  -2.03250E+03
   1.27107E-03   1.56080E+04   8.29355E+03   1.35739E+04  -7.31450E+03  -2.03415E+03
   1.26107E-03   1.56066E+04   8.28881E+03   1.35708E+04  -7.31781E+03  -2.03580E+03
   1.25107E-03   1.56052E+04   8.28406E+03   1.35677E+04  -7.32112E+03  -2.03744E+03
   1.24107E-03   1.56038E+04   8.27932E+03   1.35647E+04  -7.32444E+03  -2.03909E+03
   1.23107E-03   1.56023E+04   8.27458E+03   1.35616E+04  -7.32775E+03  -2.04074E+03
   1.22107E-03   1.56009E+04   8.26984E+03   1.35585E+04  -7.33107E+03  -2.04238E+03
   1.21107E-03   1.55995E+04   8.26509E+03   1.35554E+04  -7.33438E+03  -2.04403E+03
   1.20107E-03   1.55980E+04   8.26035E+03   1.35524E+04  -7.33770E+03  -2.04568E+03
   1.19107E-03   1.55966E+04   8.25560E+03   1.35493E+04  -7.34101E+03  -2.04732E+03
   1.18107E-03   1.55952E+04   8.25086E+03   1.35462E+04  -7.34433E+03  -2.04897E+03
   1.17107E-03   1.55938E+04   8.24611E+03   1.35431E+04  -7.34765E+03  -2.05061E+03
   1.16107E-03   1.55923E+04   8.24137E+03   1.35401E+04  -7.35097E+03  -2.05226E+03
   1.15107E-03   1.55909E+04   8.23662E+03   1.35370E+04  -7.35429E+03  -2.05391E+03
   1.14107E-03   1.55895E+04   8.23188E+03   1.35339E+04  -7.35760E+03  -2.05555E+03
   1.13107E-03   1.55881E+04   8.22713E+03   1.35309E+04  -7.36092E+03  -2.05720E+03
   1.12107E-03   1.55866E+04   8.22238E+03   1.35278E+04  -7.36424E+03  -2.05885E+03
   1.11107E-03   1.55852E+04   8.21763E+03   1.35247E+04  -7.36756E+03  -2.06049E+03
   1.10107E-03   1.55838E+04   8.21288E+03   1.35216E+04  -7.37088E+03  -2.06214E+03
   1.09107E-03   1.55823E+04   8.20814E+03   1.35186E+04  -7.37421E+03  -2.06378E+03
   1.08107E-03   1.55809E+04   8.20339E+03   1.35155E+04  -7.37753E+03  -2.06543E+03
   1.07107E-03   1.55795E+04   8.19864E+03   1.35124E+04  -7.38085E+03  -2.06708E+03
   1.06107E-03   1.55781E+04   8.19389E+03   1.35093E+04  -7.38417E+03  -2.06872E+03
   1.05107E-03   1.55766E+04   8.18914E+03   1.35063E+04  -7.38749E+03  -2.07037E+03
   1.04107E-03   1.55752E+04   8.18439E+03   1.35032E+04  -7.39082E+03  -2.07202E+03
   1.03107E-03   1.55738E+04   8.17964E+03   1.35001E+04  -7.39414E+03  -2.07366E+03
   1.02107E-03   1.55724E+04   8.17488E+03   1.34970E+04  -7.39747E+03  -2.07531E+03
   1.01107E-03   1.55709E+04   8.17013E+03   1.34940E+04  -7.40079E+03  -2.07695E+03
   1.00107E-03   1.55695E+04   8.16538E+03   1.34909E+04  -7.40412E+03  -2.07860E+03
   9.91075E-04   1.55681E+04   8.16063E+03   1.34878E+04  -7.40744E+03  -2.08024E+03
   9.81075E-04   1.55666E+04   8.15587E+03   1.34848E+04  -7.41077E+03  -2.08189E+03
   9.71075E-04   1.55652E+04   8.15112E+03   1.34817E+04  -7.41409E+03  -2.08354E+03
   9.61075E-04   1.55638E+04   8.14637E+03   1.34786E+04  -7.41742E+03  -2.08518E+03
   9.51075E-04   1.55624E+04   8.14161E+03   1.34755E+04  -7.42075E+03  -2.08683E+03
   9.41075E-04   1.55609E+04   8.13686E+03   1.34725E+04  -7.42408E+03  -2.08847E+03
   9.31075E-04   1.55595E+04   8.13210E+03   1.34694E+04  -7.42741E+03  -2.09012E+03
   9.21075E-04   1.55581E+04   8.12735E+03   1.34663E+04  -7.43074E+03  -2.09176E+03
   9.11075E-04   1.55567E+04   8.12259E+03   1.34632E+04  -7.43406E+03  -2.09341E+03
   9.01075E-04   1.55552E+04   8.11783E+03   1.34602E+04  -7.43739E+03  -2.09506E+03
   8.91075E-04   1.55538E+04   8.11308E+03   1.34571E+04  -7.44072E+03  -2.09670E+03
   8.81075E-04   1.55524E+04   8.10832E+03   1.34540E+04  -7.44406E+03  -2.09835E+03
   8.71075E-04   1.55509E+04   8.10356E+03   1.34510E+04  -7.44739E+03  -2.09999E+03
   8.61075E-04   1.55495E+04   8.09880E+03   1.34479E+04  -7.45072E+03  -2.10164E+03
   8.51075E-04   1.55481E+04   8.09405E+03   1.34448E+04  -7.45405E+03  -2.10328E+03
   8.41075E-04   1.55467E+04   8.08929E+03   1.34417E+04  -7.45738E+03  -2.10493E+03
   8.31075E-04   1.55452E+04   8.08453E+03   1.34387E+04  -7.46072E+03  -2.10657E+03
   8.21075E-04   1.55438E+04   8.07977E+03   1.34356E+04  -7.46405E+03  -2.10822E+03
   8.11075E-04   1.55424E+04   8.07501E+03   1.34325E+04  -7.46738E+03  -2.10987E+03
   8.01075E-04   1.55410E+04   8.07025E+03   1.34295E+04  -7.47072E+03  -2.11151E+03
   7.91075E-04   1.55395E+04   8.06548E+03   1.34264E+04  -7.47405E+03  -2.11316E+03
   7.81075E-04   1.55381E+04   8.06072E+03   1.34233E+04  -7.47739E+03  -2.11480E+03
   7.71075E-04   1.55367E+04   8.05596E+03   1.34202E+04  -7.48073E+03  -2.11645E+03
   7.61075E-04   1.55353E+04   8.05120E+03   1.34172E+04  -7.48406E+03  -2.11809E+03
   7.51075E-04   1.55338E+04   8.04644E+03   1.34141E+04  -7.48740E+03  -2.11974E+03
   7.41075E-04   1.55324E+04   8.04167E+03   1.34110E+04  -7.49074E+03  -2.12138E+03
   7.31075E-04   1.55310E+04   8.03691E+03   1.34080E+04  -7.49407E+03  -2.12303E+03
   7.21075E-04   1.55296E+04   8.03215E+03   1.34049E+04  -7.49741E+03  -2.12467E+03
   7.11075E-04   1.55281E+04   8.02738E+03   1.34018E+04  -7.50075E+03  -2.12632E+03
   7.01075E-04   1.55267E+04   8.02262E+03   1.33987E+04  -7.50409E+03  -2.12796E+03
   6.91075E-04   1.55253E+04   8.01785E+03   1.33957E+04  -7.50743E+03  -2.12961E+03
   6.81075E-04   1.55239E+04   8.01308E+03   1.33926E+04  -7.51077E+03  -2.13125E+03
   6.71075E-04   1.55224E+04   8.00832E+03   1.33895E+04  -7.51411E+03  -2.13290E+03
   6.61075E-04   1.55210E+04   8.00355E+03   1.33865E+04  -7.51745E+03  -2.13454E+03
   6.51075E-04   1.55196E+04   7.99879E+03   1.33834E+04  -7.52079E+03  -2.13619E+03
   6.41075E-04   1.55182E+04   7.99402E+03   1.33803E+04  -7.52414E+03  -2.13783E+03
   6.31075E-04   1.55167E+04   7.98925E+03   1.33773E+04  -7.52748E+03  -2.13948E+03
   6.21075E-04   1.55153E+04   7.98448E+03   1.33742E+04  -7.53082E+03  -2.14112E+03
   6.11075E-04   1.55139E+04   7.97971E+03   1.33711E+04  -7.53416E+03  -2.14277E+03
   6.01075E-04   1.55125E+04   7.97494E+03   1.33680E+04  -7.53751E+03  -2.14441E+03
   5.91075E-04   1.55110E+04   7.97017E+03   1.33650E+04  -7.54085E+03  -2.14605E+03
   5.81075E-04   1.55096E+04   7.96540E+03   1.33619E+04  -7.54420E+03  -2.14770E+03
   5.71075E-04   1.55082E+04   7.96063E+03   1.33588E+04  -7.54754E+03  -2.14934E+03
   5.61075E-04   1.55068E+04   7.95586E+03   1.33558E+04  -7.55089E+03  -2.15099E+03
   5.51075E-04   1.55053E+04   7.95109E+03   1.33527E+04  -7.55423E+03  -2.15263E+03
   5.41075E-04   1.55039E+04   7.94632E+03   1.33496E+04  -7.55758E+03  -2.15428E+03
   5.31075E-04   1.55025E+04   7.94155E+03   1.33466E+04  -7.56093E+03  -2.15592E+03
   5.21075E-04   1.55011E+04   7.93678E+03   1.33435E+04  -7.56428E+03  -2.15757E+03
   5.11075E-04   1.54996E+04   7.93200E+03   1.33404E+04  -7.56762E+03  -2.15921E+03
   5.01075E-04   1.54982E+04   7.92723E+03   1.33373E+04  -7.57097E+03  -2.16086E+03
   4.91075E-04   1.54968E+04   7.92246E+03   1.33343E+04  -7.57432E+03  -2.16250E+03
   4.81075E-04   1.54954E+04   7.91768E+03   1.33312E+04  -7.57767E+03  -2.16414E+03
   4.71075E-04   1.54939E+04   7.91291E+03   1.33281E+04  -7.58102E+03  -2.16579E+03
   4.61075E-04   1.54925E+04   7.90813E+03   1.33251E+04  -7.58437E+03  -2.16743E+03
   4.51075E-04   1.54911E+04   7.90336E+03   1.33220E+04  -7.58772E+03  -2.16908E+03
   4.41075E-04   1.54897E+04   7.89858E+03   1.33189E+04  -7.59107E+03  -2.17072E+03
   4.31075E-04   1.54882E+04   7.89381E+03   1.33159E+04  -7.59443E+03  -2.17237E+03
   4.21075E-04   1.54868E+04   7.88903E+03   1.33128E+04  -7.59778E+03  -2.17401E+03
   4.11075E-04   1.54854E+04   7.88425E+03   1.33097E+04  -7.60113E+03  -2.17565E+03
   4.01075E-04   1.54840E+04   7.87947E+03   1.33067E+04  -7.60448E+03  -2.17730E+03
   3.91075E-04   1.54825E+04   7.87470E+03   1.33036E+04  -7.60784E+03  -2.17894E+03
   3.81075E-04   1.54811E+04   7.86992E+03   1.33005E+04  -7.61119E+03  -2.18059E+03
   3.71075E-04   1.54797E+04   7.86514E+03   1.32975E+04  -7.61455E+03  -2.18223E+03
   3.61075E-04   1.54783E+04   7.86036E+03   1.32944E+04  -7.61790E+03  -2.18387E+03
   3.51075E-04   1.54768E+04   7.85558E+03   1.32913E+04  -7.62126E+03  -2.18552E+03
   3.41075E-04   1.54754E+04   7.85080E+03   1.32883E+04  -7.62461E+03  -2.18716E+03
   3.31075E-04   1.54740E+04   7.84602E+03   1.32852E+04  -7.62797E+03  -2.18881E+03
   3.21075E-04   1.54726E+04   7.84124E+03   1.32821E+04  -7.63133E+03  -2.19045E+03
   3.11075E-04   1.54711E+04   7.83646E+03   1.32790E+04  -7.63468E+03  -2.19209E+03
   3.01075E-04   1.54697E+04   7.83168E+03   1.32760E+04  -7.63804E+03  -2.19374E+03
   2.91075E-04   1.54683E+04   7.82689E+03   1.32729E+04  -7.64140E+03  -2.19538E+03
   2.81075E-04   1.54669E+04   7.82211E+03   1.32698E+04  -7.64476E+03  -2.19702E+03
   2.71075E-04   1.54654E+04   7.81733E+03   1.32668E+04  -7.64812E+03  -2.19867E+03
   2.61075E-04   1.54640E+04   7.81255E+03   1.32637E+04  -7.65148E+03  -2.20031E+03
   2.51075E-04   1.54626E+04   7.80776E+03   1.32606E+04  -7.65484E+03  -2.20196E+03
   2.41075E-04   1.54612E+04   7.80298E+03   1.32576E+04  -7.65820E+03  -2.20360E+03
   2.31075E-04   1.54598E+04   7.79819E+03   1.32545E+04  -7.66156E+03  -2.20524E+03
   2.21075E-04   1.54583E+04   7.79341E+03   1.32514E+04  -7.66492E+03  -2.20689E+03
   2.11075E-04   1.54569E+04   7.78862E+03   1.32484E+04  -7.66828E+03  -2.20853E+03
   2.01075E-04   1.54555E+04   7.78384E+03   1.32453E+04  -7.67165E+03  -2.21017E+03
   1.91075E-04   1.54541E+04   7.77905E+03   1.32422E+04  -7.67501E+03  -2.21182E+03
   1.81075E-04   1.54526E+04   7.77426E+03   1.32392E+04  -7.67837E+03  -2.21346E+03
   1.71075E-04   1.54512E+04   7.76948E+03   1.32361E+04  -7.68174E+03  -2.21510E+03
   1.61075E-04   1.54498E+04   7.76469E+03   1.32330E+04  -7.68510E+03  -2.21675E+03
   1.51075E-04   1.54484E+04   7.75990E+03   1.32300E+04  -7.68847E+03  -2.21839E+03
   1.41075E-04   1.54469E+04   7.75511E+03   1.32269E+04  -7.69183E+03  -2.22003E+03
   1.31075E-04   1.54455E+04   7.75032E+03   1.32238E+04  -7.69520E+03  -2.22168E+03
   1.21075E-04   1.54441E+04   7.74553E+03   1.32208E+04  -7.69856E+03  -2.22332E+03
   1.11075E-04   1.54427E+04   7.74074E+03   1.32177E+04  -7.70193E+03  -2.22496E+03
   1.01075E-04   1.54413E+04   7.73595E+03   1.32146E+04  -7.70530E+03  -2.22661E+03
   9.10748E-05   1.54398E+04   7.73116E+03   1.32116E+04  -7.70866E+03  -2.22825E+03
   8.10748E-05   1.54384E+04   7.72637E+03   1.32085E+04  -7.71203E+03  -2.22989E+03
   7.10748E-05   1.54370E+04   7.72158E+03   1.32054E+04  -7.71540E+03  -2.23154E+03
   6.10748E-05   1.54356E+04   7.71679E+03   1.32024E+04  -7.71877E+03  -2.23318E+03
   5.10748E-05   1.54341E+04   7.71200E+03   1.31993E+04  -7.72214E+03  -2.23482E+03
   4.10748E-05   1.54327E+04   7.70721E+03   1.31962E+04  -7.72551E+03  -2.23647E+03
   3.10748E-05   1.54313E+04   7.70241E+03   1.31932E+04  -7.72888E+03  -2.23811E+03
   2.10748E-05   1.54299E+04   7.69762E+03   1.31901E+04  -7.73225E+03  -2.23975E+03
   1.10748E-05   1.54284E+04   7.69282E+03   1.31871E+04  -7.73562E+03  -2.24139E+03
   1.01000E-05   1.54283E+04   7.69236E+03   1.31868E+04  -7.73595E+03  -2.24155E+03
