T	 X(LAVES_PHASE_C14#1,AL)	X(LAVES_PHASE_C14#1,C)	X(LAVES_PHASE_C14#1,CR)	X(LAVES_PHASE_C14#1,FE)	X(LAVES_PHASE_C14#1,MN)	X(LAVES_PHASE_C14#1,MO)	X(LAVES_PHASE_C14#1,NB)	X(LAVES_PHASE_C14#1,NI)	X(LAVES_PHASE_C14#1,SI)	X(LAVES_PHASE_C14#1,W)
1499.85	.001301485	0	.1201448	.6798163	6.295985E-08	.003570653	.002676371	.1547557	7.863577E-06	.03772675
1490	.001258573	0	.1425196	.5469422	5.663177E-06	.02041829	.01275325	.1158809	2.182132E-04	.1600033
1480	.001162488	0	.1421664	.5390546	9.015597E-06	.02247099	.01352735	.1083065	3.081545E-04	.1729945
1470	.001085724	0	.1418065	.5344716	1.220202E-05	.02378239	.01395774	.1029228	3.846838E-04	.1815763
1460	.001018302	0	.1414646	.5311786	1.546143E-05	.02478846	.01424823	.09843323	4.572674E-04	.1883959
1450	9.572308E-04	0	.1411435	.528619	1.884511E-05	.02561218	.01445621	.09447324	5.283743E-04	.1941914
1440	9.010731E-04	0	.1408431	.5265439	2.236576E-05	.02630921	.01460774	.09087944	5.990135E-04	.1992942
1430	8.489707E-04	0	.1405625	.5248165	2.60236E-05	.02691083	.01471739	.08755985	6.697007E-04	.2038882
1425.01	8.243038E-04	0	.1404296	.5240571	2.789831E-05	.0271817	.0147594	.08598738	7.050824E-04	.2060276
1425.01	8.243038E-04	0	.1404296	.5240571	2.789831E-05	.0271817	.0147594	.08598738	7.050824E-04	.2060276
1420	7.710589E-04	0	.1418579	.5172166	3.956894E-05	.02820501	.01666636	.07960935	.001042909	.2145912
1410	6.92152E-04	0	.1440054	.5081351	6.211525E-05	.02898877	.02096229	.07070957	.001845286	.2245993
1400	6.321504E-04	0	.1452957	.5021825	8.176869E-05	.02894442	.02605549	.06468665	.002784387	.229337
1390	5.824253E-04	0	.1458882	.4979226	9.766628E-05	.02850835	.03189933	.06032219	.003827934	.2309513
1380	5.392075E-04	0	.1459348	.4946878	1.099398E-04	.02787325	.03837815	.0569897	.004964753	.2305225
1370	5.005598E-04	0	.1455519	.4921117	1.190462E-04	.02713055	.04537921	.05433253	.006199168	.2286754
1360	4.653695E-04	0	.1448198	.4899794	1.254443E-04	.02632538	.0528136	.05213954	.007542344	.225789
1350	4.32948E-04	0	.1437899	.4881629	1.295018E-04	.02548103	.06061687	.05028202	.009006502	.2220983
1344.364	4.157184E-04	0	.1430902	.4872485	1.308652E-04	.02499289	.06515968	.04935105	.009889039	.2197221
1344.364	4.157184E-04	0	.1430902	.4872485	1.308652E-04	.02499289	.06515968	.04935105	.009889039	.2197221
1340	3.938181E-04	0	.1433274	.4846001	1.343063E-04	.02438863	.07001065	.04799692	.01130703	.2178412
1339.926	3.934935E-04	0	.1433237	.4845634	1.343392E-04	.02437827	.07010123	.04797815	.011331	.2177964
1339.926	3.934935E-04	0	.1433237	.4845634	1.343392E-04	.02437827	.07010123	.04797815	.011331	.2177964
1330	3.697578E-04	0	.1441298	.484488	1.361493E-04	.02449295	.06814648	.0467562	.01118718	.2202935
1320	3.470785E-04	0	.1449534	.4843958	1.379087E-04	.02460099	.06619023	.04553941	.01104188	.2227934
1310	3.255846E-04	0	.1457881	.4842867	1.395983E-04	.02470105	.06424968	.04433741	.01089658	.2252753
1300	3.05226E-04	0	.1466332	.4841608	1.412126E-04	.02479268	.06232741	.04315074	.01075166	.2277371
1290	2.85954E-04	0	.1474883	.4840176	1.427461E-04	.02487548	.06042586	.04197991	.01060748	.2301767
1280	2.677215E-04	0	.1483527	.4838571	1.441933E-04	.02494906	.05854734	.04082542	.01046438	.2325921
1270	2.50483E-04	0	.1492259	.4836792	1.455488E-04	.02501304	.05669402	.03968772	.01032265	.2349815
1260	2.341945E-04	0	.1501075	.4834838	1.468074E-04	.02506711	.05486794	.03856727	.01018257	.2373428
1250	2.188132E-04	0	.1509968	.483271	1.47964E-04	.02511096	.05307101	.03746448	.01004439	.2396745
1240	2.042979E-04	0	.1518935	.4830409	1.490139E-04	.02514433	.05130497	.03637974	.009908325	.241975
1230	1.906088E-04	0	.1527971	.4827934	1.49952E-04	.025167	.04957144	.03531339	.009774578	.2442426
1220	1.777073E-04	0	.1537072	.4825286	1.507742E-04	.02517875	.04787187	.03426575	.009643317	.246476
1210	1.655563E-04	0	.1546234	.4822469	1.514764E-04	.02517944	.0462076	.03323709	.009514691	.2486739
1200	1.541198E-04	0	.1555452	.4819483	1.520547E-04	.02516891	.0445798	.03222767	.009388827	.2508352
1200	1.541198E-04	0	.1555452	.4819483	1.520547E-04	.02516891	.0445798	.03222767	.009388827	.2508352
1190	1.433634E-04	0	.1564724	.4816329	1.525059E-04	.02514709	.04298953	.03123769	.009265831	.2529587
1180	1.332535E-04	0	.1574045	.4813012	1.52827E-04	.02511389	.04143768	.03026731	.009145788	.2550435
1170	1.237583E-04	0	.1583414	.4809532	1.530157E-04	.02506929	.03992505	.02931669	.00902877	.2570888
1160	1.148466E-04	0	.1592827	.4805893	1.530699E-04	.02501327	.03845228	.02838591	.008914827	.2590938
1150	1.064888E-04	0	.1602281	.4802097	1.529881E-04	.02494586	.03701991	.02747505	.008803997	.2610579
1140	9.865638E-05	0	.1611774	.4798147	1.527693E-04	.0248671	.03562837	.02658414	.008696304	.2629806
1130	9.132177E-05	0	.1621304	.4794045	1.52413E-04	.02477707	.03427794	.02571319	.008591759	.2648614
1120	8.445865E-05	0	.1630869	.4789795	1.519193E-04	.02467587	.03296884	.02486216	.008490362	.2667
1110	7.804175E-05	0	.1640467	.4785399	1.512886E-04	.02456362	.03170116	.02403101	.0083921	.2684961
1100	7.204683E-05	0	.1650096	.4780861	1.505219E-04	.02444046	.03047491	.02321965	.008296955	.2702497
1090	6.645069E-05	0	.1659756	.4776182	1.496207E-04	.02430655	.02928998	.02242798	.008204898	.2719607
1080	6.123113E-05	0	.1669445	.4771366	1.48587E-04	.02416209	.02814621	.02165586	.008115893	.273629
1070	5.636689E-05	0	.1679161	.4766416	1.474231E-04	.02400726	.02704334	.02090314	.008029899	.2752549
1060	5.183767E-05	0	.1688906	.4761332	1.46132E-04	.02384228	.02598101	.02016965	.007946869	.2768384
1050	4.76241E-05	0	.1698677	.4756119	1.447168E-04	.02366738	.02495883	.0194552	.007866748	.2783799
1040	4.370767E-05	0	.1708475	.4750778	1.431813E-04	.0234828	.0239763	.01875957	.007789481	.2798796
1031.373	4.055417E-05	0	.171695	.4746069	1.41763E-04	.02331599	.02316012	.01817439	.00772507	.2811403
1031.373	4.055417E-05	0	.171695	.4746069	1.41763E-04	.02331599	.02316012	.01817439	.00772507	.2811403
1030	4.009438E-05	0	.1717229	.4746537	1.414835E-04	.0233879	.02308211	.01811802	.007700111	.2811537
1020	3.687103E-05	0	.1719235	.4749902	1.394262E-04	.02391958	.02252977	.01770961	.0075223	.2812288
1010	3.386084E-05	0	.1721197	.4753185	1.373328E-04	.02446539	.02200449	.01730515	.007351174	.2812643
1000	3.105336E-05	0	.1723115	.4756393	1.352058E-04	.02502578	.02150532	.01690468	.007186324	.2812608
990	2.843838E-05	0	.1724986	.4759531	1.330476E-04	.02560119	.02103138	.01650824	.007027373	.2812186
980	2.600599E-05	0	.1726808	.4762607	1.308605E-04	.0261921	.02058188	.01611588	.006873971	.2811378
970	2.374652E-05	0	.1728579	.4765625	1.286469E-04	.02679896	.02015607	.01572767	.006725792	.2810187
960	2.165063E-05	0	.1730294	.4768593	1.264088E-04	.02742228	.01975325	.01534364	.006582533	.2808615
950	1.970922E-05	0	.1731952	.4771517	1.241487E-04	.02806254	.01937277	.01496385	.006443909	.2806661
940	1.791354E-05	0	.1733549	.4774403	1.218686E-04	.02872025	.01901399	.01458836	.006309652	.2804327
930	1.62551E-05	0	.1735081	.4777258	1.195707E-04	.02939592	.01867631	.0142172	.006179511	.2801613
920	1.472576E-05	0	.1736544	.4780088	1.172572E-04	.03009008	.01835915	.01385043	.006053248	.2798519
910	1.331765E-05	0	.1737935	.4782899	1.149302E-04	.03080325	.01806192	.01348809	.005930637	.2795045
900	1.202323E-05	0	.173925	.4785697	1.125918E-04	.03153595	.01778405	.01313023	.005811462	.279119
890	1.083526E-05	0	.1740484	.4788489	1.10244E-04	.03228871	.01752496	.01277689	.005695517	.2786955
880	9.746802E-06	0	.1741634	.4791282	1.07889E-04	.03306207	.01728405	.01242812	.005582606	.278234
870	8.751228E-06	0	.1742694	.4794081	1.055287E-04	.03385655	.01706075	.01208395	.005472537	.2777344
860	7.84221E-06	0	.1743662	.4796892	1.031653E-04	.03467266	.01685441	.01174442	.005365129	.2771969
850	7.013719E-06	0	.1744533	.4799722	1.008007E-04	.03551092	.0166644	.01140957	.005260204	.2766216
840	6.260017E-06	0	.1745303	.4802576	9.843695E-05	.0363718	.01649007	.01107943	.005157592	.2760085
830	5.575654E-06	0	.1745969	.480546	9.607593E-05	.03725579	.01633072	.01075404	.005057126	.2753578
820	4.955465E-06	0	.1746526	.480838	9.37196E-05	.03816333	.01618565	.01043343	.004958646	.2746697
810	4.39456E-06	0	.1746971	.4811339	9.136984E-05	.03909483	.01605411	.01011763	.004861997	.2739446
800	3.888317E-06	0	.1747301	.4814344	8.90285E-05	.04005069	.01593535	.009806674	.004767026	.2731828
790	3.43238E-06	0	.1747514	.4817399	8.669737E-05	.04103122	.01582858	.009500592	.00467359	.2723846
780	3.022646E-06	0	.1747606	.4820507	8.437818E-05	.04203673	.01573301	.009199416	.004581546	.2715506
770	2.655263E-06	0	.1747575	.4823673	8.207261E-05	.04306743	.01564781	.008903179	.004490761	.2706812
760	2.326616E-06	0	.174742	.48269	7.978227E-05	.04412348	.01557217	.008611913	.004401106	.2697772
750	2.033322E-06	0	.1747139	.483019	7.75087E-05	.04520497	.01550524	.008325653	.004312458	.2688393
740	1.772224E-06	0	.1746731	.4833546	7.525335E-05	.04631189	.0154462	.008044431	.0042247	.2678681
730	1.540376E-06	0	.1746195	.4836969	7.30176E-05	.04744414	.01539422	.007768286	.004137725	.2668647
720	1.33504E-06	0	.1745532	.484046	7.080275E-05	.0486015	.01534848	.007497252	.004051431	.26583
710	1.153677E-06	0	.1744742	.484402	6.860999E-05	.04978365	.01530818	.007231367	.003965727	.2647651
700	9.939327E-07	0	.1743828	.4847647	6.644044E-05	.05099013	.01527254	.006970671	.003880528	.2636712
690	8.536354E-07	0	.174279	.4851341	6.429513E-05	.05222034	.01524081	.006715201	.00379576	.2625497
680	7.307832E-07	0	.1741633	.4855098	6.2175E-05	.05347353	.01521225	.006464999	.003711359	.2614019
670	6.235366E-07	0	.174036	.4858915	6.00809E-05	.05474878	.01518619	.006220102	.003627272	.2602294
660	5.302094E-07	0	.1738977	.4862787	5.801359E-05	.05604501	.01516197	.005980549	.003543454	.259034
650	4.492605E-07	0	.173749	.4866709	5.597378E-05	.05736097	.01513897	.005746379	.003459875	.2578175
640	3.792851E-07	0	.1735906	.4870673	5.396208E-05	.05869519	.01511664	.005517628	.003376514	.2565818
630	3.190065E-07	0	.1734234	.4874671	5.197905E-05	.06004604	.01509445	.005294331	.003293363	.255329
620	2.672681E-07	0	.1732484	.4878692	5.002519E-05	.06141168	.01507194	.005076519	.003210426	.2540615
610	2.230253E-07	0	.1730669	.4882724	4.810097E-05	.06279008	.01504868	.00486422	.003127718	.2527817
602.6242	1.946422E-07	0	.1729297	.4885697	4.670094E-05	.06381364	.01503083	.004711182	.003066878	.2518312
602.6242	1.946422E-07	0	.1729297	.4885697	4.670094E-05	.06381364	.01503083	.004711182	.003066878	.2518312
602.6242	1.946422E-07	0	.1729297	.4885697	4.670094E-05	.06381364	.01503083	.004711182	.003066878	.2518312
600	1.855197E-07	0	.1727177	.4888198	4.608853E-05	.06409291	.01528392	.004662461	.003056764	.2513202
590	1.541335E-07	0	.1718665	.4898107	4.376293E-05	.06512867	.01630785	.004480147	.003020593	.2493416
580	1.275588E-07	0	.1709419	.4908654	4.145043E-05	.06611209	.01743403	.004303137	.002988581	.2473133
570	1.051464E-07	0	.1699372	.4919899	3.915155E-05	.06703264	.01867424	.004131429	.002961358	.245234
560	8.632047E-08	0	.1688451	.4931907	3.686707E-05	.06787849	.02004195	.003965025	.002939694	.2431021
550	7.057243E-08	0	.1676573	.4944752	3.459807E-05	.06863639	.02155264	.003803928	.002924529	.2409153
547.7445	6.73988E-08	0	.1673752	.4947774	3.408857E-05	.06879369	.02191492	.003768326	.002922121	.2404143
547.7445	6.73988E-08	0	.1673752	.4947774	3.408857E-05	.06879369	.02191492	.003768326	.002922121	.2404143
540	5.77629E-08	0	.1676168	.4947121	3.21484E-05	.06727319	.0225845	.003676677	.002805324	.2412992
530	4.713737E-08	0	.1679655	.4945757	2.972412E-05	.06524934	.02351154	.003560711	.002666685	.2424408
520	3.82851E-08	0	.1683449	.4943918	2.73944E-05	.06316129	.02451619	.003447364	.0025411	.2435699
510	3.094369E-08	0	.168742	.4941742	2.516226E-05	.06101394	.02560751	.003336568	.002427949	.2446726
500	2.488391E-08	0	.1691415	.4939387	2.303004E-05	.05881273	.02679628	.003228242	.002326732	.2457327
490	1.990638E-08	0	.1695256	.4937036	2.099945E-05	.05656363	.02809531	.003122293	.002237087	.2467315
480	1.583846E-08	0	.1698733	.4934898	1.907154E-05	.05427315	.02952005	.003018622	.002158816	.2476471
470	1.253135E-08	0	.1701601	.4933221	1.724668E-05	.05194827	.03108928	.002917116	.002091929	.2484539
460	9.857422E-09	0	.1703567	.4932293	1.552457E-05	.04959637	.03282607	.002817655	.002036695	.2491217
450	7.707706E-09	0	.1704276	.4932461	1.390424E-05	.04722519	.03475919	.002720112	.001993745	.2496142
440	5.989643E-09	0	.1703298	.4934141	1.238404E-05	.04484265	.03692506	.002624357	.001964209	.2498874
430	4.625009E-09	0	.1700095	.493785	1.09616E-05	.0424568	.0393707	.002530259	.001949958	.2498868
420	3.548054E-09	0	.169398	.4944239	9.633848E-06	.04007552	.0421582	.002437699	.001954012	.249543
410	2.703817E-09	0	.1684051	.4954154	8.39683E-06	.03770629	.0453721	.002346591	.001981271	.2487649
400	2.046625E-09	0	.1669067	.4968739	7.245565E-06	.0353557	.04913201	.002256917	.002039915	.2474276
399.85	2.037989E-09	0	.1668795	.4969001	7.228918E-06	.03532061	.04919338	.002255583	.002041096	.2474025
