
 Phase Region for:
     BCC_A2                        
     FCC_A1#1                      
     FCC_A1#2                      
     HCP_A3#1                      
     HCP_A3#2                      
 col-1=T-C, col-2=GM(FCC_A1#1), col-3=GM(BCC_A2), col-4=GM(HCP_A3#1), col-5=GM1, col-6=GM2,
   1.22685E+03  -8.07940E+04  -8.07307E+04  -7.65740E+04   6.33376E+01   4.22005E+03
   1.22685E+03  -8.07939E+04  -8.07306E+04  -7.65739E+04   6.33379E+01   4.22004E+03
   1.21685E+03  -7.99518E+04  -7.98862E+04  -7.57749E+04   6.56101E+01   4.17697E+03
   1.20685E+03  -7.91121E+04  -7.90444E+04  -7.49782E+04   6.76898E+01   4.13389E+03
   1.19685E+03  -7.82749E+04  -7.82053E+04  -7.41840E+04   6.95711E+01   4.09081E+03
   1.18685E+03  -7.74401E+04  -7.73688E+04  -7.33923E+04   7.12483E+01   4.04774E+03
   1.17685E+03  -7.66078E+04  -7.65351E+04  -7.26031E+04   7.27154E+01   4.00466E+03
   1.16685E+03  -7.57780E+04  -7.57040E+04  -7.18164E+04   7.39661E+01   3.96158E+03
   1.15685E+03  -7.49507E+04  -7.48757E+04  -7.10322E+04   7.49936E+01   3.91850E+03
   1.14685E+03  -7.41259E+04  -7.40501E+04  -7.02505E+04   7.57907E+01   3.87543E+03
   1.13685E+03  -7.33037E+04  -7.32273E+04  -6.94713E+04   7.63501E+01   3.83235E+03
   1.12685E+03  -7.24840E+04  -7.24073E+04  -6.86947E+04   7.66638E+01   3.78927E+03
   1.11685E+03  -7.16669E+04  -7.15901E+04  -6.79207E+04   7.67233E+01   3.74619E+03
   1.10685E+03  -7.08523E+04  -7.07758E+04  -6.71492E+04   7.65200E+01   3.70312E+03
   1.09685E+03  -7.00403E+04  -6.99643E+04  -6.63803E+04   7.60443E+01   3.66004E+03
   1.08685E+03  -6.92309E+04  -6.91556E+04  -6.56140E+04   7.52863E+01   3.61696E+03
   1.07685E+03  -6.84242E+04  -6.83499E+04  -6.48503E+04   7.42356E+01   3.57388E+03
   1.06685E+03  -6.76200E+04  -6.75471E+04  -6.40892E+04   7.28810E+01   3.53080E+03
   1.05685E+03  -6.68185E+04  -6.67473E+04  -6.33307E+04   7.12105E+01   3.48773E+03
   1.04685E+03  -6.60196E+04  -6.59504E+04  -6.25749E+04   6.92117E+01   3.44465E+03
   1.03685E+03  -6.52234E+04  -6.51565E+04  -6.18218E+04   6.68712E+01   3.40157E+03
   1.02685E+03  -6.44298E+04  -6.43656E+04  -6.10713E+04   6.41747E+01   3.35849E+03
   1.01685E+03  -6.36390E+04  -6.35779E+04  -6.03235E+04   6.11070E+01   3.31542E+03
   1.00685E+03  -6.28508E+04  -6.27932E+04  -5.95785E+04   5.76520E+01   3.27234E+03
   9.96850E+02  -6.20654E+04  -6.20116E+04  -5.88361E+04   5.37925E+01   3.22926E+03
   9.86850E+02  -6.12827E+04  -6.12331E+04  -5.80965E+04   4.95100E+01   3.18618E+03
   9.76850E+02  -6.05027E+04  -6.04579E+04  -5.73596E+04   4.47847E+01   3.14311E+03
   9.66850E+02  -5.97255E+04  -5.96859E+04  -5.66255E+04   3.95955E+01   3.10003E+03
   9.56850E+02  -5.89511E+04  -5.89171E+04  -5.58941E+04   3.39196E+01   3.05695E+03
   9.46850E+02  -5.81794E+04  -5.81517E+04  -5.51656E+04   2.77327E+01   3.01387E+03
   9.36850E+02  -5.74106E+04  -5.73896E+04  -5.44398E+04   2.10084E+01   2.97080E+03
   9.26850E+02  -5.66446E+04  -5.66309E+04  -5.37169E+04   1.37183E+01   2.92772E+03
   9.16850E+02  -5.58814E+04  -5.58756E+04  -5.29968E+04   5.83162E+00   2.88464E+03
   9.06850E+02  -5.51211E+04  -5.51238E+04  -5.22796E+04  -2.68493E+00   2.84156E+03
   8.96850E+02  -5.43637E+04  -5.43756E+04  -5.15652E+04  -1.18676E+01   2.79849E+03
   8.86850E+02  -5.36092E+04  -5.36309E+04  -5.08537E+04  -2.17561E+01   2.75541E+03
   8.76850E+02  -5.28575E+04  -5.28899E+04  -5.01452E+04  -3.23934E+01   2.71233E+03
   8.66850E+02  -5.21088E+04  -5.21526E+04  -4.94396E+04  -4.38273E+01   2.66925E+03
   8.56850E+02  -5.13631E+04  -5.14192E+04  -4.87369E+04  -5.61099E+01   2.62618E+03
   8.46850E+02  -5.06203E+04  -5.06896E+04  -4.80372E+04  -6.92993E+01   2.58310E+03
   8.36850E+02  -4.98804E+04  -4.99639E+04  -4.73404E+04  -8.34596E+01   2.54002E+03
   8.26850E+02  -4.91436E+04  -4.92423E+04  -4.66467E+04  -9.86628E+01   2.49694E+03
   8.16850E+02  -4.84098E+04  -4.85248E+04  -4.59560E+04  -1.14990E+02   2.45387E+03
   8.06850E+02  -4.76791E+04  -4.78116E+04  -4.52683E+04  -1.32531E+02   2.41079E+03
   7.96850E+02  -4.69514E+04  -4.71028E+04  -4.45837E+04  -1.51390E+02   2.36771E+03
   7.86850E+02  -4.62268E+04  -4.63985E+04  -4.39022E+04  -1.71684E+02   2.32463E+03
   7.76850E+02  -4.55053E+04  -4.56988E+04  -4.32237E+04  -1.93550E+02   2.28155E+03
   7.66850E+02  -4.47869E+04  -4.50041E+04  -4.25484E+04  -2.17178E+02   2.23848E+03
   7.56850E+02  -4.40717E+04  -4.43149E+04  -4.18763E+04  -2.43198E+02   2.19540E+03
   7.46850E+02  -4.33596E+04  -4.36313E+04  -4.12073E+04  -2.71709E+02   2.15232E+03
   7.36850E+02  -4.26507E+04  -4.29533E+04  -4.05415E+04  -3.02599E+02   2.10924E+03
   7.26850E+02  -4.19451E+04  -4.22808E+04  -3.98789E+04  -3.35770E+02   2.06617E+03
   7.16850E+02  -4.12426E+04  -4.16138E+04  -3.92196E+04  -3.71124E+02   2.02309E+03
   7.06850E+02  -4.05435E+04  -4.09521E+04  -3.85635E+04  -4.08574E+02   1.98001E+03
   6.96850E+02  -3.98476E+04  -4.02956E+04  -3.79107E+04  -4.48036E+02   1.93693E+03
   6.86850E+02  -3.91550E+04  -3.96445E+04  -3.72612E+04  -4.89431E+02   1.89386E+03
   6.76850E+02  -3.84658E+04  -3.89985E+04  -3.66150E+04  -5.32687E+02   1.85078E+03
   6.66850E+02  -3.77800E+04  -3.83577E+04  -3.59722E+04  -5.77732E+02   1.80770E+03
   6.56850E+02  -3.70975E+04  -3.77220E+04  -3.53329E+04  -6.24502E+02   1.76462E+03
   6.46850E+02  -3.64184E+04  -3.70914E+04  -3.46969E+04  -6.72934E+02   1.72155E+03
   6.36850E+02  -3.57428E+04  -3.64658E+04  -3.40643E+04  -7.22969E+02   1.67847E+03
   6.26850E+02  -3.50707E+04  -3.58452E+04  -3.34353E+04  -7.74552E+02   1.63539E+03
   6.16850E+02  -3.44020E+04  -3.52297E+04  -3.28097E+04  -8.27628E+02   1.59231E+03
   6.06850E+02  -3.37369E+04  -3.46191E+04  -3.21877E+04  -8.82147E+02   1.54924E+03
   5.96850E+02  -3.30754E+04  -3.40135E+04  -3.15692E+04  -9.38060E+02   1.50616E+03
   5.86850E+02  -3.24174E+04  -3.34128E+04  -3.09544E+04  -9.95320E+02   1.46308E+03
   5.76850E+02  -3.17631E+04  -3.28170E+04  -3.03431E+04  -1.05388E+03   1.42000E+03
   5.66850E+02  -3.11125E+04  -3.22262E+04  -2.97355E+04  -1.11371E+03   1.37693E+03
   5.56850E+02  -3.04655E+04  -3.16402E+04  -2.91316E+04  -1.17475E+03   1.33385E+03
   5.46850E+02  -2.98222E+04  -3.10592E+04  -2.85315E+04  -1.23697E+03   1.29077E+03
   5.36850E+02  -2.91828E+04  -3.04831E+04  -2.79351E+04  -1.30034E+03   1.24769E+03
   5.26850E+02  -2.85471E+04  -2.99119E+04  -2.73425E+04  -1.36480E+03   1.20462E+03
   5.16850E+02  -2.79152E+04  -2.93455E+04  -2.67537E+04  -1.43034E+03   1.16154E+03
   5.06850E+02  -2.72872E+04  -2.87841E+04  -2.61688E+04  -1.49690E+03   1.11846E+03
   4.96850E+02  -2.66631E+04  -2.82276E+04  -2.55878E+04  -1.56447E+03   1.07538E+03
   4.86850E+02  -2.60430E+04  -2.76760E+04  -2.50107E+04  -1.63301E+03   1.03231E+03
   4.76850E+02  -2.54269E+04  -2.71293E+04  -2.44376E+04  -1.70248E+03   9.89228E+02
   4.66850E+02  -2.48148E+04  -2.65876E+04  -2.38686E+04  -1.77285E+03   9.46151E+02
   4.56850E+02  -2.42067E+04  -2.60508E+04  -2.33036E+04  -1.84410E+03   9.03073E+02
   4.46850E+02  -2.36028E+04  -2.55190E+04  -2.27428E+04  -1.91619E+03   8.59996E+02
   4.36850E+02  -2.30030E+04  -2.49921E+04  -2.21861E+04  -1.98909E+03   8.16918E+02
   4.26850E+02  -2.24075E+04  -2.44703E+04  -2.16336E+04  -2.06279E+03   7.73841E+02
   4.16850E+02  -2.18162E+04  -2.39534E+04  -2.10854E+04  -2.13724E+03   7.30763E+02
   4.06850E+02  -2.12292E+04  -2.34416E+04  -2.05415E+04  -2.21243E+03   6.87686E+02
   3.96850E+02  -2.06465E+04  -2.29349E+04  -2.00019E+04  -2.28832E+03   6.44610E+02
   3.86850E+02  -2.00683E+04  -2.24332E+04  -1.94668E+04  -2.36489E+03   6.01532E+02
   3.76850E+02  -1.94945E+04  -2.19366E+04  -1.89361E+04  -2.44211E+03   5.58455E+02
   3.66850E+02  -1.89253E+04  -2.14452E+04  -1.84099E+04  -2.51997E+03   5.15377E+02
   3.56850E+02  -1.83606E+04  -2.09590E+04  -1.78883E+04  -2.59843E+03   4.72300E+02
   3.46850E+02  -1.78005E+04  -2.04779E+04  -1.73713E+04  -2.67747E+03   4.29223E+02
   3.36850E+02  -1.72451E+04  -2.00022E+04  -1.68589E+04  -2.75706E+03   3.86145E+02
   3.26850E+02  -1.66945E+04  -1.95317E+04  -1.63514E+04  -2.83719E+03   3.43068E+02
   3.16850E+02  -1.61486E+04  -1.90665E+04  -1.58486E+04  -2.91783E+03   2.99991E+02
   3.06850E+02  -1.56077E+04  -1.86066E+04  -1.53508E+04  -2.99896E+03   2.56913E+02
   2.96850E+02  -1.50717E+04  -1.81522E+04  -1.48578E+04  -3.08055E+03   2.13836E+02
   2.86850E+02  -1.45407E+04  -1.77033E+04  -1.43699E+04  -3.16258E+03   1.70759E+02
   2.76850E+02  -1.40148E+04  -1.72598E+04  -1.38871E+04  -3.24503E+03   1.27681E+02
   2.66850E+02  -1.34941E+04  -1.68219E+04  -1.34095E+04  -3.32788E+03   8.46040E+01
   2.56850E+02  -1.29786E+04  -1.63897E+04  -1.29370E+04  -3.41111E+03   4.15268E+01
   2.46850E+02  -1.24684E+04  -1.59631E+04  -1.24699E+04  -3.49469E+03  -1.55042E+00
   2.36850E+02  -1.19636E+04  -1.55422E+04  -1.20082E+04  -3.57861E+03  -4.46276E+01
   2.26850E+02  -1.14643E+04  -1.51272E+04  -1.15520E+04  -3.66284E+03  -8.77047E+01
   2.16850E+02  -1.09706E+04  -1.47180E+04  -1.11014E+04  -3.74737E+03  -1.30782E+02
   2.06850E+02  -1.04826E+04  -1.43147E+04  -1.06564E+04  -3.83216E+03  -1.73859E+02
   1.96850E+02  -1.00003E+04  -1.39175E+04  -1.02173E+04  -3.91721E+03  -2.16936E+02
   1.86850E+02  -9.52391E+03  -1.35264E+04  -9.78393E+03  -4.00249E+03  -2.60013E+02
   1.76850E+02  -9.05348E+03  -1.31415E+04  -9.35657E+03  -4.08799E+03  -3.03090E+02
   1.66850E+02  -8.58913E+03  -1.27628E+04  -8.93530E+03  -4.17367E+03  -3.46167E+02
   1.56850E+02  -8.13097E+03  -1.23905E+04  -8.52022E+03  -4.25953E+03  -3.89243E+02
   1.46850E+02  -7.67912E+03  -1.20247E+04  -8.11144E+03  -4.34553E+03  -4.32320E+02
   1.36850E+02  -7.23370E+03  -1.16654E+04  -7.70909E+03  -4.43167E+03  -4.75397E+02
   1.26850E+02  -6.79483E+03  -1.13128E+04  -7.31331E+03  -4.51792E+03  -5.18473E+02
   1.16850E+02  -6.36266E+03  -1.09669E+04  -6.92421E+03  -4.60427E+03  -5.61550E+02
   1.06850E+02  -5.93732E+03  -1.06280E+04  -6.54194E+03  -4.69069E+03  -6.04626E+02
   9.68500E+01  -5.51894E+03  -1.02961E+04  -6.16665E+03  -4.77716E+03  -6.47702E+02
   8.68500E+01  -5.10770E+03  -9.97136E+03  -5.79848E+03  -4.86366E+03  -6.90778E+02
   7.68500E+01  -4.70374E+03  -9.65391E+03  -5.43759E+03  -4.95017E+03  -7.33853E+02
   6.68500E+01  -4.30723E+03  -9.34391E+03  -5.08416E+03  -5.03668E+03  -7.76929E+02
   5.68500E+01  -3.91834E+03  -9.04150E+03  -4.73835E+03  -5.12316E+03  -8.20004E+02
   4.68500E+01  -3.53727E+03  -8.74685E+03  -4.40035E+03  -5.20958E+03  -8.63078E+02
   3.68500E+01  -3.16419E+03  -8.46013E+03  -4.07034E+03  -5.29594E+03  -9.06152E+02
   2.68500E+01  -2.79931E+03  -8.18152E+03  -3.74854E+03  -5.38221E+03  -9.49226E+02
   1.68500E+01  -2.44285E+03  -7.91120E+03  -3.43514E+03  -5.46836E+03  -9.92299E+02
   6.85000E+00  -2.09501E+03  -7.64938E+03  -3.13038E+03  -5.55437E+03  -1.03537E+03
  -3.15000E+00  -1.75605E+03  -7.39627E+03  -2.83449E+03  -5.64022E+03  -1.07844E+03
  -1.31500E+01  -1.42620E+03  -7.15209E+03  -2.54771E+03  -5.72589E+03  -1.12151E+03
  -2.31500E+01  -1.10571E+03  -6.91706E+03  -2.27029E+03  -5.81135E+03  -1.16458E+03
  -3.31500E+01  -7.94865E+02  -6.69144E+03  -2.00251E+03  -5.89657E+03  -1.20764E+03
  -4.31500E+01  -4.93941E+02  -6.47548E+03  -1.74465E+03  -5.98153E+03  -1.25071E+03
  -5.31500E+01  -2.03232E+02  -6.26943E+03  -1.49700E+03  -6.06620E+03  -1.29377E+03
  -6.31500E+01   7.69552E+01  -6.07359E+03  -1.25987E+03  -6.15055E+03  -1.33682E+03
  -7.31500E+01   3.46303E+02  -5.88823E+03  -1.03357E+03  -6.23454E+03  -1.37987E+03
  -8.31500E+01   6.04486E+02  -5.71365E+03  -8.18426E+02  -6.31813E+03  -1.42291E+03
  -9.31500E+01   8.51175E+02  -5.55012E+03  -6.14767E+02  -6.40130E+03  -1.46594E+03
  -1.03150E+02   1.08604E+03  -5.39794E+03  -4.22914E+02  -6.48398E+03  -1.50896E+03
  -1.13150E+02   1.30878E+03  -5.25737E+03  -2.43173E+02  -6.56615E+03  -1.55195E+03
  -1.23150E+02   1.51909E+03  -5.12864E+03  -7.58221E+01  -6.64773E+03  -1.59491E+03
  -1.33150E+02   1.71675E+03  -5.01191E+03   7.89234E+01  -6.72866E+03  -1.63783E+03
  -1.43150E+02   1.90163E+03  -4.90724E+03   2.20950E+02  -6.80887E+03  -1.68068E+03
  -1.53150E+02   2.07373E+03  -4.81449E+03   3.50316E+02  -6.88823E+03  -1.72342E+03
  -1.63150E+02   2.23335E+03  -4.73325E+03   4.67371E+02  -6.96661E+03  -1.76598E+03
  -1.73150E+02   2.38120E+03  -4.66259E+03   5.72948E+02  -7.04379E+03  -1.80825E+03
