
 Phase Region for:
     BCC_A2                        
     FCC_A1#1                      
     FCC_A1#2                      
     HCP_A3#1                      
     HCP_A3#2                      
 col-1=T-C, col-2=HM(FCC_A1#1), col-3=HM(BCC_A2), col-4=HM(HCP_A3#1), col-5=HM1, col-6=HM2,
   1.22685E+03   4.57168E+04   4.61352E+04   4.34752E+04   4.18421E+02  -2.24160E+03
   1.22685E+03   4.57168E+04   4.61352E+04   4.34752E+04   4.18418E+02  -2.24160E+03
   1.21685E+03   4.53506E+04   4.57406E+04   4.31090E+04   3.89976E+02  -2.24160E+03
   1.20685E+03   4.49853E+04   4.53462E+04   4.27437E+04   3.60935E+02  -2.24160E+03
   1.19685E+03   4.46208E+04   4.49521E+04   4.23792E+04   3.31267E+02  -2.24160E+03
   1.18685E+03   4.42572E+04   4.45581E+04   4.20156E+04   3.00938E+02  -2.24160E+03
   1.17685E+03   4.38945E+04   4.41644E+04   4.16529E+04   2.69914E+02  -2.24160E+03
   1.16685E+03   4.35326E+04   4.37708E+04   4.12910E+04   2.38157E+02  -2.24160E+03
   1.15685E+03   4.31716E+04   4.33772E+04   4.09300E+04   2.05629E+02  -2.24160E+03
   1.14685E+03   4.28114E+04   4.29837E+04   4.05698E+04   1.72288E+02  -2.24160E+03
   1.13685E+03   4.24521E+04   4.25902E+04   4.02106E+04   1.38091E+02  -2.24160E+03
   1.12685E+03   4.20937E+04   4.21967E+04   3.98521E+04   1.02992E+02  -2.24160E+03
   1.11685E+03   4.17362E+04   4.18031E+04   3.94946E+04   6.69412E+01  -2.24159E+03
   1.10685E+03   4.13795E+04   4.14094E+04   3.91379E+04   2.98871E+01  -2.24159E+03
   1.09685E+03   4.10236E+04   4.10154E+04   3.87820E+04  -8.22584E+00  -2.24159E+03
   1.08685E+03   4.06686E+04   4.06212E+04   3.84271E+04  -4.74566E+01  -2.24159E+03
   1.07685E+03   4.03145E+04   4.02267E+04   3.80729E+04  -8.78681E+01  -2.24159E+03
   1.06685E+03   3.99613E+04   3.98317E+04   3.77197E+04  -1.29527E+02  -2.24159E+03
   1.05685E+03   3.96089E+04   3.94364E+04   3.73673E+04  -1.72506E+02  -2.24159E+03
   1.04685E+03   3.92573E+04   3.90404E+04   3.70157E+04  -2.16882E+02  -2.24159E+03
   1.03685E+03   3.89066E+04   3.86439E+04   3.66651E+04  -2.62736E+02  -2.24159E+03
   1.02685E+03   3.85568E+04   3.82467E+04   3.63152E+04  -3.10158E+02  -2.24159E+03
   1.01685E+03   3.82079E+04   3.78486E+04   3.59663E+04  -3.59244E+02  -2.24159E+03
   1.00685E+03   3.78597E+04   3.74497E+04   3.56182E+04  -4.10095E+02  -2.24159E+03
   9.96850E+02   3.75125E+04   3.70497E+04   3.52709E+04  -4.62826E+02  -2.24159E+03
   9.86850E+02   3.71661E+04   3.66485E+04   3.49245E+04  -5.17555E+02  -2.24159E+03
   9.76850E+02   3.68206E+04   3.62461E+04   3.45790E+04  -5.74416E+02  -2.24159E+03
   9.66850E+02   3.64759E+04   3.58423E+04   3.42343E+04  -6.33552E+02  -2.24159E+03
   9.56850E+02   3.61320E+04   3.54369E+04   3.38905E+04  -6.95121E+02  -2.24159E+03
   9.46850E+02   3.57891E+04   3.50298E+04   3.35475E+04  -7.59296E+02  -2.24159E+03
   9.36850E+02   3.54470E+04   3.46207E+04   3.32054E+04  -8.26268E+02  -2.24159E+03
   9.26850E+02   3.51057E+04   3.42094E+04   3.28641E+04  -8.96248E+02  -2.24159E+03
   9.16850E+02   3.47653E+04   3.37958E+04   3.25237E+04  -9.69470E+02  -2.24159E+03
   9.06850E+02   3.44257E+04   3.33795E+04   3.21841E+04  -1.04620E+03  -2.24159E+03
   8.96850E+02   3.40870E+04   3.29603E+04   3.18454E+04  -1.12672E+03  -2.24159E+03
   8.86850E+02   3.37492E+04   3.25378E+04   3.15076E+04  -1.21138E+03  -2.24159E+03
   8.76850E+02   3.34122E+04   3.21116E+04   3.11706E+04  -1.30053E+03  -2.24159E+03
   8.66850E+02   3.30760E+04   3.16814E+04   3.08345E+04  -1.39462E+03  -2.24159E+03
   8.56850E+02   3.27408E+04   3.12466E+04   3.04992E+04  -1.49413E+03  -2.24159E+03
   8.46850E+02   3.24063E+04   3.08067E+04   3.01647E+04  -1.59962E+03  -2.24159E+03
   8.36850E+02   3.20727E+04   3.03610E+04   2.98311E+04  -1.71173E+03  -2.24159E+03
   8.26850E+02   3.17400E+04   2.99088E+04   2.94984E+04  -1.83124E+03  -2.24159E+03
   8.16850E+02   3.14081E+04   2.94491E+04   2.91665E+04  -1.95903E+03  -2.24159E+03
   8.06850E+02   3.10771E+04   2.89810E+04   2.88355E+04  -2.09615E+03  -2.24159E+03
   7.96850E+02   3.07469E+04   2.85031E+04   2.85053E+04  -2.24385E+03  -2.24159E+03
   7.86850E+02   3.04176E+04   2.80140E+04   2.81760E+04  -2.40363E+03  -2.24159E+03
   7.76850E+02   3.00891E+04   2.75119E+04   2.78476E+04  -2.57727E+03  -2.24159E+03
   7.66850E+02   2.97615E+04   2.69717E+04   2.75199E+04  -2.78986E+03  -2.24159E+03
   7.56850E+02   2.94348E+04   2.63813E+04   2.71932E+04  -3.05346E+03  -2.24159E+03
   7.46850E+02   2.91089E+04   2.58059E+04   2.68673E+04  -3.30295E+03  -2.24159E+03
   7.36850E+02   2.87838E+04   2.52445E+04   2.65422E+04  -3.53934E+03  -2.24159E+03
   7.26850E+02   2.84596E+04   2.46961E+04   2.62180E+04  -3.76354E+03  -2.24159E+03
   7.16850E+02   2.81363E+04   2.41599E+04   2.58947E+04  -3.97637E+03  -2.24159E+03
   7.06850E+02   2.78138E+04   2.36352E+04   2.55722E+04  -4.17857E+03  -2.24159E+03
   6.96850E+02   2.74921E+04   2.31213E+04   2.52505E+04  -4.37084E+03  -2.24159E+03
   6.86850E+02   2.71713E+04   2.26175E+04   2.49297E+04  -4.55381E+03  -2.24159E+03
   6.76850E+02   2.68514E+04   2.21234E+04   2.46098E+04  -4.72804E+03  -2.24159E+03
   6.66850E+02   2.65323E+04   2.16383E+04   2.42907E+04  -4.89405E+03  -2.24159E+03
   6.56850E+02   2.62141E+04   2.11618E+04   2.39725E+04  -5.05233E+03  -2.24159E+03
   6.46850E+02   2.58967E+04   2.06934E+04   2.36551E+04  -5.20331E+03  -2.24159E+03
   6.36850E+02   2.55802E+04   2.02328E+04   2.33386E+04  -5.34740E+03  -2.24159E+03
   6.26850E+02   2.52646E+04   1.97796E+04   2.30230E+04  -5.48496E+03  -2.24159E+03
   6.16850E+02   2.49498E+04   1.93334E+04   2.27082E+04  -5.61634E+03  -2.24159E+03
   6.06850E+02   2.46358E+04   1.88940E+04   2.23942E+04  -5.74185E+03  -2.24159E+03
   5.96850E+02   2.43227E+04   1.84610E+04   2.20811E+04  -5.86178E+03  -2.24159E+03
   5.86850E+02   2.40105E+04   1.80341E+04   2.17689E+04  -5.97639E+03  -2.24159E+03
   5.76850E+02   2.36992E+04   1.76132E+04   2.14576E+04  -6.08595E+03  -2.24159E+03
   5.66850E+02   2.33887E+04   1.71980E+04   2.11471E+04  -6.19067E+03  -2.24159E+03
   5.56850E+02   2.30790E+04   1.67883E+04   2.08374E+04  -6.29078E+03  -2.24159E+03
   5.46850E+02   2.27703E+04   1.63838E+04   2.05287E+04  -6.38646E+03  -2.24159E+03
   5.36850E+02   2.24624E+04   1.59844E+04   2.02208E+04  -6.47792E+03  -2.24159E+03
   5.26850E+02   2.21553E+04   1.55900E+04   1.99137E+04  -6.56533E+03  -2.24159E+03
   5.16850E+02   2.18492E+04   1.52003E+04   1.96076E+04  -6.64884E+03  -2.24159E+03
   5.06850E+02   2.15439E+04   1.48152E+04   1.93023E+04  -6.72862E+03  -2.24159E+03
   4.96850E+02   2.12394E+04   1.44346E+04   1.89978E+04  -6.80481E+03  -2.24159E+03
   4.86850E+02   2.09359E+04   1.40583E+04   1.86943E+04  -6.87755E+03  -2.24159E+03
   4.76850E+02   2.06332E+04   1.36862E+04   1.83916E+04  -6.94696E+03  -2.24159E+03
   4.66850E+02   2.03314E+04   1.33182E+04   1.80898E+04  -7.01317E+03  -2.24159E+03
   4.56850E+02   2.00305E+04   1.29542E+04   1.77889E+04  -7.07629E+03  -2.24159E+03
   4.46850E+02   1.97304E+04   1.25940E+04   1.74889E+04  -7.13644E+03  -2.24159E+03
   4.36850E+02   1.94313E+04   1.22376E+04   1.71897E+04  -7.19372E+03  -2.24158E+03
   4.26850E+02   1.91330E+04   1.18848E+04   1.68915E+04  -7.24823E+03  -2.24158E+03
   4.16850E+02   1.88357E+04   1.15356E+04   1.65941E+04  -7.30007E+03  -2.24158E+03
   4.06850E+02   1.85392E+04   1.11899E+04   1.62976E+04  -7.34934E+03  -2.24158E+03
   3.96850E+02   1.82436E+04   1.08475E+04   1.60020E+04  -7.39610E+03  -2.24158E+03
   3.86850E+02   1.79489E+04   1.05085E+04   1.57074E+04  -7.44046E+03  -2.24158E+03
   3.76850E+02   1.76552E+04   1.01727E+04   1.54136E+04  -7.48250E+03  -2.24158E+03
   3.66850E+02   1.73623E+04   9.84001E+03   1.51207E+04  -7.52229E+03  -2.24158E+03
   3.56850E+02   1.70704E+04   9.51044E+03   1.48288E+04  -7.55991E+03  -2.24158E+03
   3.46850E+02   1.67793E+04   9.18389E+03   1.45378E+04  -7.59544E+03  -2.24157E+03
   3.36850E+02   1.64892E+04   8.86029E+03   1.42477E+04  -7.62894E+03  -2.24157E+03
   3.26850E+02   1.62001E+04   8.53958E+03   1.39585E+04  -7.66048E+03  -2.24157E+03
   3.16850E+02   1.59118E+04   8.22170E+03   1.36703E+04  -7.69013E+03  -2.24157E+03
   3.06850E+02   1.56245E+04   7.90659E+03   1.33830E+04  -7.71795E+03  -2.24157E+03
   2.96850E+02   1.53382E+04   7.59419E+03   1.30966E+04  -7.74401E+03  -2.24157E+03
   2.86850E+02   1.50528E+04   7.28446E+03   1.28113E+04  -7.76836E+03  -2.24157E+03
   2.76850E+02   1.47684E+04   6.97734E+03   1.25268E+04  -7.79107E+03  -2.24157E+03
   2.66850E+02   1.44850E+04   6.67279E+03   1.22434E+04  -7.81219E+03  -2.24157E+03
   2.56850E+02   1.42025E+04   6.37075E+03   1.19610E+04  -7.83178E+03  -2.24157E+03
   2.46850E+02   1.39211E+04   6.07118E+03   1.16795E+04  -7.84990E+03  -2.24156E+03
   2.36850E+02   1.36406E+04   5.77405E+03   1.13991E+04  -7.86659E+03  -2.24156E+03
   2.26850E+02   1.33612E+04   5.47931E+03   1.11197E+04  -7.88190E+03  -2.24156E+03
   2.16850E+02   1.30828E+04   5.18693E+03   1.08413E+04  -7.89589E+03  -2.24156E+03
   2.06850E+02   1.28055E+04   4.89687E+03   1.05639E+04  -7.90861E+03  -2.24156E+03
   1.96850E+02   1.25292E+04   4.60911E+03   1.02877E+04  -7.92011E+03  -2.24156E+03
   1.86850E+02   1.22540E+04   4.32360E+03   1.00125E+04  -7.93042E+03  -2.24155E+03
   1.76850E+02   1.19799E+04   4.04034E+03   9.73839E+03  -7.93960E+03  -2.24155E+03
   1.66850E+02   1.17070E+04   3.75928E+03   9.46542E+03  -7.94769E+03  -2.24155E+03
   1.56850E+02   1.14351E+04   3.48042E+03   9.19361E+03  -7.95473E+03  -2.24154E+03
   1.46850E+02   1.11645E+04   3.20374E+03   8.92296E+03  -7.96076E+03  -2.24154E+03
   1.36850E+02   1.08950E+04   2.92922E+03   8.65351E+03  -7.96583E+03  -2.24154E+03
   1.26850E+02   1.06268E+04   2.65685E+03   8.38530E+03  -7.96998E+03  -2.24153E+03
   1.16850E+02   1.03599E+04   2.38663E+03   8.11835E+03  -7.97324E+03  -2.24152E+03
   1.06850E+02   1.00942E+04   2.11856E+03   7.85269E+03  -7.97565E+03  -2.24152E+03
   9.68500E+01   9.82990E+03   1.85265E+03   7.58839E+03  -7.97725E+03  -2.24151E+03
   8.68500E+01   9.56697E+03   1.58890E+03   7.32547E+03  -7.97807E+03  -2.24150E+03
   7.68500E+01   9.30548E+03   1.32733E+03   7.06399E+03  -7.97815E+03  -2.24149E+03
   6.68500E+01   9.04549E+03   1.06797E+03   6.80401E+03  -7.97752E+03  -2.24148E+03
   5.68500E+01   8.78706E+03   8.10844E+02   6.54559E+03  -7.97622E+03  -2.24147E+03
   4.68500E+01   8.53027E+03   5.55999E+02   6.28881E+03  -7.97427E+03  -2.24146E+03
   3.68500E+01   8.27519E+03   3.03485E+02   6.03375E+03  -7.97171E+03  -2.24144E+03
   2.68500E+01   8.02192E+03   5.33671E+01   5.78050E+03  -7.96856E+03  -2.24142E+03
   1.68500E+01   7.77058E+03  -1.94278E+02   5.52918E+03  -7.96485E+03  -2.24140E+03
   6.85000E+00   7.52126E+03  -4.39356E+02   5.27989E+03  -7.96062E+03  -2.24137E+03
  -3.15000E+00   7.27413E+03  -6.81752E+02   5.03279E+03  -7.95588E+03  -2.24134E+03
  -1.31500E+01   7.02933E+03  -9.21332E+02   4.78803E+03  -7.95066E+03  -2.24130E+03
  -2.31500E+01   6.78706E+03  -1.15793E+03   4.54581E+03  -7.94499E+03  -2.24125E+03
  -3.31500E+01   6.54753E+03  -1.39135E+03   4.30634E+03  -7.93889E+03  -2.24119E+03
  -4.31500E+01   6.31100E+03  -1.62137E+03   4.06988E+03  -7.93237E+03  -2.24112E+03
  -5.31500E+01   6.07777E+03  -1.84768E+03   3.83674E+03  -7.92545E+03  -2.24103E+03
  -6.31500E+01   5.84819E+03  -2.06997E+03   3.60727E+03  -7.91816E+03  -2.24092E+03
  -7.31500E+01   5.62270E+03  -2.28780E+03   3.38192E+03  -7.91050E+03  -2.24078E+03
  -8.31500E+01   5.40182E+03  -2.50067E+03   3.16122E+03  -7.90248E+03  -2.24060E+03
  -9.31500E+01   5.18616E+03  -2.70795E+03   2.94580E+03  -7.89411E+03  -2.24036E+03
  -1.03150E+02   4.97652E+03  -2.90886E+03   2.73647E+03  -7.88539E+03  -2.24005E+03
  -1.13150E+02   4.77386E+03  -3.10242E+03   2.53423E+03  -7.87629E+03  -2.23963E+03
  -1.23150E+02   4.57940E+03  -3.28739E+03   2.34034E+03  -7.86679E+03  -2.23906E+03
  -1.33150E+02   4.39468E+03  -3.46214E+03   2.15643E+03  -7.85682E+03  -2.23825E+03
  -1.43150E+02   4.22173E+03  -3.62456E+03   1.98462E+03  -7.84629E+03  -2.23711E+03
  -1.53150E+02   4.06318E+03  -3.77183E+03   1.82776E+03  -7.83501E+03  -2.23542E+03
  -1.63150E+02   3.92257E+03  -3.90009E+03   1.68972E+03  -7.82266E+03  -2.23285E+03
  -1.73150E+02   3.80473E+03  -4.00390E+03   1.57594E+03  -7.80863E+03  -2.22879E+03
