
 Phase Region for:
     BCC_A2                        
     FCC_A1#1                      
     FCC_A1#2                      
     HCP_A3#1                      
     HCP_A3#2                      
 col-1=W(N), col-2=GM(FCC_A1#1), col-3=GM(BCC_A2), col-4=GM(HCP_A3#1), col-5=GM1, col-6=GM2,
   7.53659E-03  -1.66010E+04  -1.83531E+04  -1.59971E+04  -1.75213E+03   6.03894E+02
   7.63659E-03  -1.66164E+04  -1.83520E+04  -1.60084E+04  -1.73557E+03   6.07962E+02
   7.73659E-03  -1.66318E+04  -1.83508E+04  -1.60198E+04  -1.71902E+03   6.12007E+02
   7.83659E-03  -1.66471E+04  -1.83496E+04  -1.60311E+04  -1.70250E+03   6.16029E+02
   7.93659E-03  -1.66624E+04  -1.83484E+04  -1.60424E+04  -1.68599E+03   6.20027E+02
   8.03659E-03  -1.66777E+04  -1.83472E+04  -1.60537E+04  -1.66950E+03   6.24003E+02
   8.13659E-03  -1.66929E+04  -1.83459E+04  -1.60649E+04  -1.65303E+03   6.27956E+02
   8.23659E-03  -1.67081E+04  -1.83446E+04  -1.60762E+04  -1.63657E+03   6.31885E+02
   8.33659E-03  -1.67232E+04  -1.83433E+04  -1.60874E+04  -1.62014E+03   6.35792E+02
   8.43659E-03  -1.67383E+04  -1.83420E+04  -1.60986E+04  -1.60372E+03   6.39676E+02
   8.53659E-03  -1.67533E+04  -1.83407E+04  -1.61098E+04  -1.58732E+03   6.43537E+02
   8.63659E-03  -1.67684E+04  -1.83393E+04  -1.61210E+04  -1.57094E+03   6.47375E+02
   8.73659E-03  -1.67833E+04  -1.83379E+04  -1.61321E+04  -1.55458E+03   6.51190E+02
   8.83659E-03  -1.67983E+04  -1.83365E+04  -1.61433E+04  -1.53824E+03   6.54983E+02
   8.93659E-03  -1.68132E+04  -1.83351E+04  -1.61544E+04  -1.52191E+03   6.58753E+02
   9.03659E-03  -1.68280E+04  -1.83336E+04  -1.61655E+04  -1.50561E+03   6.62500E+02
   9.13659E-03  -1.68428E+04  -1.83322E+04  -1.61766E+04  -1.48932E+03   6.66225E+02
   9.23659E-03  -1.68576E+04  -1.83307E+04  -1.61877E+04  -1.47305E+03   6.69927E+02
   9.33659E-03  -1.68724E+04  -1.83292E+04  -1.61988E+04  -1.45680E+03   6.73607E+02
   9.43659E-03  -1.68871E+04  -1.83276E+04  -1.62098E+04  -1.44056E+03   6.77264E+02
   9.53659E-03  -1.69017E+04  -1.83261E+04  -1.62208E+04  -1.42435E+03   6.80899E+02
   9.63659E-03  -1.69164E+04  -1.83245E+04  -1.62318E+04  -1.40815E+03   6.84511E+02
   9.73659E-03  -1.69310E+04  -1.83229E+04  -1.62428E+04  -1.39197E+03   6.88101E+02
   9.83659E-03  -1.69455E+04  -1.83213E+04  -1.62538E+04  -1.37581E+03   6.91669E+02
   9.93659E-03  -1.69600E+04  -1.83197E+04  -1.62648E+04  -1.35967E+03   6.95214E+02
   9.99900E-03  -1.69691E+04  -1.83187E+04  -1.62717E+04  -1.34961E+03   6.97415E+02

 Phase Region for:
     BCC_A2                        
     FCC_A1#1                      
     FCC_A1#2                      
     HCP_A3#1                      
     HCP_A3#2                      
 col-1=W(N), col-2=GM(FCC_A1#1), col-3=GM(BCC_A2), col-4=GM(HCP_A3#1), col-5=GM1, col-6=GM2,
   7.53659E-03  -1.66010E+04  -1.83531E+04  -1.59971E+04  -1.75213E+03   6.03894E+02
   7.43659E-03  -1.65855E+04  -1.83542E+04  -1.59857E+04  -1.76872E+03   5.99802E+02
   7.33659E-03  -1.65700E+04  -1.83553E+04  -1.59743E+04  -1.78532E+03   5.95687E+02
   7.23659E-03  -1.65544E+04  -1.83564E+04  -1.59629E+04  -1.80194E+03   5.91549E+02
   7.13659E-03  -1.65388E+04  -1.83574E+04  -1.59514E+04  -1.81858E+03   5.87388E+02
   7.03659E-03  -1.65232E+04  -1.83584E+04  -1.59400E+04  -1.83523E+03   5.83203E+02
   6.93659E-03  -1.65075E+04  -1.83594E+04  -1.59285E+04  -1.85191E+03   5.78995E+02
   6.83659E-03  -1.64917E+04  -1.83603E+04  -1.59170E+04  -1.86860E+03   5.74763E+02
   6.73659E-03  -1.64759E+04  -1.83613E+04  -1.59054E+04  -1.88532E+03   5.70508E+02
   6.63659E-03  -1.64601E+04  -1.83622E+04  -1.58939E+04  -1.90205E+03   5.66229E+02
   6.53659E-03  -1.64442E+04  -1.83630E+04  -1.58823E+04  -1.91880E+03   5.61927E+02
   6.43659E-03  -1.64283E+04  -1.83639E+04  -1.58707E+04  -1.93557E+03   5.57601E+02
   6.33659E-03  -1.64123E+04  -1.83647E+04  -1.58591E+04  -1.95236E+03   5.53251E+02
   6.23659E-03  -1.63963E+04  -1.83655E+04  -1.58475E+04  -1.96916E+03   5.48877E+02
   6.13659E-03  -1.63803E+04  -1.83662E+04  -1.58358E+04  -1.98599E+03   5.44480E+02
   6.03659E-03  -1.63641E+04  -1.83670E+04  -1.58241E+04  -2.00283E+03   5.40059E+02
   5.93659E-03  -1.63480E+04  -1.83677E+04  -1.58124E+04  -2.01969E+03   5.35614E+02
   5.83659E-03  -1.63318E+04  -1.83683E+04  -1.58006E+04  -2.03658E+03   5.31145E+02
   5.73659E-03  -1.63155E+04  -1.83690E+04  -1.57888E+04  -2.05348E+03   5.26652E+02
   5.63659E-03  -1.62992E+04  -1.83696E+04  -1.57770E+04  -2.07039E+03   5.22135E+02
   5.53659E-03  -1.62828E+04  -1.83701E+04  -1.57652E+04  -2.08733E+03   5.17594E+02
   5.43659E-03  -1.62664E+04  -1.83707E+04  -1.57533E+04  -2.10429E+03   5.13030E+02
   5.33659E-03  -1.62499E+04  -1.83711E+04  -1.57414E+04  -2.12126E+03   5.08440E+02
   5.23659E-03  -1.62334E+04  -1.83716E+04  -1.57295E+04  -2.13826E+03   5.03827E+02
   5.13659E-03  -1.62168E+04  -1.83720E+04  -1.57176E+04  -2.15527E+03   4.99190E+02
   5.03659E-03  -1.62001E+04  -1.83724E+04  -1.57056E+04  -2.17230E+03   4.94528E+02
   4.93659E-03  -1.61834E+04  -1.83728E+04  -1.56936E+04  -2.18935E+03   4.89842E+02
   4.83659E-03  -1.61667E+04  -1.83731E+04  -1.56815E+04  -2.20642E+03   4.85132E+02
   4.73659E-03  -1.61498E+04  -1.83734E+04  -1.56694E+04  -2.22351E+03   4.80397E+02
   4.63659E-03  -1.61330E+04  -1.83736E+04  -1.56573E+04  -2.24062E+03   4.75638E+02
   4.53659E-03  -1.61160E+04  -1.83738E+04  -1.56452E+04  -2.25774E+03   4.70854E+02
   4.43659E-03  -1.60990E+04  -1.83739E+04  -1.56330E+04  -2.27489E+03   4.66046E+02
   4.33659E-03  -1.60820E+04  -1.83740E+04  -1.56208E+04  -2.29205E+03   4.61214E+02
   4.23659E-03  -1.60649E+04  -1.83741E+04  -1.56085E+04  -2.30923E+03   4.56356E+02
   4.13659E-03  -1.60477E+04  -1.83741E+04  -1.55962E+04  -2.32644E+03   4.51475E+02
   4.03659E-03  -1.60304E+04  -1.83741E+04  -1.55839E+04  -2.34366E+03   4.46568E+02
   3.93659E-03  -1.60131E+04  -1.83740E+04  -1.55715E+04  -2.36090E+03   4.41637E+02
   3.83659E-03  -1.59957E+04  -1.83739E+04  -1.55590E+04  -2.37816E+03   4.36681E+02
   3.73659E-03  -1.59783E+04  -1.83737E+04  -1.55466E+04  -2.39543E+03   4.31700E+02
   3.63659E-03  -1.59608E+04  -1.83735E+04  -1.55341E+04  -2.41273E+03   4.26694E+02
   3.53659E-03  -1.59432E+04  -1.83732E+04  -1.55215E+04  -2.43005E+03   4.21664E+02
   3.43659E-03  -1.59255E+04  -1.83729E+04  -1.55089E+04  -2.44738E+03   4.16608E+02
   3.33659E-03  -1.59078E+04  -1.83725E+04  -1.54962E+04  -2.46474E+03   4.11528E+02
   3.23659E-03  -1.58899E+04  -1.83720E+04  -1.54835E+04  -2.48211E+03   4.06422E+02
   3.13659E-03  -1.58720E+04  -1.83715E+04  -1.54708E+04  -2.49950E+03   4.01292E+02
   3.03659E-03  -1.58541E+04  -1.83710E+04  -1.54579E+04  -2.51691E+03   3.96136E+02
   2.93659E-03  -1.58360E+04  -1.83704E+04  -1.54451E+04  -2.53435E+03   3.90955E+02
   2.83659E-03  -1.58179E+04  -1.83697E+04  -1.54321E+04  -2.55180E+03   3.85749E+02
   2.73659E-03  -1.57996E+04  -1.83689E+04  -1.54191E+04  -2.56926E+03   3.80518E+02
   2.63659E-03  -1.57813E+04  -1.83681E+04  -1.54061E+04  -2.58675E+03   3.75261E+02
   2.53659E-03  -1.57629E+04  -1.83672E+04  -1.53929E+04  -2.60426E+03   3.69979E+02
   2.43659E-03  -1.57444E+04  -1.83662E+04  -1.53797E+04  -2.62179E+03   3.64672E+02
   2.33659E-03  -1.57258E+04  -1.83651E+04  -1.53665E+04  -2.63933E+03   3.59340E+02
   2.23659E-03  -1.57071E+04  -1.83640E+04  -1.53531E+04  -2.65690E+03   3.53981E+02
   2.13659E-03  -1.56883E+04  -1.83628E+04  -1.53397E+04  -2.67448E+03   3.48598E+02
   2.03659E-03  -1.56694E+04  -1.83615E+04  -1.53262E+04  -2.69209E+03   3.43189E+02
   1.93659E-03  -1.56503E+04  -1.83601E+04  -1.53126E+04  -2.70971E+03   3.37754E+02
   1.83659E-03  -1.56312E+04  -1.83585E+04  -1.52989E+04  -2.72735E+03   3.32294E+02
   1.73659E-03  -1.56119E+04  -1.83569E+04  -1.52851E+04  -2.74501E+03   3.26808E+02
   1.63659E-03  -1.55925E+04  -1.83552E+04  -1.52712E+04  -2.76269E+03   3.21296E+02
   1.53659E-03  -1.55730E+04  -1.83534E+04  -1.52572E+04  -2.78039E+03   3.15758E+02
   1.43659E-03  -1.55533E+04  -1.83514E+04  -1.52431E+04  -2.79811E+03   3.10195E+02
   1.33659E-03  -1.55335E+04  -1.83493E+04  -1.52288E+04  -2.81585E+03   3.04606E+02
   1.23659E-03  -1.55135E+04  -1.83471E+04  -1.52145E+04  -2.83361E+03   2.98991E+02
   1.13659E-03  -1.54933E+04  -1.83447E+04  -1.51999E+04  -2.85139E+03   2.93350E+02
   1.03659E-03  -1.54729E+04  -1.83421E+04  -1.51852E+04  -2.86919E+03   2.87683E+02
   9.36589E-04  -1.54523E+04  -1.83394E+04  -1.51704E+04  -2.88700E+03   2.81990E+02
   8.36589E-04  -1.54316E+04  -1.83364E+04  -1.51553E+04  -2.90484E+03   2.76271E+02
   7.36589E-04  -1.54105E+04  -1.83332E+04  -1.51400E+04  -2.92269E+03   2.70526E+02
   6.36589E-04  -1.53892E+04  -1.83298E+04  -1.51244E+04  -2.94057E+03   2.64755E+02
   5.36589E-04  -1.53676E+04  -1.83260E+04  -1.51086E+04  -2.95846E+03   2.58957E+02
   4.36589E-04  -1.53455E+04  -1.83219E+04  -1.50924E+04  -2.97638E+03   2.53133E+02
   3.36589E-04  -1.53230E+04  -1.83174E+04  -1.50758E+04  -2.99431E+03   2.47283E+02
   2.36589E-04  -1.53000E+04  -1.83122E+04  -1.50586E+04  -3.01226E+03   2.41407E+02
   1.36589E-04  -1.52760E+04  -1.83063E+04  -1.50405E+04  -3.03024E+03   2.35504E+02
   3.65889E-05  -1.52505E+04  -1.82988E+04  -1.50210E+04  -3.04823E+03   2.29575E+02
   1.10000E-05  -1.52434E+04  -1.82962E+04  -1.50153E+04  -3.05284E+03   2.28054E+02
