
 Phase Region for:
     BCC_A2                        
     FCC_A1#1                      
     FCC_A1#2                      
     HCP_A3#1                      
     HCP_A3#2                      
 col-1=W(N), col-2=HM(FCC_A1#1), col-3=HM(BCC_A2), col-4=HM(HCP_A3#1), col-5=HM1, col-6=HM2,
   7.53659E-03   1.39096E+04   8.50065E+03   1.35138E+04  -5.40897E+03  -3.95859E+02
   7.63659E-03   1.38902E+04   8.51114E+03   1.35160E+04  -5.37910E+03  -3.74207E+02
   7.73659E-03   1.38709E+04   8.52162E+03   1.35182E+04  -5.34925E+03  -3.52627E+02
   7.83659E-03   1.38515E+04   8.53209E+03   1.35204E+04  -5.31943E+03  -3.31117E+02
   7.93659E-03   1.38322E+04   8.54256E+03   1.35225E+04  -5.28964E+03  -3.09679E+02
   8.03659E-03   1.38129E+04   8.55302E+03   1.35246E+04  -5.25987E+03  -2.88312E+02
   8.13659E-03   1.37936E+04   8.56348E+03   1.35266E+04  -5.23012E+03  -2.67016E+02
   8.23659E-03   1.37743E+04   8.57393E+03   1.35285E+04  -5.20040E+03  -2.45791E+02
   8.33659E-03   1.37551E+04   8.58437E+03   1.35304E+04  -5.17071E+03  -2.24636E+02
   8.43659E-03   1.37359E+04   8.59481E+03   1.35323E+04  -5.14104E+03  -2.03552E+02
   8.53659E-03   1.37166E+04   8.60524E+03   1.35341E+04  -5.11140E+03  -1.82539E+02
   8.63659E-03   1.36974E+04   8.61566E+03   1.35359E+04  -5.08179E+03  -1.61595E+02
   8.73659E-03   1.36783E+04   8.62608E+03   1.35376E+04  -5.05220E+03  -1.40722E+02
   8.83659E-03   1.36591E+04   8.63650E+03   1.35392E+04  -5.02263E+03  -1.19920E+02
   8.93659E-03   1.36400E+04   8.64690E+03   1.35408E+04  -4.99309E+03  -9.91867E+01
   9.03659E-03   1.36209E+04   8.65730E+03   1.35424E+04  -4.96358E+03  -7.85238E+01
   9.13659E-03   1.36018E+04   8.66770E+03   1.35439E+04  -4.93409E+03  -5.79306E+01
   9.23659E-03   1.35827E+04   8.67809E+03   1.35453E+04  -4.90463E+03  -3.74071E+01
   9.33659E-03   1.35637E+04   8.68847E+03   1.35467E+04  -4.87519E+03  -1.69532E+01
   9.43659E-03   1.35446E+04   8.69885E+03   1.35481E+04  -4.84578E+03   3.43127E+00
   9.53659E-03   1.35256E+04   8.70922E+03   1.35494E+04  -4.81639E+03   2.37464E+01
   9.63659E-03   1.35066E+04   8.71958E+03   1.35506E+04  -4.78703E+03   4.39923E+01
   9.73659E-03   1.34876E+04   8.72994E+03   1.35518E+04  -4.75769E+03   6.41691E+01
   9.83659E-03   1.34687E+04   8.74030E+03   1.35530E+04  -4.72838E+03   8.42769E+01
   9.93659E-03   1.34497E+04   8.75064E+03   1.35541E+04  -4.69910E+03   1.04316E+02
   9.99900E-03   1.34379E+04   8.75710E+03   1.35547E+04  -4.68083E+03   1.16787E+02

 Phase Region for:
     BCC_A2                        
     FCC_A1#1                      
     FCC_A1#2                      
     HCP_A3#1                      
     HCP_A3#2                      
 col-1=W(N), col-2=HM(FCC_A1#1), col-3=HM(BCC_A2), col-4=HM(HCP_A3#1), col-5=HM1, col-6=HM2,
   7.53659E-03   1.39096E+04   8.50065E+03   1.35138E+04  -5.40897E+03  -3.95859E+02
   7.43659E-03   1.39290E+04   8.49016E+03   1.35114E+04  -5.43887E+03  -4.17582E+02
   7.33659E-03   1.39485E+04   8.47966E+03   1.35091E+04  -5.46880E+03  -4.39377E+02
   7.23659E-03   1.39679E+04   8.46915E+03   1.35067E+04  -5.49875E+03  -4.61244E+02
   7.13659E-03   1.39874E+04   8.45864E+03   1.35042E+04  -5.52872E+03  -4.83182E+02
   7.03659E-03   1.40068E+04   8.44812E+03   1.35017E+04  -5.55872E+03  -5.05192E+02
   6.93659E-03   1.40264E+04   8.43760E+03   1.34991E+04  -5.58875E+03  -5.27275E+02
   6.83659E-03   1.40459E+04   8.42707E+03   1.34964E+04  -5.61881E+03  -5.49430E+02
   6.73659E-03   1.40654E+04   8.41654E+03   1.34938E+04  -5.64889E+03  -5.71656E+02
   6.63659E-03   1.40850E+04   8.40599E+03   1.34910E+04  -5.67899E+03  -5.93956E+02
   6.53659E-03   1.41046E+04   8.39545E+03   1.34882E+04  -5.70912E+03  -6.16327E+02
   6.43659E-03   1.41242E+04   8.38489E+03   1.34854E+04  -5.73928E+03  -6.38772E+02
   6.33659E-03   1.41438E+04   8.37433E+03   1.34825E+04  -5.76946E+03  -6.61289E+02
   6.23659E-03   1.41634E+04   8.36377E+03   1.34796E+04  -5.79967E+03  -6.83879E+02
   6.13659E-03   1.41831E+04   8.35319E+03   1.34766E+04  -5.82991E+03  -7.06542E+02
   6.03659E-03   1.42028E+04   8.34261E+03   1.34735E+04  -5.86017E+03  -7.29278E+02
   5.93659E-03   1.42225E+04   8.33203E+03   1.34704E+04  -5.89046E+03  -7.52087E+02
   5.83659E-03   1.42422E+04   8.32144E+03   1.34672E+04  -5.92077E+03  -7.74970E+02
   5.73659E-03   1.42620E+04   8.31084E+03   1.34640E+04  -5.95111E+03  -7.97926E+02
   5.63659E-03   1.42817E+04   8.30024E+03   1.34608E+04  -5.98148E+03  -8.20955E+02
   5.53659E-03   1.43015E+04   8.28963E+03   1.34574E+04  -6.01187E+03  -8.44059E+02
   5.43659E-03   1.43213E+04   8.27901E+03   1.34541E+04  -6.04229E+03  -8.67235E+02
   5.33659E-03   1.43411E+04   8.26839E+03   1.34506E+04  -6.07273E+03  -8.90486E+02
   5.23659E-03   1.43610E+04   8.25776E+03   1.34472E+04  -6.10320E+03  -9.13811E+02
   5.13659E-03   1.43808E+04   8.24712E+03   1.34436E+04  -6.13370E+03  -9.37210E+02
   5.03659E-03   1.44007E+04   8.23648E+03   1.34400E+04  -6.16422E+03  -9.60683E+02
   4.93659E-03   1.44206E+04   8.22583E+03   1.34364E+04  -6.19477E+03  -9.84231E+02
   4.83659E-03   1.44405E+04   8.21518E+03   1.34327E+04  -6.22535E+03  -1.00785E+03
   4.73659E-03   1.44605E+04   8.20452E+03   1.34289E+04  -6.25595E+03  -1.03155E+03
   4.63659E-03   1.44804E+04   8.19385E+03   1.34251E+04  -6.28658E+03  -1.05532E+03
   4.53659E-03   1.45004E+04   8.18318E+03   1.34213E+04  -6.31724E+03  -1.07917E+03
   4.43659E-03   1.45204E+04   8.17250E+03   1.34173E+04  -6.34792E+03  -1.10309E+03
   4.33659E-03   1.45404E+04   8.16182E+03   1.34134E+04  -6.37863E+03  -1.12708E+03
   4.23659E-03   1.45605E+04   8.15113E+03   1.34093E+04  -6.40936E+03  -1.15116E+03
   4.13659E-03   1.45805E+04   8.14043E+03   1.34052E+04  -6.44012E+03  -1.17530E+03
   4.03659E-03   1.46006E+04   8.12972E+03   1.34011E+04  -6.47091E+03  -1.19952E+03
   3.93659E-03   1.46207E+04   8.11901E+03   1.33969E+04  -6.50172E+03  -1.22382E+03
   3.83659E-03   1.46409E+04   8.10830E+03   1.33927E+04  -6.53256E+03  -1.24819E+03
   3.73659E-03   1.46610E+04   8.09757E+03   1.33884E+04  -6.56343E+03  -1.27264E+03
   3.63659E-03   1.46812E+04   8.08684E+03   1.33840E+04  -6.59432E+03  -1.29717E+03
   3.53659E-03   1.47013E+04   8.07611E+03   1.33796E+04  -6.62524E+03  -1.32177E+03
   3.43659E-03   1.47216E+04   8.06537E+03   1.33751E+04  -6.65619E+03  -1.34645E+03
   3.33659E-03   1.47418E+04   8.05462E+03   1.33706E+04  -6.68716E+03  -1.37120E+03
   3.23659E-03   1.47620E+04   8.04386E+03   1.33660E+04  -6.71816E+03  -1.39603E+03
   3.13659E-03   1.47823E+04   8.03310E+03   1.33614E+04  -6.74919E+03  -1.42093E+03
   3.03659E-03   1.48026E+04   8.02233E+03   1.33567E+04  -6.78024E+03  -1.44592E+03
   2.93659E-03   1.48229E+04   8.01156E+03   1.33519E+04  -6.81132E+03  -1.47097E+03
   2.83659E-03   1.48432E+04   8.00078E+03   1.33471E+04  -6.84243E+03  -1.49611E+03
   2.73659E-03   1.48636E+04   7.98999E+03   1.33422E+04  -6.87356E+03  -1.52132E+03
   2.63659E-03   1.48839E+04   7.97920E+03   1.33373E+04  -6.90472E+03  -1.54661E+03
   2.53659E-03   1.49043E+04   7.96840E+03   1.33323E+04  -6.93591E+03  -1.57198E+03
   2.43659E-03   1.49247E+04   7.95759E+03   1.33273E+04  -6.96712E+03  -1.59742E+03
   2.33659E-03   1.49451E+04   7.94678E+03   1.33222E+04  -6.99836E+03  -1.62295E+03
   2.23659E-03   1.49656E+04   7.93596E+03   1.33170E+04  -7.02963E+03  -1.64855E+03
   2.13659E-03   1.49861E+04   7.92514E+03   1.33118E+04  -7.06092E+03  -1.67422E+03
   2.03659E-03   1.50065E+04   7.91430E+03   1.33066E+04  -7.09225E+03  -1.69998E+03
   1.93659E-03   1.50271E+04   7.90347E+03   1.33013E+04  -7.12359E+03  -1.72581E+03
   1.83659E-03   1.50476E+04   7.89262E+03   1.32959E+04  -7.15497E+03  -1.75172E+03
   1.73659E-03   1.50681E+04   7.88177E+03   1.32904E+04  -7.18637E+03  -1.77771E+03
   1.63659E-03   1.50887E+04   7.87091E+03   1.32849E+04  -7.21780E+03  -1.80377E+03
   1.53659E-03   1.51093E+04   7.86005E+03   1.32794E+04  -7.24926E+03  -1.82992E+03
   1.43659E-03   1.51299E+04   7.84918E+03   1.32738E+04  -7.28074E+03  -1.85614E+03
   1.33659E-03   1.51506E+04   7.83830E+03   1.32681E+04  -7.31225E+03  -1.88245E+03
   1.23659E-03   1.51712E+04   7.82742E+03   1.32624E+04  -7.34379E+03  -1.90883E+03
   1.13659E-03   1.51919E+04   7.81653E+03   1.32566E+04  -7.37535E+03  -1.93529E+03
   1.03659E-03   1.52126E+04   7.80563E+03   1.32507E+04  -7.40694E+03  -1.96182E+03
   9.36589E-04   1.52333E+04   7.79473E+03   1.32448E+04  -7.43856E+03  -1.98844E+03
   8.36589E-04   1.52540E+04   7.78382E+03   1.32389E+04  -7.47021E+03  -2.01514E+03
   7.36589E-04   1.52748E+04   7.77290E+03   1.32329E+04  -7.50188E+03  -2.04191E+03
   6.36589E-04   1.52956E+04   7.76198E+03   1.32268E+04  -7.53358E+03  -2.06877E+03
   5.36589E-04   1.53164E+04   7.75105E+03   1.32207E+04  -7.56531E+03  -2.09570E+03
   4.36589E-04   1.53372E+04   7.74012E+03   1.32145E+04  -7.59706E+03  -2.12272E+03
   3.36589E-04   1.53580E+04   7.72918E+03   1.32082E+04  -7.62884E+03  -2.14981E+03
   2.36589E-04   1.53789E+04   7.71823E+03   1.32019E+04  -7.66065E+03  -2.17699E+03
   1.36589E-04   1.53998E+04   7.70727E+03   1.31955E+04  -7.69249E+03  -2.20424E+03
   3.65889E-05   1.54207E+04   7.69631E+03   1.31891E+04  -7.72435E+03  -2.23158E+03
   1.10000E-05   1.54260E+04   7.69350E+03   1.31874E+04  -7.73251E+03  -2.23858E+03
