 PROLOGUE 1
 XSCALE        0.00000          0.600000E-06
 YSCALE       0.141499E-02      0.300000    
 XTEXT DISTANCE
 YTEXT WEIGHT-PERCENT C
 XTYPE LINEAR
 YTYPE LINEAR
 XLENGTH        11.5000    
 YLENGTH        11.5000    
 TITLE   
 DATASET 1
 CLIP OFF
    0.00000    1.12000 NAM' TIME = 0,1E-04,.001,.01,.03,.1,.5,10,20
 1.05 1.05 MNA' CELL #   1
 CLIP ON
 $ X-AXIS = DISTANCE      Y-AXIS = W(C)
 BLOCK X=C1; Y=C2;       GOC=C3,WAD;
  0.0000000000E+00  3.0000000000E-01 M
  1.0169491525E-08  3.0000000000E-01
  2.0338983051E-08  3.0000000000E-01
  3.0508474576E-08  3.0000000000E-01
  4.0677966102E-08  3.0000000000E-01
  5.0847457627E-08  3.0000000000E-01
  6.1016949153E-08  3.0000000000E-01
  7.1186440678E-08  3.0000000000E-01
  8.1355932203E-08  3.0000000000E-01
  9.1525423729E-08  3.0000000000E-01
  1.0169491525E-07  3.0000000000E-01
  1.1186440678E-07  3.0000000000E-01
  1.2203389831E-07  3.0000000000E-01
  1.3220338983E-07  3.0000000000E-01
  1.4237288136E-07  3.0000000000E-01
  1.5254237288E-07  3.0000000000E-01
  1.6271186441E-07  3.0000000000E-01
  1.7288135593E-07  3.0000000000E-01
  1.8305084746E-07  3.0000000000E-01
  1.9322033898E-07  3.0000000000E-01
  2.0338983051E-07  3.0000000000E-01
  2.1355932203E-07  3.0000000000E-01
  2.2372881356E-07  3.0000000000E-01
  2.3389830508E-07  3.0000000000E-01
  2.4406779661E-07  3.0000000000E-01
  2.5423728814E-07  3.0000000000E-01
  2.6440677966E-07  3.0000000000E-01
  2.7457627119E-07  3.0000000000E-01
  2.8474576271E-07  3.0000000000E-01
  2.9491525424E-07  3.0000000000E-01
  3.0508474576E-07  3.0000000000E-01
  3.1525423729E-07  3.0000000000E-01
  3.2542372881E-07  3.0000000000E-01
  3.3559322034E-07  3.0000000000E-01
  3.4576271186E-07  3.0000000000E-01
  3.5593220339E-07  3.0000000000E-01
  3.6610169492E-07  3.0000000000E-01
  3.7627118644E-07  3.0000000000E-01
  3.8644067797E-07  3.0000000000E-01
  3.9661016949E-07  3.0000000000E-01
  4.0677966102E-07  3.0000000000E-01
  4.1694915254E-07  3.0000000000E-01
  4.2711864407E-07  3.0000000000E-01
  4.3728813559E-07  3.0000000000E-01
  4.4745762712E-07  3.0000000000E-01
  4.5762711864E-07  3.0000000000E-01
  4.6779661017E-07  3.0000000000E-01
  4.7796610169E-07  3.0000000000E-01
  4.8813559322E-07  3.0000000000E-01
  4.9830508475E-07  3.0000000000E-01
  5.0847457627E-07  3.0000000000E-01
  5.1864406780E-07  3.0000000000E-01
  5.2881355932E-07  3.0000000000E-01
  5.3898305085E-07  3.0000000000E-01
  5.4915254237E-07  3.0000000000E-01
  5.5932203390E-07  3.0000000000E-01
  5.6949152542E-07  3.0000000000E-01
  5.7966101695E-07  3.0000000000E-01
  5.8983050847E-07  3.0000000000E-01
  6.0000000000E-07  3.0000000000E-01
 BLOCKEND
 $ X-AXIS = DISTANCE      Y-AXIS = W(C)
 BLOCK X=C1; Y=C2;       GOC=C3,WAD;
  0.0000000000E+00  3.0000000000E-01 M
  1.0169491525E-08  3.0000000000E-01
  2.0338983051E-08  3.0000000000E-01
  3.0508474576E-08  3.0000000000E-01
  4.0677966102E-08  3.0000000000E-01
  5.0847457627E-08  3.0000000000E-01
  6.1016949153E-08  3.0000000000E-01
  7.1186440678E-08  3.0000000000E-01
  8.1355932203E-08  3.0000000000E-01
  9.1525423729E-08  3.0000000000E-01
  1.0169491525E-07  3.0000000000E-01
  1.1186440678E-07  3.0000000000E-01
  1.2203389831E-07  3.0000000000E-01
  1.3220338983E-07  3.0000000000E-01
  1.4237288136E-07  3.0000000000E-01
  1.5254237288E-07  3.0000000000E-01
  1.6271186441E-07  3.0000000000E-01
  1.7288135593E-07  3.0000000000E-01
  1.8305084746E-07  3.0000000000E-01
  1.9322033898E-07  3.0000000000E-01
  2.0338983051E-07  3.0000000000E-01
  2.1355932203E-07  3.0000000000E-01
  2.2372881356E-07  3.0000000000E-01
  2.3389830508E-07  3.0000000000E-01
  2.4406779661E-07  3.0000000000E-01
  2.5423728814E-07  3.0000000000E-01
  2.6440677966E-07  3.0000000000E-01
  2.7457627119E-07  3.0000000000E-01
  2.8474576271E-07  3.0000000000E-01
  2.9491525424E-07  3.0000000000E-01
  3.0508474576E-07  3.0000000000E-01
  3.1525423729E-07  3.0000000000E-01
  3.2542372881E-07  3.0000000000E-01
  3.3559322034E-07  3.0000000000E-01
  3.4576271186E-07  3.0000000000E-01
  3.5593220339E-07  3.0000000000E-01
  3.6610169492E-07  3.0000000000E-01
  3.7627118644E-07  3.0000000000E-01
  3.8644067797E-07  3.0000000000E-01
  3.9661016949E-07  3.0000000000E-01
  4.0677966102E-07  2.9999999999E-01
  4.1694915254E-07  2.9999999991E-01
  4.2711864407E-07  2.9999999971E-01
  4.3728813559E-07  2.9999999830E-01
  4.4745762712E-07  2.9999999405E-01
  4.5762711864E-07  2.9999996835E-01
  4.6779661017E-07  2.9999988452E-01
  4.7796610169E-07  2.9999942661E-01
  4.8813559322E-07  2.9999788644E-01
  4.9830508475E-07  2.9999015186E-01
  5.0847457627E-07  2.9996453910E-01
  5.1864406780E-07  2.9984678796E-01
  5.2881355932E-07  2.9949162553E-01
  5.3898305085E-07  2.9806274243E-01
  5.4915254237E-07  2.9485279874E-01
  5.5932203390E-07  2.8541370306E-01
  5.6949152542E-07  2.6078152549E-01
  5.7966101695E-07  2.0792589555E-01
  5.8983050847E-07  1.2088064287E-01
  6.0000000000E-07  9.3132878831E-03
 BLOCKEND
 $ X-AXIS = DISTANCE      Y-AXIS = W(C)
 BLOCK X=C1; Y=C2;       GOC=C3,WAD;
  0.0000000000E+00  2.9999999994E-01 M
  1.0169491525E-08  2.9999999993E-01
  2.0338983051E-08  2.9999999990E-01
  3.0508474576E-08  2.9999999986E-01
  4.0677966102E-08  2.9999999977E-01
  5.0847457627E-08  2.9999999964E-01
  6.1016949153E-08  2.9999999942E-01
  7.1186440678E-08  2.9999999907E-01
  8.1355932203E-08  2.9999999851E-01
  9.1525423729E-08  2.9999999760E-01
  1.0169491525E-07  2.9999999615E-01
  1.1186440678E-07  2.9999999383E-01
  1.2203389831E-07  2.9999999011E-01
  1.3220338983E-07  2.9999998416E-01
  1.4237288136E-07  2.9999997467E-01
  1.5254237288E-07  2.9999995956E-01
  1.6271186441E-07  2.9999993551E-01
  1.7288135593E-07  2.9999989732E-01
  1.8305084746E-07  2.9999983677E-01
  1.9322033898E-07  2.9999974096E-01
  2.0338983051E-07  2.9999958968E-01
  2.1355932203E-07  2.9999935135E-01
  2.2372881356E-07  2.9999897680E-01
  2.3389830508E-07  2.9999838974E-01
  2.4406779661E-07  2.9999747226E-01
  2.5423728814E-07  2.9999604290E-01
  2.6440677966E-07  2.9999382368E-01
  2.7457627119E-07  2.9999039103E-01
  2.8474576271E-07  2.9998510308E-01
  2.9491525424E-07  2.9997699336E-01
  3.0508474576E-07  2.9996461655E-01
  3.1525423729E-07  2.9994582761E-01
  3.2542372881E-07  2.9991746938E-01
  3.3559322034E-07  2.9987493713E-01
  3.4576271186E-07  2.9981158142E-01
  3.5593220339E-07  2.9971790185E-01
  3.6610169492E-07  2.9958047837E-01
  3.7627118644E-07  2.9938057832E-01
  3.8644067797E-07  2.9909236583E-01
  3.9661016949E-07  2.9868062442E-01
  4.0677966102E-07  2.9809786727E-01
  4.1694915254E-07  2.9728064842E-01
  4.2711864407E-07  2.9614480597E-01
  4.3728813559E-07  2.9457931208E-01
  4.4745762712E-07  2.9243854650E-01
  4.5762711864E-07  2.8953340083E-01
  4.6779661017E-07  2.8562309301E-01
  4.7796610169E-07  2.8041136932E-01
  4.8813559322E-07  2.7355254668E-01
  4.9830508475E-07  2.6466507213E-01
  5.0847457627E-07  2.5335438325E-01
  5.1864406780E-07  2.3920382400E-01
  5.2881355932E-07  2.2194613406E-01
  5.3898305085E-07  2.0124066626E-01
  5.4915254237E-07  1.7712347760E-01
  5.5932203390E-07  1.4951724521E-01
  5.6949152542E-07  1.1886147901E-01
  5.7966101695E-07  8.5460794342E-02
  5.8983050847E-07  4.9968866157E-02
  6.0000000000E-07  1.3474855516E-02
 BLOCKEND
 $ X-AXIS = DISTANCE      Y-AXIS = W(C)
 BLOCK X=C1; Y=C2;       GOC=C3,WAD;
  0.0000000000E+00  2.9641637242E-01 M
  1.0169491525E-08  2.9638906144E-01
  2.0338983051E-08  2.9630687110E-01
  3.0508474576E-08  2.9616902901E-01
  4.0677966102E-08  2.9597424777E-01
  5.0847457627E-08  2.9572072311E-01
  6.1016949153E-08  2.9540613585E-01
  7.1186440678E-08  2.9502765350E-01
  8.1355932203E-08  2.9458192790E-01
  9.1525423729E-08  2.9406509538E-01
  1.0169491525E-07  2.9347277728E-01
  1.1186440678E-07  2.9280007980E-01
  1.2203389831E-07  2.9204159394E-01
  1.3220338983E-07  2.9119139636E-01
  1.4237288136E-07  2.9024305035E-01
  1.5254237288E-07  2.8918960738E-01
  1.6271186441E-07  2.8802360946E-01
  1.7288135593E-07  2.8673709467E-01
  1.8305084746E-07  2.8532160523E-01
  1.9322033898E-07  2.8376819801E-01
  2.0338983051E-07  2.8206746106E-01
  2.1355932203E-07  2.8020953630E-01
  2.2372881356E-07  2.7818415007E-01
  2.3389830508E-07  2.7598065244E-01
  2.4406779661E-07  2.7358806609E-01
  2.5423728814E-07  2.7099514537E-01
  2.6440677966E-07  2.6819044498E-01
  2.7457627119E-07  2.6516239756E-01
  2.8474576271E-07  2.6189939831E-01
  2.9491525424E-07  2.5838989511E-01
  3.0508474576E-07  2.5462248329E-01
  3.1525423729E-07  2.5058600523E-01
  3.2542372881E-07  2.4626965660E-01
  3.3559322034E-07  2.4166310287E-01
  3.4576271186E-07  2.3675661108E-01
  3.5593220339E-07  2.3154119937E-01
  3.6610169492E-07  2.2600880062E-01
  3.7627118644E-07  2.2015242773E-01
  3.8644067797E-07  2.1396631920E-01
  3.9661016949E-07  2.0744604344E-01
  4.0677966102E-07  2.0058855977E-01
  4.1694915254E-07  1.9339227380E-01
  4.2711864407E-07  1.8585716552E-01
  4.3728813559E-07  1.7798505336E-01
  4.4745762712E-07  1.6977992121E-01
  4.5762711864E-07  1.6124798547E-01
  4.6779661017E-07  1.5239722789E-01
  4.7796610169E-07  1.4323661120E-01
  4.8813559322E-07  1.3377747489E-01
  4.9830508475E-07  1.2403473839E-01
  5.0847457627E-07  1.1403112006E-01
  5.1864406780E-07  1.0375558192E-01
  5.2881355932E-07  9.3286576054E-02
  5.3898305085E-07  8.2551942328E-02
  5.4915254237E-07  7.1694674966E-02
  5.5932203390E-07  6.0606017547E-02
  5.6949152542E-07  4.9472617557E-02
  5.7966101695E-07  3.8197686713E-02
  5.8983050847E-07  2.6784992440E-02
  6.0000000000E-07  1.5438394188E-02
 BLOCKEND
 $ X-AXIS = DISTANCE      Y-AXIS = W(C)
 BLOCK X=C1; Y=C2;       GOC=C3,WAD;
  0.0000000000E+00  2.4387111671E-01 M
  1.0169491525E-08  2.4380013610E-01
  2.0338983051E-08  2.4358718510E-01
  3.0508474576E-08  2.4323223798E-01
  4.0677966102E-08  2.4273525416E-01
  5.0847457627E-08  2.4209617919E-01
  6.1016949153E-08  2.4131494703E-01
  7.1186440678E-08  2.4039148311E-01
  8.1355932203E-08  2.3932570823E-01
  9.1525423729E-08  2.3811754305E-01
  1.0169491525E-07  2.3676691328E-01
  1.1186440678E-07  2.3527375547E-01
  1.2203389831E-07  2.3363802331E-01
  1.3220338983E-07  2.3185969438E-01
  1.4237288136E-07  2.2993877706E-01
  1.5254237288E-07  2.2787531775E-01
  1.6271186441E-07  2.2566940786E-01
  1.7288135593E-07  2.2332119054E-01
  1.8305084746E-07  2.2083086734E-01
  1.9322033898E-07  2.1819870477E-01
  2.0338983051E-07  2.1542504091E-01
  2.1355932203E-07  2.1251029224E-01
  2.2372881356E-07  2.0945496124E-01
  2.3389830508E-07  2.0625964500E-01
  2.4406779661E-07  2.0292504482E-01
  2.5423728814E-07  1.9945197704E-01
  2.6440677966E-07  1.9584138457E-01
  2.7457627119E-07  1.9209434821E-01
  2.8474576271E-07  1.8821209646E-01
  2.9491525424E-07  1.8419601214E-01
  3.0508474576E-07  1.8004763531E-01
  3.1525423729E-07  1.7576866239E-01
  3.2542372881E-07  1.7136094314E-01
  3.3559322034E-07  1.6682647898E-01
  3.4576271186E-07  1.6216742813E-01
  3.5593220339E-07  1.5738612146E-01
  3.6610169492E-07  1.5248508848E-01
  3.7627118644E-07  1.4746708494E-01
  3.8644067797E-07  1.4233510470E-01
  3.9661016949E-07  1.3709235679E-01
  4.0677966102E-07  1.3174220442E-01
  4.1694915254E-07  1.2628809959E-01
  4.2711864407E-07  1.2073358863E-01
  4.3728813559E-07  1.1508245668E-01
  4.4745762712E-07  1.0933895487E-01
  4.5762711864E-07  1.0350780629E-01
  4.6779661017E-07  9.7593711638E-02
  4.7796610169E-07  9.1600523934E-02
  4.8813559322E-07  8.5532564501E-02
  4.9830508475E-07  7.9395792135E-02
  5.0847457627E-07  7.3202247166E-02
  5.1864406780E-07  6.6928285571E-02
  5.2881355932E-07  6.0637629930E-02
  5.3898305085E-07  5.4242171329E-02
  5.4915254237E-07  4.7865905475E-02
  5.5932203390E-07  4.1380794218E-02
  5.6949152542E-07  3.4951288294E-02
  5.7966101695E-07  2.8460925571E-02
  5.8983050847E-07  2.1891064604E-02
  6.0000000000E-07  1.5419436917E-02
 BLOCKEND
 $ X-AXIS = DISTANCE      Y-AXIS = W(C)
 BLOCK X=C1; Y=C2;       GOC=C3,WAD;
  0.0000000000E+00  9.7235448616E-02 M
  1.0169491525E-08  9.7206152108E-02
  2.0338983051E-08  9.7118281208E-02
  3.0508474576E-08  9.6971891987E-02
  4.0677966102E-08  9.6767078060E-02
  5.0847457627E-08  9.6503970419E-02
  6.1016949153E-08  9.6182737300E-02
  7.1186440678E-08  9.5803584095E-02
  8.1355932203E-08  9.5366753440E-02
  9.1525423729E-08  9.4872525346E-02
  1.0169491525E-07  9.4321217352E-02
  1.1186440678E-07  9.3713184801E-02
  1.2203389831E-07  9.3048821163E-02
  1.3220338983E-07  9.2328558276E-02
  1.4237288136E-07  9.1552866517E-02
  1.5254237288E-07  9.0722254808E-02
  1.6271186441E-07  8.9837270219E-02
  1.7288135593E-07  8.8898497050E-02
  1.8305084746E-07  8.7906555573E-02
  1.9322033898E-07  8.6862100542E-02
  2.0338983051E-07  8.5765819453E-02
  2.1355932203E-07  8.4618430903E-02
  2.2372881356E-07  8.3420683495E-02
  2.3389830508E-07  8.2173355509E-02
  2.4406779661E-07  8.0877255572E-02
  2.5423728814E-07  7.9533224494E-02
  2.6440677966E-07  7.8142137909E-02
  2.7457627119E-07  7.6704909085E-02
  2.8474576271E-07  7.5222490580E-02
  2.9491525424E-07  7.3695873381E-02
  3.0508474576E-07  7.2126082808E-02
  3.1525423729E-07  7.0514171239E-02
  3.2542372881E-07  6.8861208915E-02
  3.3559322034E-07  6.7168276240E-02
  3.4576271186E-07  6.5436462756E-02
  3.5593220339E-07  6.3666876979E-02
  3.6610169492E-07  6.1860666819E-02
  3.7627118644E-07  6.0019042731E-02
  3.8644067797E-07  5.8143287101E-02
  3.9661016949E-07  5.6234730688E-02
  4.0677966102E-07  5.4294692188E-02
  4.1694915254E-07  5.2324412771E-02
  4.2711864407E-07  5.0325059681E-02
  4.3728813559E-07  4.8297867891E-02
  4.4745762712E-07  4.6244368097E-02
  4.5762711864E-07  4.4166401284E-02
  4.6779661017E-07  4.2065638134E-02
  4.7796610169E-07  3.9942757323E-02
  4.8813559322E-07  3.7798756410E-02
  4.9830508475E-07  3.5636122401E-02
  5.0847457627E-07  3.3463376045E-02
  5.1864406780E-07  3.1253081696E-02
  5.2881355932E-07  2.9065227389E-02
  5.3898305085E-07  2.6807594915E-02
  5.4915254237E-07  2.4600020478E-02
  5.5932203390E-07  2.2310039771E-02
  5.6949152542E-07  2.0097571144E-02
  5.7966101695E-07  1.7842342224E-02
  5.8983050847E-07  1.5521395511E-02
  6.0000000000E-07  1.3307121274E-02
 BLOCKEND
 $ X-AXIS = DISTANCE      Y-AXIS = W(C)
 BLOCK X=C1; Y=C2;       GOC=C3,WAD;
  0.0000000000E+00  7.2211357168E-03 M
  1.0169491525E-08  7.2207168072E-03
  2.0338983051E-08  7.2194598333E-03
  3.0508474576E-08  7.2173640276E-03
  4.0677966102E-08  7.2144280762E-03
  5.0847457627E-08  7.2106501146E-03
  6.1016949153E-08  7.2060276461E-03
  7.1186440678E-08  7.2005575003E-03
  8.1355932203E-08  7.1942359758E-03
  9.1525423729E-08  7.1870590518E-03
  1.0169491525E-07  7.1790226272E-03
  1.1186440678E-07  7.1701229101E-03
  1.2203389831E-07  7.1603568755E-03
  1.3220338983E-07  7.1497226705E-03
  1.4237288136E-07  7.1382199864E-03
  1.5254237288E-07  7.1258502990E-03
  1.6271186441E-07  7.1126167484E-03
  1.7288135593E-07  7.0985235291E-03
  1.8305084746E-07  7.0835749754E-03
  1.9322033898E-07  7.0677744285E-03
  2.0338983051E-07  7.0511228703E-03
  2.1355932203E-07  7.0336176441E-03
  2.2372881356E-07  7.0152517145E-03
  2.3389830508E-07  6.9960136649E-03
  2.4406779661E-07  6.9758886850E-03
  2.5423728814E-07  6.9548607150E-03
  2.6440677966E-07  6.9329154140E-03
  2.7457627119E-07  6.9100433439E-03
  2.8474576271E-07  6.8862420717E-03
  2.9491525424E-07  6.8615158325E-03
  3.0508474576E-07  6.8358720417E-03
  3.1525423729E-07  6.8093146528E-03
  3.2542372881E-07  6.7818355775E-03
  3.3559322034E-07  6.7534075153E-03
  3.4576271186E-07  6.7239833174E-03
  3.5593220339E-07  6.6935061225E-03
  3.6610169492E-07  6.6619300769E-03
  3.7627118644E-07  6.6292439496E-03
  3.8644067797E-07  6.5954812916E-03
  3.9661016949E-07  6.5606979178E-03
  4.0677966102E-07  6.5249125397E-03
  4.1694915254E-07  6.4880419988E-03
  4.2711864407E-07  6.4499050167E-03
  4.3728813559E-07  6.4103639233E-03
  4.4745762712E-07  6.3695537353E-03
  4.5762711864E-07  6.3278992718E-03
  4.6779661017E-07  6.2856371924E-03
  4.7796610169E-07  6.2419930640E-03
  4.8813559322E-07  6.1964938265E-03
  4.9830508475E-07  6.1501404305E-03
  5.0847457627E-07  6.1099918894E-03
  5.1864406780E-07  6.0470160427E-03
  5.2881355932E-07  6.0198248511E-03
  5.3898305085E-07  5.9344370025E-03
  5.4915254237E-07  5.9093199616E-03
  5.5932203390E-07  5.8101431040E-03
  5.6949152542E-07  5.7954041344E-03
  5.7966101695E-07  5.7432242963E-03
  5.8983050847E-07  5.6290570352E-03
  6.0000000000E-07  5.6236072995E-03
 BLOCKEND
 $ X-AXIS = DISTANCE      Y-AXIS = W(C)
 BLOCK X=C1; Y=C2;       GOC=C3,WAD;
  0.0000000000E+00  1.7994977054E-03 M
  1.0169491525E-08  1.7995619234E-03
  2.0338983051E-08  1.7997543076E-03
  3.0508474576E-08  1.8000740154E-03
  4.0677966102E-08  1.8005196049E-03
  5.0847457627E-08  1.8010890234E-03
  6.1016949153E-08  1.8017795186E-03
  7.1186440678E-08  1.8025875860E-03
  8.1355932203E-08  1.8035090998E-03
  9.1525423729E-08  1.8045395064E-03
  1.0169491525E-07  1.8056740461E-03
  1.1186440678E-07  1.8069081258E-03
  1.2203389831E-07  1.8082377585E-03
  1.3220338983E-07  1.8096599530E-03
  1.4237288136E-07  1.8111730717E-03
  1.5254237288E-07  1.8127770628E-03
  1.6271186441E-07  1.8144733347E-03
  1.7288135593E-07  1.8162641458E-03
  1.8305084746E-07  1.8181516911E-03
  1.9322033898E-07  1.8201369699E-03
  2.0338983051E-07  1.8222184169E-03
  2.1355932203E-07  1.8243906102E-03
  2.2372881356E-07  1.8266435077E-03
  2.3389830508E-07  1.8289624078E-03
  2.4406779661E-07  1.8313288842E-03
  2.5423728814E-07  1.8337228685E-03
  2.6440677966E-07  1.8361255525E-03
  2.7457627119E-07  1.8385225102E-03
  2.8474576271E-07  1.8409057522E-03
  2.9491525424E-07  1.8432733575E-03
  3.0508474576E-07  1.8456259724E-03
  3.1525423729E-07  1.8479601589E-03
  3.2542372881E-07  1.8502597916E-03
  3.3559322034E-07  1.8524888243E-03
  3.4576271186E-07  1.8545905370E-03
  3.5593220339E-07  1.8564975010E-03
  3.6610169492E-07  1.8581521080E-03
  3.7627118644E-07  1.8595300311E-03
  3.8644067797E-07  1.8606503210E-03
  3.9661016949E-07  1.8615529292E-03
  4.0677966102E-07  1.8622394068E-03
  4.1694915254E-07  1.8626080783E-03
  4.2711864407E-07  1.8624574831E-03
  4.3728813559E-07  1.8616276368E-03
  4.4745762712E-07  1.8602288784E-03
  4.5762711864E-07  1.8586593769E-03
  4.6779661017E-07  1.8571279207E-03
  4.7796610169E-07  1.8548307437E-03
  4.8813559322E-07  1.8512629541E-03
  4.9830508475E-07  1.8473908979E-03
  5.0847457627E-07  1.8502445452E-03
  5.1864406780E-07  1.8307432723E-03
  5.2881355932E-07  1.8474770661E-03
  5.3898305085E-07  1.8063880396E-03
  5.4915254237E-07  1.8259178552E-03
  5.5932203390E-07  1.7716244705E-03
  5.6949152542E-07  1.8019797692E-03
  5.7966101695E-07  1.7950436850E-03
  5.8983050847E-07  1.7261961622E-03
  6.0000000000E-07  1.7660799340E-03
 BLOCKEND
 $ X-AXIS = DISTANCE      Y-AXIS = W(C)
 BLOCK X=C1; Y=C2;       GOC=C3,WAD;
  0.0000000000E+00  1.4661186854E-03 M
  1.0169491525E-08  1.4661857129E-03
  2.0338983051E-08  1.4663865457E-03
  3.0508474576E-08  1.4667204016E-03
  4.0677966102E-08  1.4671859384E-03
  5.0847457627E-08  1.4677812430E-03
  6.1016949153E-08  1.4685037414E-03
  7.1186440678E-08  1.4693501454E-03
  8.1355932203E-08  1.4703165823E-03
  9.1525423729E-08  1.4713987878E-03
  1.0169491525E-07  1.4725923257E-03
  1.1186440678E-07  1.4738929595E-03
  1.2203389831E-07  1.4752970911E-03
  1.3220338983E-07  1.4768021482E-03
  1.4237288136E-07  1.4784069425E-03
  1.5254237288E-07  1.4801119011E-03
  1.6271186441E-07  1.4819189408E-03
  1.7288135593E-07  1.4838308584E-03
  1.8305084746E-07  1.4858504179E-03
  1.9322033898E-07  1.4879792190E-03
  2.0338983051E-07  1.4902163283E-03
  2.1355932203E-07  1.4925569871E-03
  2.2372881356E-07  1.4949918459E-03
  2.3389830508E-07  1.4975069221E-03
  2.4406779661E-07  1.5000845307E-03
  2.5423728814E-07  1.5027053620E-03
  2.6440677966E-07  1.5053513773E-03
  2.7457627119E-07  1.5080089268E-03
  2.8474576271E-07  1.5106707990E-03
  2.9491525424E-07  1.5133358507E-03
  3.0508474576E-07  1.5160055049E-03
  3.1525423729E-07  1.5186770989E-03
  3.2542372881E-07  1.5213352795E-03
  3.3559322034E-07  1.5239447639E-03
  3.4576271186E-07  1.5264495765E-03
  3.5593220339E-07  1.5287829970E-03
  3.6610169492E-07  1.5308880723E-03
  3.7627118644E-07  1.5327410615E-03
  3.8644067797E-07  1.5343615261E-03
  3.9661016949E-07  1.5357898574E-03
  4.0677966102E-07  1.5370279807E-03
  4.1694915254E-07  1.5379745243E-03
  4.2711864407E-07  1.5384282306E-03
  4.3728813559E-07  1.5382291696E-03
  4.4745762712E-07  1.5374875601E-03
  4.5762711864E-07  1.5366013109E-03
  4.6779661017E-07  1.5357788851E-03
  4.7796610169E-07  1.5342161109E-03
  4.8813559322E-07  1.5314074926E-03
  4.9830508475E-07  1.5283185321E-03
  5.0847457627E-07  1.5319788421E-03
  5.1864406780E-07  1.5133060582E-03
  5.2881355932E-07  1.5308899725E-03
  5.3898305085E-07  1.4906690254E-03
  5.4915254237E-07  1.5110838072E-03
  5.5932203390E-07  1.4576856697E-03
  5.6949152542E-07  1.4889451774E-03
  5.7966101695E-07  1.4829201321E-03
  5.8983050847E-07  1.4149862559E-03
  6.0000000000E-07  1.4557816470E-03
 BLOCKEND
