 PROLOGUE 1
 XSCALE        0.00000          0.100000E-05
 YSCALE       0.215070E-08       2.28855    
 XTEXT DISTANCE
 YTEXT WEIGHT-PERCENT C
 XTYPE LINEAR
 YTYPE LINEAR
 XLENGTH        11.5000    
 YLENGTH        11.5000    
 TITLE   
 DATASET 1
 CLIP OFF
    0.00000    1.12000 NAM' TIME = 0,1E-04,.001,.01,.03,.1,.5,10,20
 1.05 1.05 MNA' CELL #   2
 CLIP ON
 $ X-AXIS = DISTANCE      Y-AXIS = W(C)
 BLOCK X=C1; Y=C2;       GOC=C3,WAD;
  0.0000000000E+00  3.0000000000E-01 M
  1.0101010101E-08  3.0000000000E-01
  2.0202020202E-08  3.0000000000E-01
  3.0303030303E-08  3.0000000000E-01
  4.0404040404E-08  3.0000000000E-01
  5.0505050505E-08  3.0000000000E-01
  6.0606060606E-08  3.0000000000E-01
  7.0707070707E-08  3.0000000000E-01
  8.0808080808E-08  3.0000000000E-01
  9.0909090909E-08  3.0000000000E-01
  1.0101010101E-07  3.0000000000E-01
  1.1111111111E-07  3.0000000000E-01
  1.2121212121E-07  3.0000000000E-01
  1.3131313131E-07  3.0000000000E-01
  1.4141414141E-07  3.0000000000E-01
  1.5151515152E-07  3.0000000000E-01
  1.6161616162E-07  3.0000000000E-01
  1.7171717172E-07  3.0000000000E-01
  1.8181818182E-07  3.0000000000E-01
  1.9191919192E-07  3.0000000000E-01
  2.0202020202E-07  3.0000000000E-01
  2.1212121212E-07  3.0000000000E-01
  2.2222222222E-07  3.0000000000E-01
  2.3232323232E-07  3.0000000000E-01
  2.4242424242E-07  3.0000000000E-01
  2.5252525253E-07  3.0000000000E-01
  2.6262626263E-07  3.0000000000E-01
  2.7272727273E-07  3.0000000000E-01
  2.8282828283E-07  3.0000000000E-01
  2.9292929293E-07  3.0000000000E-01
  3.0303030303E-07  3.0000000000E-01
  3.1313131313E-07  3.0000000000E-01
  3.2323232323E-07  3.0000000000E-01
  3.3333333333E-07  3.0000000000E-01
  3.4343434343E-07  3.0000000000E-01
  3.5353535354E-07  3.0000000000E-01
  3.6363636364E-07  3.0000000000E-01
  3.7373737374E-07  3.0000000000E-01
  3.8383838384E-07  3.0000000000E-01
  3.9393939394E-07  3.0000000000E-01
  4.0404040404E-07  3.0000000000E-01
  4.1414141414E-07  3.0000000000E-01
  4.2424242424E-07  3.0000000000E-01
  4.3434343434E-07  3.0000000000E-01
  4.4444444444E-07  3.0000000000E-01
  4.5454545455E-07  3.0000000000E-01
  4.6464646465E-07  3.0000000000E-01
  4.7474747475E-07  3.0000000000E-01
  4.8484848485E-07  3.0000000000E-01
  4.9494949495E-07  3.0000000000E-01
  5.0505050505E-07  3.0000000000E-01
  5.1515151515E-07  3.0000000000E-01
  5.2525252525E-07  3.0000000000E-01
  5.3535353535E-07  3.0000000000E-01
  5.4545454545E-07  3.0000000000E-01
  5.5555555556E-07  3.0000000000E-01
  5.6565656566E-07  3.0000000000E-01
  5.7575757576E-07  3.0000000000E-01
  5.8585858586E-07  3.0000000000E-01
  5.9595959596E-07  3.0000000000E-01
  6.0606060606E-07  3.0000000000E-01
  6.1616161616E-07  3.0000000000E-01
  6.2626262626E-07  3.0000000000E-01
  6.3636363636E-07  3.0000000000E-01
  6.4646464646E-07  3.0000000000E-01
  6.5656565657E-07  3.0000000000E-01
  6.6666666667E-07  3.0000000000E-01
  6.7676767677E-07  3.0000000000E-01
  6.8686868687E-07  3.0000000000E-01
  6.9696969697E-07  3.0000000000E-01
  7.0707070707E-07  3.0000000000E-01
  7.1717171717E-07  3.0000000000E-01
  7.2727272727E-07  3.0000000000E-01
  7.3737373737E-07  3.0000000000E-01
  7.4747474747E-07  3.0000000000E-01
  7.5757575758E-07  3.0000000000E-01
  7.6767676768E-07  3.0000000000E-01
  7.7777777778E-07  3.0000000000E-01
  7.8787878788E-07  3.0000000000E-01
  7.9797979798E-07  3.0000000000E-01
  8.0808080808E-07  3.0000000000E-01
  8.1818181818E-07  3.0000000000E-01
  8.2828282828E-07  3.0000000000E-01
  8.3838383838E-07  3.0000000000E-01
  8.4848484848E-07  3.0000000000E-01
  8.5858585859E-07  3.0000000000E-01
  8.6868686869E-07  3.0000000000E-01
  8.7878787879E-07  3.0000000000E-01
  8.8888888889E-07  3.0000000000E-01
  8.9898989899E-07  3.0000000000E-01
  9.0909090909E-07  3.0000000000E-01
  9.1919191919E-07  3.0000000000E-01
  9.2929292929E-07  3.0000000000E-01
  9.3939393939E-07  3.0000000000E-01
  9.4949494949E-07  3.0000000000E-01
  9.5959595960E-07  3.0000000000E-01
  9.6969696970E-07  3.0000000000E-01
  9.7979797980E-07  3.0000000000E-01
  9.8989898990E-07  3.0000000000E-01
  1.0000000000E-06  3.0000000000E-01
 BLOCKEND
 $ X-AXIS = DISTANCE      Y-AXIS = W(C)
 BLOCK X=C1; Y=C2;       GOC=C3,WAD;
  0.0000000000E+00  3.0000000000E-01 M
  1.0101010101E-08  3.0000000000E-01
  2.0202020202E-08  3.0000000000E-01
  3.0303030303E-08  3.0000000000E-01
  4.0404040404E-08  3.0000000000E-01
  5.0505050505E-08  3.0000000000E-01
  6.0606060606E-08  3.0000000000E-01
  7.0707070707E-08  3.0000000000E-01
  8.0808080808E-08  3.0000000000E-01
  9.0909090909E-08  3.0000000000E-01
  1.0101010101E-07  3.0000000000E-01
  1.1111111111E-07  3.0000000000E-01
  1.2121212121E-07  3.0000000000E-01
  1.3131313131E-07  3.0000000000E-01
  1.4141414141E-07  3.0000000000E-01
  1.5151515152E-07  3.0000000000E-01
  1.6161616162E-07  3.0000000000E-01
  1.7171717172E-07  3.0000000000E-01
  1.8181818182E-07  3.0000000000E-01
  1.9191919192E-07  3.0000000000E-01
  2.0202020202E-07  3.0000000000E-01
  2.1212121212E-07  3.0000000000E-01
  2.2222222222E-07  3.0000000000E-01
  2.3232323232E-07  3.0000000000E-01
  2.4242424242E-07  3.0000000000E-01
  2.5252525253E-07  3.0000000000E-01
  2.6262626263E-07  3.0000000000E-01
  2.7272727273E-07  3.0000000000E-01
  2.8282828283E-07  3.0000000000E-01
  2.9292929293E-07  3.0000000000E-01
  3.0303030303E-07  3.0000000000E-01
  3.1313131313E-07  3.0000000000E-01
  3.2323232323E-07  3.0000000000E-01
  3.3333333333E-07  3.0000000000E-01
  3.4343434343E-07  3.0000000000E-01
  3.5353535354E-07  3.0000000000E-01
  3.6363636364E-07  3.0000000000E-01
  3.7373737374E-07  3.0000000000E-01
  3.8383838384E-07  3.0000000000E-01
  3.9393939394E-07  3.0000000000E-01
  4.0404040404E-07  3.0000000000E-01
  4.1414141414E-07  3.0000000000E-01
  4.2424242424E-07  3.0000000000E-01
  4.3434343434E-07  3.0000000000E-01
  4.4444444444E-07  3.0000000000E-01
  4.5454545455E-07  3.0000000000E-01
  4.6464646465E-07  3.0000000000E-01
  4.7474747475E-07  3.0000000000E-01
  4.8484848485E-07  3.0000000000E-01
  4.9494949495E-07  3.0000000000E-01
  5.0505050505E-07  3.0000000000E-01
  5.1515151515E-07  3.0000000000E-01
  5.2525252525E-07  3.0000000000E-01
  5.3535353535E-07  3.0000000000E-01
  5.4545454545E-07  3.0000000000E-01
  5.5555555556E-07  3.0000000000E-01
  5.6565656566E-07  3.0000000000E-01
  5.7575757576E-07  3.0000000000E-01
  5.8585858586E-07  3.0000000000E-01
  5.9595959596E-07  3.0000000000E-01
  6.0606060606E-07  3.0000000000E-01
  6.1616161616E-07  3.0000000000E-01
  6.2626262626E-07  3.0000000000E-01
  6.3636363636E-07  3.0000000000E-01
  6.4646464646E-07  3.0000000000E-01
  6.5656565657E-07  3.0000000000E-01
  6.6666666667E-07  3.0000000000E-01
  6.7676767677E-07  3.0000000000E-01
  6.8686868687E-07  3.0000000000E-01
  6.9696969697E-07  3.0000000000E-01
  7.0707070707E-07  3.0000000000E-01
  7.1717171717E-07  3.0000000000E-01
  7.2727272727E-07  3.0000000000E-01
  7.3737373737E-07  3.0000000000E-01
  7.4747474747E-07  3.0000000000E-01
  7.5757575758E-07  3.0000000000E-01
  7.6767676768E-07  3.0000000000E-01
  7.7777777778E-07  3.0000000000E-01
  7.8787878788E-07  3.0000000000E-01
  7.9797979798E-07  3.0000000000E-01
  8.0808080808E-07  2.9999999999E-01
  8.1818181818E-07  3.0000000003E-01
  8.2828282828E-07  2.9999999986E-01
  8.3838383838E-07  3.0000000053E-01
  8.4848484848E-07  2.9999999794E-01
  8.5858585859E-07  3.0000000800E-01
  8.6868686869E-07  2.9999996892E-01
  8.7878787879E-07  3.0000012061E-01
  8.8888888889E-07  2.9999953224E-01
  8.9898989899E-07  3.0000181322E-01
  9.0909090909E-07  2.9999297494E-01
  9.1919191919E-07  3.0002720426E-01
  9.2929292929E-07  2.9989470175E-01
  9.3939393939E-07  3.0040738326E-01
  9.4949494949E-07  2.9842450481E-01
  9.5959595960E-07  3.0608930713E-01
  9.6969696970E-07  2.7645732718E-01
  9.7979797980E-07  3.9075957720E-01
  9.8989898990E-07  2.1506974410E-09
  1.0000000000E-06  1.7983541580E+00
 BLOCKEND
 $ X-AXIS = DISTANCE      Y-AXIS = W(C)
 BLOCK X=C1; Y=C2;       GOC=C3,WAD;
  0.0000000000E+00  3.0000000000E-01 M
  1.0101010101E-08  3.0000000000E-01
  2.0202020202E-08  3.0000000000E-01
  3.0303030303E-08  3.0000000000E-01
  4.0404040404E-08  3.0000000000E-01
  5.0505050505E-08  3.0000000000E-01
  6.0606060606E-08  3.0000000000E-01
  7.0707070707E-08  3.0000000000E-01
  8.0808080808E-08  3.0000000000E-01
  9.0909090909E-08  3.0000000000E-01
  1.0101010101E-07  3.0000000000E-01
  1.1111111111E-07  3.0000000000E-01
  1.2121212121E-07  3.0000000000E-01
  1.3131313131E-07  3.0000000000E-01
  1.4141414141E-07  3.0000000000E-01
  1.5151515152E-07  3.0000000000E-01
  1.6161616162E-07  3.0000000000E-01
  1.7171717172E-07  3.0000000000E-01
  1.8181818182E-07  3.0000000000E-01
  1.9191919192E-07  3.0000000000E-01
  2.0202020202E-07  3.0000000000E-01
  2.1212121212E-07  3.0000000000E-01
  2.2222222222E-07  3.0000000000E-01
  2.3232323232E-07  3.0000000000E-01
  2.4242424242E-07  3.0000000000E-01
  2.5252525253E-07  3.0000000000E-01
  2.6262626263E-07  3.0000000000E-01
  2.7272727273E-07  3.0000000000E-01
  2.8282828283E-07  3.0000000000E-01
  2.9292929293E-07  3.0000000000E-01
  3.0303030303E-07  3.0000000000E-01
  3.1313131313E-07  3.0000000000E-01
  3.2323232323E-07  3.0000000000E-01
  3.3333333333E-07  3.0000000000E-01
  3.4343434343E-07  3.0000000000E-01
  3.5353535354E-07  3.0000000000E-01
  3.6363636364E-07  3.0000000000E-01
  3.7373737374E-07  3.0000000000E-01
  3.8383838384E-07  3.0000000000E-01
  3.9393939394E-07  3.0000000000E-01
  4.0404040404E-07  3.0000000000E-01
  4.1414141414E-07  3.0000000000E-01
  4.2424242424E-07  3.0000000000E-01
  4.3434343434E-07  3.0000000000E-01
  4.4444444444E-07  3.0000000000E-01
  4.5454545455E-07  3.0000000000E-01
  4.6464646465E-07  3.0000000000E-01
  4.7474747475E-07  3.0000000000E-01
  4.8484848485E-07  3.0000000000E-01
  4.9494949495E-07  3.0000000000E-01
  5.0505050505E-07  3.0000000000E-01
  5.1515151515E-07  3.0000000000E-01
  5.2525252525E-07  3.0000000000E-01
  5.3535353535E-07  3.0000000000E-01
  5.4545454545E-07  3.0000000000E-01
  5.5555555556E-07  3.0000000000E-01
  5.6565656566E-07  3.0000000000E-01
  5.7575757576E-07  3.0000000000E-01
  5.8585858586E-07  3.0000000000E-01
  5.9595959596E-07  3.0000000000E-01
  6.0606060606E-07  3.0000000000E-01
  6.1616161616E-07  3.0000000000E-01
  6.2626262626E-07  3.0000000000E-01
  6.3636363636E-07  3.0000000000E-01
  6.4646464646E-07  3.0000000000E-01
  6.5656565657E-07  3.0000000000E-01
  6.6666666667E-07  3.0000000000E-01
  6.7676767677E-07  3.0000000000E-01
  6.8686868687E-07  3.0000000000E-01
  6.9696969697E-07  3.0000000000E-01
  7.0707070707E-07  3.0000000000E-01
  7.1717171717E-07  3.0000000000E-01
  7.2727272727E-07  3.0000000000E-01
  7.3737373737E-07  3.0000000000E-01
  7.4747474747E-07  3.0000000000E-01
  7.5757575758E-07  3.0000000000E-01
  7.6767676768E-07  3.0000000000E-01
  7.7777777778E-07  3.0000000000E-01
  7.8787878788E-07  3.0000000000E-01
  7.9797979798E-07  3.0000000000E-01
  8.0808080808E-07  3.0000000000E-01
  8.1818181818E-07  3.0000000001E-01
  8.2828282828E-07  2.9999999997E-01
  8.3838383838E-07  3.0000000010E-01
  8.4848484848E-07  2.9999999975E-01
  8.5858585859E-07  3.0000000041E-01
  8.6868686869E-07  3.0000000067E-01
  8.7878787879E-07  2.9999998788E-01
  8.8888888889E-07  3.0000008645E-01
  8.9898989899E-07  2.9999950269E-01
  9.0909090909E-07  3.0000258793E-01
  9.1919191919E-07  2.9998730842E-01
  9.2929292929E-07  3.0005979458E-01
  9.3939393939E-07  2.9972645275E-01
  9.4949494949E-07  3.0122218675E-01
  9.5959595960E-07  2.9463652488E-01
  9.6969696970E-07  3.2302857957E-01
  9.7979797980E-07  1.9951111216E-01
  9.8989898990E-07  9.8579750070E-01
  1.0000000000E-06  2.1573210864E+00
 BLOCKEND
 $ X-AXIS = DISTANCE      Y-AXIS = W(C)
 BLOCK X=C1; Y=C2;       GOC=C3,WAD;
  0.0000000000E+00  3.0000000000E-01 M
  1.0101010101E-08  3.0000000000E-01
  2.0202020202E-08  3.0000000000E-01
  3.0303030303E-08  3.0000000000E-01
  4.0404040404E-08  3.0000000000E-01
  5.0505050505E-08  3.0000000000E-01
  6.0606060606E-08  3.0000000000E-01
  7.0707070707E-08  3.0000000000E-01
  8.0808080808E-08  3.0000000000E-01
  9.0909090909E-08  3.0000000000E-01
  1.0101010101E-07  3.0000000000E-01
  1.1111111111E-07  3.0000000000E-01
  1.2121212121E-07  3.0000000000E-01
  1.3131313131E-07  3.0000000000E-01
  1.4141414141E-07  3.0000000000E-01
  1.5151515152E-07  3.0000000000E-01
  1.6161616162E-07  3.0000000000E-01
  1.7171717172E-07  3.0000000000E-01
  1.8181818182E-07  3.0000000000E-01
  1.9191919192E-07  3.0000000000E-01
  2.0202020202E-07  3.0000000000E-01
  2.1212121212E-07  3.0000000000E-01
  2.2222222222E-07  3.0000000000E-01
  2.3232323232E-07  3.0000000000E-01
  2.4242424242E-07  3.0000000000E-01
  2.5252525253E-07  3.0000000000E-01
  2.6262626263E-07  3.0000000000E-01
  2.7272727273E-07  3.0000000000E-01
  2.8282828283E-07  3.0000000000E-01
  2.9292929293E-07  3.0000000000E-01
  3.0303030303E-07  3.0000000000E-01
  3.1313131313E-07  3.0000000000E-01
  3.2323232323E-07  3.0000000000E-01
  3.3333333333E-07  3.0000000000E-01
  3.4343434343E-07  3.0000000000E-01
  3.5353535354E-07  3.0000000000E-01
  3.6363636364E-07  3.0000000000E-01
  3.7373737374E-07  3.0000000000E-01
  3.8383838384E-07  3.0000000000E-01
  3.9393939394E-07  3.0000000000E-01
  4.0404040404E-07  3.0000000000E-01
  4.1414141414E-07  3.0000000000E-01
  4.2424242424E-07  3.0000000000E-01
  4.3434343434E-07  3.0000000000E-01
  4.4444444444E-07  3.0000000000E-01
  4.5454545455E-07  3.0000000000E-01
  4.6464646465E-07  3.0000000000E-01
  4.7474747475E-07  3.0000000000E-01
  4.8484848485E-07  3.0000000000E-01
  4.9494949495E-07  3.0000000000E-01
  5.0505050505E-07  3.0000000000E-01
  5.1515151515E-07  3.0000000000E-01
  5.2525252525E-07  3.0000000000E-01
  5.3535353535E-07  3.0000000000E-01
  5.4545454545E-07  3.0000000000E-01
  5.5555555556E-07  3.0000000000E-01
  5.6565656566E-07  3.0000000000E-01
  5.7575757576E-07  3.0000000000E-01
  5.8585858586E-07  3.0000000000E-01
  5.9595959596E-07  3.0000000000E-01
  6.0606060606E-07  3.0000000000E-01
  6.1616161616E-07  3.0000000000E-01
  6.2626262626E-07  3.0000000000E-01
  6.3636363636E-07  3.0000000000E-01
  6.4646464646E-07  3.0000000000E-01
  6.5656565657E-07  3.0000000000E-01
  6.6666666667E-07  3.0000000000E-01
  6.7676767677E-07  3.0000000000E-01
  6.8686868687E-07  3.0000000000E-01
  6.9696969697E-07  3.0000000000E-01
  7.0707070707E-07  3.0000000000E-01
  7.1717171717E-07  3.0000000000E-01
  7.2727272727E-07  3.0000000000E-01
  7.3737373737E-07  3.0000000000E-01
  7.4747474747E-07  3.0000000000E-01
  7.5757575758E-07  3.0000000000E-01
  7.6767676768E-07  3.0000000000E-01
  7.7777777778E-07  3.0000000000E-01
  7.8787878788E-07  3.0000000000E-01
  7.9797979798E-07  3.0000000000E-01
  8.0808080808E-07  2.9999999998E-01
  8.1818181818E-07  3.0000000006E-01
  8.2828282828E-07  2.9999999981E-01
  8.3838383838E-07  3.0000000047E-01
  8.4848484848E-07  2.9999999962E-01
  8.5858585859E-07  2.9999999502E-01
  8.6868686869E-07  3.0000004543E-01
  8.7878787879E-07  2.9999973074E-01
  8.8888888889E-07  3.0000130793E-01
  8.9898989899E-07  2.9999459386E-01
  9.0909090909E-07  3.0001821457E-01
  9.1919191919E-07  2.9996111095E-01
  9.2929292929E-07  2.9992773653E-01
  9.3939393939E-07  3.0155738087E-01
  9.4949494949E-07  2.8707663517E-01
  9.5959595960E-07  4.1350180913E-01
  9.6969696970E-07  9.2131897663E-01
  9.7979797980E-07  1.5586680841E+00
  9.8989898990E-07  2.0109055186E+00
  1.0000000000E-06  2.2885486514E+00
 BLOCKEND
 $ X-AXIS = DISTANCE      Y-AXIS = W(C)
 BLOCK X=C1; Y=C2;       GOC=C3,WAD;
  0.0000000000E+00  3.0000000000E-01 M
  1.0101010101E-08  3.0000000000E-01
  2.0202020202E-08  3.0000000000E-01
  3.0303030303E-08  3.0000000000E-01
  4.0404040404E-08  3.0000000000E-01
  5.0505050505E-08  3.0000000000E-01
  6.0606060606E-08  3.0000000000E-01
  7.0707070707E-08  3.0000000000E-01
  8.0808080808E-08  3.0000000000E-01
  9.0909090909E-08  3.0000000000E-01
  1.0101010101E-07  3.0000000000E-01
  1.1111111111E-07  3.0000000000E-01
  1.2121212121E-07  3.0000000000E-01
  1.3131313131E-07  3.0000000000E-01
  1.4141414141E-07  3.0000000000E-01
  1.5151515152E-07  3.0000000000E-01
  1.6161616162E-07  3.0000000000E-01
  1.7171717172E-07  3.0000000000E-01
  1.8181818182E-07  3.0000000000E-01
  1.9191919192E-07  3.0000000000E-01
  2.0202020202E-07  3.0000000000E-01
  2.1212121212E-07  3.0000000000E-01
  2.2222222222E-07  3.0000000000E-01
  2.3232323232E-07  3.0000000000E-01
  2.4242424242E-07  3.0000000000E-01
  2.5252525253E-07  3.0000000000E-01
  2.6262626263E-07  3.0000000000E-01
  2.7272727273E-07  3.0000000000E-01
  2.8282828283E-07  3.0000000000E-01
  2.9292929293E-07  3.0000000000E-01
  3.0303030303E-07  3.0000000000E-01
  3.1313131313E-07  3.0000000000E-01
  3.2323232323E-07  3.0000000000E-01
  3.3333333333E-07  3.0000000000E-01
  3.4343434343E-07  3.0000000000E-01
  3.5353535354E-07  3.0000000000E-01
  3.6363636364E-07  3.0000000000E-01
  3.7373737374E-07  3.0000000000E-01
  3.8383838384E-07  3.0000000000E-01
  3.9393939394E-07  3.0000000000E-01
  4.0404040404E-07  3.0000000000E-01
  4.1414141414E-07  3.0000000000E-01
  4.2424242424E-07  3.0000000000E-01
  4.3434343434E-07  3.0000000000E-01
  4.4444444444E-07  3.0000000000E-01
  4.5454545455E-07  3.0000000000E-01
  4.6464646465E-07  3.0000000000E-01
  4.7474747475E-07  3.0000000000E-01
  4.8484848485E-07  3.0000000000E-01
  4.9494949495E-07  3.0000000000E-01
  5.0505050505E-07  3.0000000000E-01
  5.1515151515E-07  3.0000000000E-01
  5.2525252525E-07  3.0000000000E-01
  5.3535353535E-07  3.0000000000E-01
  5.4545454545E-07  3.0000000000E-01
  5.5555555556E-07  3.0000000000E-01
  5.6565656566E-07  3.0000000000E-01
  5.7575757576E-07  3.0000000000E-01
  5.8585858586E-07  3.0000000000E-01
  5.9595959596E-07  3.0000000000E-01
  6.0606060606E-07  3.0000000000E-01
  6.1616161616E-07  3.0000000000E-01
  6.2626262626E-07  3.0000000000E-01
  6.3636363636E-07  3.0000000000E-01
  6.4646464646E-07  3.0000000000E-01
  6.5656565657E-07  3.0000000000E-01
  6.6666666667E-07  3.0000000000E-01
  6.7676767677E-07  3.0000000000E-01
  6.8686868687E-07  3.0000000000E-01
  6.9696969697E-07  3.0000000000E-01
  7.0707070707E-07  3.0000000000E-01
  7.1717171717E-07  3.0000000000E-01
  7.2727272727E-07  3.0000000000E-01
  7.3737373737E-07  3.0000000000E-01
  7.4747474747E-07  3.0000000000E-01
  7.5757575758E-07  3.0000000000E-01
  7.6767676768E-07  3.0000000000E-01
  7.7777777778E-07  3.0000000000E-01
  7.8787878788E-07  3.0000000000E-01
  7.9797979798E-07  3.0000000000E-01
  8.0808080808E-07  3.0000000000E-01
  8.1818181818E-07  2.9999999994E-01
  8.2828282828E-07  3.0000000039E-01
  8.3838383838E-07  2.9999999796E-01
  8.4848484848E-07  3.0000001060E-01
  8.5858585859E-07  2.9999997420E-01
  8.6868686869E-07  3.0000030452E-01
  8.7878787879E-07  3.0000221182E-01
  8.8888888889E-07  3.0003255356E-01
  8.9898989899E-07  3.0043873911E-01
  9.0909090909E-07  3.0464224699E-01
  9.1919191919E-07  3.3383003226E-01
  9.2929292929E-07  4.1591640093E-01
  9.3939393939E-07  5.6876817311E-01
  9.4949494949E-07  9.1960097325E-01
  9.5959595960E-07  1.3610329657E+00
  9.6969696970E-07  1.7081553467E+00
  9.7979797980E-07  1.9591876634E+00
  9.8989898990E-07  2.1448081951E+00
  1.0000000000E-06  2.2873555569E+00
 BLOCKEND
 $ X-AXIS = DISTANCE      Y-AXIS = W(C)
 BLOCK X=C1; Y=C2;       GOC=C3,WAD;
  0.0000000000E+00  3.0000000000E-01 M
  1.0101010101E-08  3.0000000000E-01
  2.0202020202E-08  3.0000000000E-01
  3.0303030303E-08  3.0000000000E-01
  4.0404040404E-08  3.0000000000E-01
  5.0505050505E-08  3.0000000000E-01
  6.0606060606E-08  3.0000000000E-01
  7.0707070707E-08  3.0000000000E-01
  8.0808080808E-08  3.0000000000E-01
  9.0909090909E-08  3.0000000000E-01
  1.0101010101E-07  3.0000000000E-01
  1.1111111111E-07  3.0000000000E-01
  1.2121212121E-07  3.0000000000E-01
  1.3131313131E-07  3.0000000000E-01
  1.4141414141E-07  3.0000000000E-01
  1.5151515152E-07  3.0000000000E-01
  1.6161616162E-07  3.0000000000E-01
  1.7171717172E-07  3.0000000000E-01
  1.8181818182E-07  3.0000000000E-01
  1.9191919192E-07  3.0000000000E-01
  2.0202020202E-07  3.0000000000E-01
  2.1212121212E-07  3.0000000000E-01
  2.2222222222E-07  3.0000000000E-01
  2.3232323232E-07  3.0000000000E-01
  2.4242424242E-07  3.0000000000E-01
  2.5252525253E-07  3.0000000000E-01
  2.6262626263E-07  3.0000000000E-01
  2.7272727273E-07  3.0000000000E-01
  2.8282828283E-07  3.0000000000E-01
  2.9292929293E-07  3.0000000000E-01
  3.0303030303E-07  3.0000000000E-01
  3.1313131313E-07  3.0000000000E-01
  3.2323232323E-07  3.0000000000E-01
  3.3333333333E-07  3.0000000000E-01
  3.4343434343E-07  3.0000000000E-01
  3.5353535354E-07  3.0000000000E-01
  3.6363636364E-07  3.0000000000E-01
  3.7373737374E-07  3.0000000000E-01
  3.8383838384E-07  3.0000000000E-01
  3.9393939394E-07  3.0000000000E-01
  4.0404040404E-07  3.0000000000E-01
  4.1414141414E-07  3.0000000000E-01
  4.2424242424E-07  3.0000000000E-01
  4.3434343434E-07  3.0000000000E-01
  4.4444444444E-07  3.0000000000E-01
  4.5454545455E-07  3.0000000000E-01
  4.6464646465E-07  3.0000000000E-01
  4.7474747475E-07  3.0000000000E-01
  4.8484848485E-07  3.0000000000E-01
  4.9494949495E-07  3.0000000000E-01
  5.0505050505E-07  3.0000000000E-01
  5.1515151515E-07  3.0000000000E-01
  5.2525252525E-07  3.0000000000E-01
  5.3535353535E-07  3.0000000000E-01
  5.4545454545E-07  3.0000000000E-01
  5.5555555556E-07  3.0000000000E-01
  5.6565656566E-07  3.0000000000E-01
  5.7575757576E-07  3.0000000000E-01
  5.8585858586E-07  3.0000000000E-01
  5.9595959596E-07  3.0000000000E-01
  6.0606060606E-07  3.0000000000E-01
  6.1616161616E-07  3.0000000000E-01
  6.2626262626E-07  3.0000000000E-01
  6.3636363636E-07  3.0000000001E-01
  6.4646464646E-07  3.0000000003E-01
  6.5656565657E-07  3.0000000009E-01
  6.6666666667E-07  3.0000000026E-01
  6.7676767677E-07  3.0000000073E-01
  6.8686868687E-07  3.0000000204E-01
  6.9696969697E-07  3.0000000568E-01
  7.0707070707E-07  3.0000001578E-01
  7.1717171717E-07  3.0000004367E-01
  7.2727272727E-07  3.0000012049E-01
  7.3737373737E-07  3.0000033132E-01
  7.4747474747E-07  3.0000090747E-01
  7.5757575758E-07  3.0000247464E-01
  7.6767676768E-07  3.0000671444E-01
  7.7777777778E-07  3.0001811120E-01
  7.8787878788E-07  3.0004850285E-01
  7.9797979798E-07  3.0012872850E-01
  8.0808080808E-07  3.0033750801E-01
  8.1818181818E-07  3.0086870806E-01
  8.2828282828E-07  3.0216837653E-01
  8.3838383838E-07  3.0513859690E-01
  8.4848484848E-07  3.1125185978E-01
  8.5858585859E-07  3.2248357850E-01
  8.6868686869E-07  3.4273449475E-01
  8.7878787879E-07  3.8576678428E-01
  8.8888888889E-07  4.8788526584E-01
  8.9898989899E-07  6.8698551358E-01
  9.0909090909E-07  9.5342129636E-01
  9.1919191919E-07  1.2046410613E+00
  9.2929292929E-07  1.4088894960E+00
  9.3939393939E-07  1.5801504422E+00
  9.4949494949E-07  1.7174773173E+00
  9.5959595960E-07  1.8332631844E+00
  9.6969696970E-07  1.9295465355E+00
  9.7979797980E-07  2.0111650221E+00
  9.8989898990E-07  2.0808813711E+00
  1.0000000000E-06  2.1431115508E+00
 BLOCKEND
 $ X-AXIS = DISTANCE      Y-AXIS = W(C)
 BLOCK X=C1; Y=C2;       GOC=C3,WAD;
  0.0000000000E+00  3.0000000000E-01 M
  1.0101010101E-08  3.0000000000E-01
  2.0202020202E-08  3.0000000000E-01
  3.0303030303E-08  3.0000000000E-01
  4.0404040404E-08  3.0000000000E-01
  5.0505050505E-08  3.0000000000E-01
  6.0606060606E-08  3.0000000000E-01
  7.0707070707E-08  3.0000000000E-01
  8.0808080808E-08  3.0000000000E-01
  9.0909090909E-08  3.0000000000E-01
  1.0101010101E-07  3.0000000000E-01
  1.1111111111E-07  3.0000000000E-01
  1.2121212121E-07  3.0000000000E-01
  1.3131313131E-07  3.0000000000E-01
  1.4141414141E-07  3.0000000000E-01
  1.5151515152E-07  3.0000000000E-01
  1.6161616162E-07  3.0000000000E-01
  1.7171717172E-07  3.0000000000E-01
  1.8181818182E-07  3.0000000000E-01
  1.9191919192E-07  3.0000000000E-01
  2.0202020202E-07  3.0000000000E-01
  2.1212121212E-07  3.0000000000E-01
  2.2222222222E-07  3.0000000000E-01
  2.3232323232E-07  3.0000000000E-01
  2.4242424242E-07  3.0000000001E-01
  2.5252525253E-07  3.0000000001E-01
  2.6262626263E-07  3.0000000002E-01
  2.7272727273E-07  3.0000000003E-01
  2.8282828283E-07  3.0000000005E-01
  2.9292929293E-07  3.0000000008E-01
  3.0303030303E-07  3.0000000012E-01
  3.1313131313E-07  3.0000000020E-01
  3.2323232323E-07  3.0000000033E-01
  3.3333333333E-07  3.0000000054E-01
  3.4343434343E-07  3.0000000089E-01
  3.5353535354E-07  3.0000000146E-01
  3.6363636364E-07  3.0000000238E-01
  3.7373737374E-07  3.0000000389E-01
  3.8383838384E-07  3.0000000635E-01
  3.9393939394E-07  3.0000001037E-01
  4.0404040404E-07  3.0000001691E-01
  4.1414141414E-07  3.0000002755E-01
  4.2424242424E-07  3.0000004485E-01
  4.3434343434E-07  3.0000007296E-01
  4.4444444444E-07  3.0000011857E-01
  4.5454545455E-07  3.0000019251E-01
  4.6464646465E-07  3.0000031224E-01
  4.7474747475E-07  3.0000050587E-01
  4.8484848485E-07  3.0000081860E-01
  4.9494949495E-07  3.0000132299E-01
  5.0505050505E-07  3.0000213527E-01
  5.1515151515E-07  3.0000344126E-01
  5.2525252525E-07  3.0000553742E-01
  5.3535353535E-07  3.0000889547E-01
  5.4545454545E-07  3.0001426417E-01
  5.5555555556E-07  3.0002282851E-01
  5.6565656566E-07  3.0003645800E-01
  5.7575757576E-07  3.0005809195E-01
  5.8585858586E-07  3.0009232956E-01
  5.9595959596E-07  3.0014633538E-01
  6.0606060606E-07  3.0023121944E-01
  6.1616161616E-07  3.0036408992E-01
  6.2626262626E-07  3.0057111494E-01
  6.3636363636E-07  3.0089199848E-01
  6.4646464646E-07  3.0138631809E-01
  6.5656565657E-07  3.0214230037E-01
  6.6666666667E-07  3.0328840062E-01
  6.7676767677E-07  3.0500754440E-01
  6.8686868687E-07  3.0755267947E-01
  6.9696969697E-07  3.1126014410E-01
  7.0707070707E-07  3.1655450151E-01
  7.1717171717E-07  3.2393657939E-01
  7.2727272727E-07  3.3394981148E-01
  7.3737373737E-07  3.4713492269E-01
  7.4747474747E-07  3.6401174398E-01
  7.5757575758E-07  3.8515621460E-01
  7.6767676768E-07  4.1143210038E-01
  7.7777777778E-07  4.4433528583E-01
  7.8787878788E-07  4.8618307048E-01
  7.9797979798E-07  5.3963899171E-01
  8.0808080808E-07  6.0619507405E-01
  8.1818181818E-07  6.8414141551E-01
  8.2828282828E-07  7.6769452258E-01
  8.3838383838E-07  8.4886739210E-01
  8.4848484848E-07  9.2189200216E-01
  8.5858585859E-07  9.8724566448E-01
  8.6868686869E-07  1.0499044713E+00
  8.7878787879E-07  1.1105631051E+00
  8.8888888889E-07  1.1622875540E+00
  8.9898989899E-07  1.2038803283E+00
  9.0909090909E-07  1.2453696814E+00
  9.1919191919E-07  1.2835291920E+00
  9.2929292929E-07  1.3119273698E+00
  9.3939393939E-07  1.3412253859E+00
  9.4949494949E-07  1.3615298394E+00
  9.5959595960E-07  1.3806956283E+00
  9.6969696970E-07  1.3927297484E+00
  9.7979797980E-07  1.3985354445E+00
  9.8989898990E-07  1.3962245144E+00
  1.0000000000E-06  1.3922236456E+00
 BLOCKEND
 $ X-AXIS = DISTANCE      Y-AXIS = W(C)
 BLOCK X=C1; Y=C2;       GOC=C3,WAD;
  0.0000000000E+00  3.1064231770E-01 M
  1.0101010101E-08  3.1068882851E-01
  2.0202020202E-08  3.1082855835E-01
  3.0303030303E-08  3.1106206043E-01
  4.0404040404E-08  3.1139025981E-01
  5.0505050505E-08  3.1181447291E-01
  6.0606060606E-08  3.1233636332E-01
  7.0707070707E-08  3.1295792717E-01
  8.0808080808E-08  3.1368147939E-01
  9.0909090909E-08  3.1450962699E-01
  1.0101010101E-07  3.1544523960E-01
  1.1111111111E-07  3.1649142462E-01
  1.2121212121E-07  3.1765149364E-01
  1.3131313131E-07  3.1892892488E-01
  1.4141414141E-07  3.2032732002E-01
  1.5151515152E-07  3.2185037126E-01
  1.6161616162E-07  3.2350182399E-01
  1.7171717172E-07  3.2528542690E-01
  1.8181818182E-07  3.2720489280E-01
  1.9191919192E-07  3.2926385887E-01
  2.0202020202E-07  3.3146584827E-01
  2.1212121212E-07  3.3381423432E-01
  2.2222222222E-07  3.3631220830E-01
  2.3232323232E-07  3.3896275162E-01
  2.4242424242E-07  3.4176861391E-01
  2.5252525253E-07  3.4473229515E-01
  2.6262626263E-07  3.4785603026E-01
  2.7272727273E-07  3.5114177693E-01
  2.8282828283E-07  3.5459120605E-01
  2.9292929293E-07  3.5820569203E-01
  3.0303030303E-07  3.6198629967E-01
  3.1313131313E-07  3.6593376510E-01
  3.2323232323E-07  3.7004846748E-01
  3.3333333333E-07  3.7433038753E-01
  3.4343434343E-07  3.7877904902E-01
  3.5353535354E-07  3.8339344302E-01
  3.6363636364E-07  3.8817193452E-01
  3.7373737374E-07  3.9311215248E-01
  3.8383838384E-07  3.9821086862E-01
  3.9393939394E-07  4.0346387290E-01
  4.0404040404E-07  4.0886585876E-01
  4.1414141414E-07  4.1441033339E-01
  4.2424242424E-07  4.2008957044E-01
  4.3434343434E-07  4.2589462665E-01
  4.4444444444E-07  4.3181544091E-01
  4.5454545455E-07  4.3784102800E-01
  4.6464646465E-07  4.4395977061E-01
  4.7474747475E-07  4.5015979952E-01
  4.8484848485E-07  4.5642943175E-01
  4.9494949495E-07  4.6275761092E-01
  5.0505050505E-07  4.6913427031E-01
  5.1515151515E-07  4.7555052870E-01
  5.2525252525E-07  4.8199862386E-01
  5.3535353535E-07  4.8847149934E-01
  5.4545454545E-07  4.9496201619E-01
  5.5555555556E-07  5.0146184858E-01
  5.6565656566E-07  5.0796024337E-01
  5.7575757576E-07  5.1444296906E-01
  5.8585858586E-07  5.2089190102E-01
  5.9595959596E-07  5.2728573408E-01
  6.0606060606E-07  5.3360220572E-01
  6.1616161616E-07  5.3982187474E-01
  6.2626262626E-07  5.4593288590E-01
  6.3636363636E-07  5.5193533646E-01
  6.4646464646E-07  5.5784305493E-01
  6.5656565657E-07  5.6368024289E-01
  6.6666666667E-07  5.6947120185E-01
  6.7676767677E-07  5.7522385522E-01
  6.8686868687E-07  5.8091209252E-01
  6.9696969697E-07  5.8646696568E-01
  7.0707070707E-07  5.9178940509E-01
  7.1717171717E-07  5.9679281358E-01
  7.2727272727E-07  6.0146838154E-01
  7.3737373737E-07  6.0593982342E-01
  7.4747474747E-07  6.1044984908E-01
  7.5757575758E-07  6.1522732172E-01
  7.6767676768E-07  6.2025702866E-01
  7.7777777778E-07  6.2511089199E-01
  7.8787878788E-07  6.2910168191E-01
  7.9797979798E-07  6.3189708745E-01
  8.0808080808E-07  6.3424299619E-01
  8.1818181818E-07  6.3782008260E-01
  8.2828282828E-07  6.4346555028E-01
  8.3838383838E-07  6.4906822290E-01
  8.4848484848E-07  6.5079280245E-01
  8.5858585859E-07  6.4895047413E-01
  8.6868686869E-07  6.5076205104E-01
  8.7878787879E-07  6.5918189693E-01
  8.8888888889E-07  6.6219205977E-01
  8.9898989899E-07  6.5510224150E-01
  9.0909090909E-07  6.5883848359E-01
  9.1919191919E-07  6.6623685877E-01
  9.2929292929E-07  6.6042955837E-01
  9.3939393939E-07  6.7060818743E-01
  9.4949494949E-07  6.6894900021E-01
  9.5959595960E-07  6.7925068630E-01
  9.6969696970E-07  6.8412114435E-01
  9.7979797980E-07  6.8599589277E-01
  9.8989898990E-07  6.7556853326E-01
  1.0000000000E-06  6.6675744476E-01
 BLOCKEND
 $ X-AXIS = DISTANCE      Y-AXIS = W(C)
 BLOCK X=C1; Y=C2;       GOC=C3,WAD;
  0.0000000000E+00  3.6798580331E-01 M
  1.0101010101E-08  3.6805038458E-01
  2.0202020202E-08  3.6824403292E-01
  3.0303030303E-08  3.6856640140E-01
  4.0404040404E-08  3.6901692878E-01
  5.0505050505E-08  3.6959488799E-01
  6.0606060606E-08  3.7029933942E-01
  7.0707070707E-08  3.7112913681E-01
  8.0808080808E-08  3.7208293342E-01
  9.0909090909E-08  3.7315918775E-01
  1.0101010101E-07  3.7435616924E-01
  1.1111111111E-07  3.7567196398E-01
  1.2121212121E-07  3.7710448092E-01
  1.3131313131E-07  3.7865145888E-01
  1.4141414141E-07  3.8031047354E-01
  1.5151515152E-07  3.8207894316E-01
  1.6161616162E-07  3.8395413414E-01
  1.7171717172E-07  3.8593316767E-01
  1.8181818182E-07  3.8801302608E-01
  1.9191919192E-07  3.9019055827E-01
  2.0202020202E-07  3.9246248433E-01
  2.1212121212E-07  3.9482539988E-01
  2.2222222222E-07  3.9727578051E-01
  2.3232323232E-07  3.9980998667E-01
  2.4242424242E-07  4.0242427056E-01
  2.5252525253E-07  4.0511478409E-01
  2.6262626263E-07  4.0787758734E-01
  2.7272727273E-07  4.1070865975E-01
  2.8282828283E-07  4.1360391514E-01
  2.9292929293E-07  4.1655922025E-01
  3.0303030303E-07  4.1957041623E-01
  3.1313131313E-07  4.2263334308E-01
  3.2323232323E-07  4.2574386619E-01
  3.3333333333E-07  4.2889790246E-01
  3.4343434343E-07  4.3209144305E-01
  3.5353535354E-07  4.3532057102E-01
  3.6363636364E-07  4.3858147048E-01
  3.7373737374E-07  4.4187042315E-01
  3.8383838384E-07  4.4518379003E-01
  3.9393939394E-07  4.4851797636E-01
  4.0404040404E-07  4.5186938184E-01
  4.1414141414E-07  4.5523433960E-01
  4.2424242424E-07  4.5860905079E-01
  4.3434343434E-07  4.6198952855E-01
  4.4444444444E-07  4.6537156681E-01
  4.5454545455E-07  4.6875075113E-01
  4.6464646465E-07  4.7212252836E-01
  4.7474747475E-07  4.7548234765E-01
  4.8484848485E-07  4.7882587450E-01
  4.9494949495E-07  4.8214925925E-01
  5.0505050505E-07  4.8544941827E-01
  5.1515151515E-07  4.8872426690E-01
  5.2525252525E-07  4.9197282111E-01
  5.3535353535E-07  4.9519506778E-01
  5.4545454545E-07  4.9839152448E-01
  5.5555555556E-07  5.0156245972E-01
  5.6565656566E-07  5.0470683784E-01
  5.7575757576E-07  5.0782119253E-01
  5.8585858586E-07  5.1089878607E-01
  5.9595959596E-07  5.1392953396E-01
  6.0606060606E-07  5.1690118939E-01
  6.1616161616E-07  5.1980208910E-01
  6.2626262626E-07  5.2262526907E-01
  6.3636363636E-07  5.2537297381E-01
  6.4646464646E-07  5.2805963864E-01
  6.5656565657E-07  5.3071070953E-01
  6.6666666667E-07  5.3335489596E-01
  6.7676767677E-07  5.3600939357E-01
  6.8686868687E-07  5.3866172618E-01
  6.9696969697E-07  5.4125742015E-01
  7.0707070707E-07  5.4370689817E-01
  7.1717171717E-07  5.4592279147E-01
  7.2727272727E-07  5.4788481449E-01
  7.3737373737E-07  5.4970211890E-01
  7.4747474747E-07  5.5161356463E-01
  7.5757575758E-07  5.5386506927E-01
  7.6767676768E-07  5.5647195784E-01
  7.7777777778E-07  5.5902096327E-01
  7.8787878788E-07  5.6079525221E-01
  7.9797979798E-07  5.6140347592E-01
  8.0808080808E-07  5.6158439388E-01
  8.1818181818E-07  5.6313642270E-01
  8.2828282828E-07  5.6704700329E-01
  8.3838383838E-07  5.7112265851E-01
  8.4848484848E-07  5.7115631791E-01
  8.5858585859E-07  5.6735584664E-01
  8.6868686869E-07  5.6766323801E-01
  8.7878787879E-07  5.7548497262E-01
  8.8888888889E-07  5.7738614416E-01
  8.9898989899E-07  5.6790386601E-01
  9.0909090909E-07  5.7068825777E-01
  9.1919191919E-07  5.7753177716E-01
  9.2929292929E-07  5.6907878164E-01
  9.3939393939E-07  5.7908608632E-01
  9.4949494949E-07  5.7547745367E-01
  9.5959595960E-07  5.8619115796E-01
  9.6969696970E-07  5.9151571551E-01
  9.7979797980E-07  5.9479058428E-01
  9.8989898990E-07  5.8524366415E-01
  1.0000000000E-06  5.7842971102E-01
 BLOCKEND
