 PROLOGUE 1
 XSCALE        0.00000          0.600000E-06
 YSCALE       0.718363E-03      0.305075    
 XTEXT DISTANCE
 YTEXT WEIGHT-PERCENT C
 XTYPE LINEAR
 YTYPE LINEAR
 XLENGTH        11.5000    
 YLENGTH        11.5000    
 TITLE   
 DATASET 1
 CLIP OFF
    0.00000    1.12000 NAM' TIME = 0,1E-04,.001,.01,.03,.1,.5,10,20
 1.05 1.05 MNA' CELL #   1
 CLIP ON
 $ X-AXIS = DISTANCE      Y-AXIS = W(C)
 BLOCK X=C1; Y=C2;       GOC=C3,WAD;
  0.0000000000E+00  3.0000000000E-01 M
  1.0169491525E-08  3.0000000000E-01
  2.0338983051E-08  3.0000000000E-01
  3.0508474576E-08  3.0000000000E-01
  4.0677966102E-08  3.0000000000E-01
  5.0847457627E-08  3.0000000000E-01
  6.1016949153E-08  3.0000000000E-01
  7.1186440678E-08  3.0000000000E-01
  8.1355932203E-08  3.0000000000E-01
  9.1525423729E-08  3.0000000000E-01
  1.0169491525E-07  3.0000000000E-01
  1.1186440678E-07  3.0000000000E-01
  1.2203389831E-07  3.0000000000E-01
  1.3220338983E-07  3.0000000000E-01
  1.4237288136E-07  3.0000000000E-01
  1.5254237288E-07  3.0000000000E-01
  1.6271186441E-07  3.0000000000E-01
  1.7288135593E-07  3.0000000000E-01
  1.8305084746E-07  3.0000000000E-01
  1.9322033898E-07  3.0000000000E-01
  2.0338983051E-07  3.0000000000E-01
  2.1355932203E-07  3.0000000000E-01
  2.2372881356E-07  3.0000000000E-01
  2.3389830508E-07  3.0000000000E-01
  2.4406779661E-07  3.0000000000E-01
  2.5423728814E-07  3.0000000000E-01
  2.6440677966E-07  3.0000000000E-01
  2.7457627119E-07  3.0000000000E-01
  2.8474576271E-07  3.0000000000E-01
  2.9491525424E-07  3.0000000000E-01
  3.0508474576E-07  3.0000000000E-01
  3.1525423729E-07  3.0000000000E-01
  3.2542372881E-07  3.0000000000E-01
  3.3559322034E-07  3.0000000000E-01
  3.4576271186E-07  3.0000000000E-01
  3.5593220339E-07  3.0000000000E-01
  3.6610169492E-07  3.0000000000E-01
  3.7627118644E-07  3.0000000000E-01
  3.8644067797E-07  3.0000000000E-01
  3.9661016949E-07  3.0000000000E-01
  4.0677966102E-07  3.0000000000E-01
  4.1694915254E-07  3.0000000000E-01
  4.2711864407E-07  3.0000000000E-01
  4.3728813559E-07  3.0000000000E-01
  4.4745762712E-07  3.0000000000E-01
  4.5762711864E-07  3.0000000000E-01
  4.6779661017E-07  3.0000000000E-01
  4.7796610169E-07  3.0000000000E-01
  4.8813559322E-07  3.0000000000E-01
  4.9830508475E-07  3.0000000000E-01
  5.0847457627E-07  3.0000000000E-01
  5.1864406780E-07  3.0000000000E-01
  5.2881355932E-07  3.0000000000E-01
  5.3898305085E-07  3.0000000000E-01
  5.4915254237E-07  3.0000000000E-01
  5.5932203390E-07  3.0000000000E-01
  5.6949152542E-07  3.0000000000E-01
  5.7966101695E-07  3.0000000000E-01
  5.8983050847E-07  3.0000000000E-01
  6.0000000000E-07  3.0000000000E-01
 BLOCKEND
 $ X-AXIS = DISTANCE      Y-AXIS = W(C)
 BLOCK X=C1; Y=C2;       GOC=C3,WAD;
  0.0000000000E+00  3.0000000000E-01 M
  1.0169491525E-08  3.0000000000E-01
  2.0338983051E-08  3.0000000000E-01
  3.0508474576E-08  3.0000000000E-01
  4.0677966102E-08  3.0000000000E-01
  5.0847457627E-08  3.0000000000E-01
  6.1016949153E-08  3.0000000000E-01
  7.1186440678E-08  3.0000000000E-01
  8.1355932203E-08  3.0000000000E-01
  9.1525423729E-08  3.0000000000E-01
  1.0169491525E-07  3.0000000000E-01
  1.1186440678E-07  3.0000000000E-01
  1.2203389831E-07  3.0000000000E-01
  1.3220338983E-07  3.0000000000E-01
  1.4237288136E-07  3.0000000000E-01
  1.5254237288E-07  3.0000000000E-01
  1.6271186441E-07  3.0000000000E-01
  1.7288135593E-07  3.0000000000E-01
  1.8305084746E-07  3.0000000000E-01
  1.9322033898E-07  3.0000000000E-01
  2.0338983051E-07  3.0000000000E-01
  2.1355932203E-07  3.0000000000E-01
  2.2372881356E-07  3.0000000000E-01
  2.3389830508E-07  3.0000000000E-01
  2.4406779661E-07  3.0000000000E-01
  2.5423728814E-07  3.0000000000E-01
  2.6440677966E-07  3.0000000000E-01
  2.7457627119E-07  3.0000000000E-01
  2.8474576271E-07  3.0000000000E-01
  2.9491525424E-07  3.0000000000E-01
  3.0508474576E-07  3.0000000000E-01
  3.1525423729E-07  3.0000000000E-01
  3.2542372881E-07  3.0000000000E-01
  3.3559322034E-07  3.0000000000E-01
  3.4576271186E-07  3.0000000000E-01
  3.5593220339E-07  3.0000000000E-01
  3.6610169492E-07  3.0000000000E-01
  3.7627118644E-07  3.0000000000E-01
  3.8644067797E-07  3.0000000000E-01
  3.9661016949E-07  3.0000000000E-01
  4.0677966102E-07  3.0000000000E-01
  4.1694915254E-07  2.9999999999E-01
  4.2711864407E-07  3.0000000006E-01
  4.3728813559E-07  2.9999999979E-01
  4.4745762712E-07  3.0000000077E-01
  4.5762711864E-07  2.9999999712E-01
  4.6779661017E-07  3.0000001078E-01
  4.7796610169E-07  2.9999995970E-01
  4.8813559322E-07  3.0000015061E-01
  4.9830508475E-07  2.9999943705E-01
  5.0847457627E-07  3.0000210409E-01
  5.1864406780E-07  2.9999213587E-01
  5.2881355932E-07  3.0002938789E-01
  5.3898305085E-07  2.9989025517E-01
  5.4915254237E-07  3.0040834526E-01
  5.5932203390E-07  2.9850474996E-01
  5.6949152542E-07  3.0507546584E-01
  5.7966101695E-07  2.8823741834E-01
  5.8983050847E-07  2.7766885629E-01
  6.0000000000E-07  7.1836299914E-04
 BLOCKEND
 $ X-AXIS = DISTANCE      Y-AXIS = W(C)
 BLOCK X=C1; Y=C2;       GOC=C3,WAD;
  0.0000000000E+00  3.0000000000E-01 M
  1.0169491525E-08  3.0000000000E-01
  2.0338983051E-08  3.0000000000E-01
  3.0508474576E-08  3.0000000000E-01
  4.0677966102E-08  3.0000000000E-01
  5.0847457627E-08  3.0000000000E-01
  6.1016949153E-08  3.0000000000E-01
  7.1186440678E-08  3.0000000000E-01
  8.1355932203E-08  3.0000000000E-01
  9.1525423729E-08  3.0000000000E-01
  1.0169491525E-07  3.0000000000E-01
  1.1186440678E-07  3.0000000000E-01
  1.2203389831E-07  3.0000000000E-01
  1.3220338983E-07  3.0000000000E-01
  1.4237288136E-07  3.0000000000E-01
  1.5254237288E-07  3.0000000000E-01
  1.6271186441E-07  3.0000000000E-01
  1.7288135593E-07  3.0000000000E-01
  1.8305084746E-07  3.0000000000E-01
  1.9322033898E-07  3.0000000000E-01
  2.0338983051E-07  3.0000000000E-01
  2.1355932203E-07  3.0000000000E-01
  2.2372881356E-07  3.0000000000E-01
  2.3389830508E-07  3.0000000000E-01
  2.4406779661E-07  3.0000000000E-01
  2.5423728814E-07  3.0000000000E-01
  2.6440677966E-07  3.0000000000E-01
  2.7457627119E-07  3.0000000000E-01
  2.8474576271E-07  3.0000000000E-01
  2.9491525424E-07  3.0000000000E-01
  3.0508474576E-07  3.0000000000E-01
  3.1525423729E-07  3.0000000000E-01
  3.2542372881E-07  3.0000000000E-01
  3.3559322034E-07  3.0000000000E-01
  3.4576271186E-07  3.0000000000E-01
  3.5593220339E-07  3.0000000000E-01
  3.6610169492E-07  3.0000000000E-01
  3.7627118644E-07  3.0000000000E-01
  3.8644067797E-07  3.0000000000E-01
  3.9661016949E-07  2.9999999999E-01
  4.0677966102E-07  2.9999999997E-01
  4.1694915254E-07  2.9999999983E-01
  4.2711864407E-07  2.9999999936E-01
  4.3728813559E-07  2.9999999670E-01
  4.4745762712E-07  2.9999998717E-01
  4.5762711864E-07  2.9999993771E-01
  4.6779661017E-07  2.9999975413E-01
  4.7796610169E-07  2.9999886291E-01
  4.8813559322E-07  2.9999553610E-01
  4.9830508475E-07  2.9998037927E-01
  5.0847457627E-07  2.9992543888E-01
  5.1864406780E-07  2.9969442262E-01
  5.2881355932E-07  2.9893262571E-01
  5.3898305085E-07  2.9616753811E-01
  5.4915254237E-07  2.8928317112E-01
  5.5932203390E-07  2.7328384464E-01
  5.6949152542E-07  2.4124912762E-01
  5.7966101695E-07  1.8520151255E-01
  5.8983050847E-07  1.0325566456E-01
  6.0000000000E-07  3.4464276859E-03
 BLOCKEND
 $ X-AXIS = DISTANCE      Y-AXIS = W(C)
 BLOCK X=C1; Y=C2;       GOC=C3,WAD;
  0.0000000000E+00  2.9999999986E-01 M
  1.0169491525E-08  2.9999999984E-01
  2.0338983051E-08  2.9999999979E-01
  3.0508474576E-08  2.9999999969E-01
  4.0677966102E-08  2.9999999952E-01
  5.0847457627E-08  2.9999999923E-01
  6.1016949153E-08  2.9999999877E-01
  7.1186440678E-08  2.9999999802E-01
  8.1355932203E-08  2.9999999681E-01
  9.1525423729E-08  2.9999999488E-01
  1.0169491525E-07  2.9999999177E-01
  1.1186440678E-07  2.9999998680E-01
  1.2203389831E-07  2.9999997885E-01
  1.3220338983E-07  2.9999996614E-01
  1.4237288136E-07  2.9999994585E-01
  1.5254237288E-07  2.9999991354E-01
  1.6271186441E-07  2.9999986213E-01
  1.7288135593E-07  2.9999978047E-01
  1.8305084746E-07  2.9999965103E-01
  1.9322033898E-07  2.9999944623E-01
  2.0338983051E-07  2.9999912287E-01
  2.1355932203E-07  2.9999861351E-01
  2.2372881356E-07  2.9999781313E-01
  2.3389830508E-07  2.9999655888E-01
  2.4406779661E-07  2.9999459919E-01
  2.5423728814E-07  2.9999154715E-01
  2.6440677966E-07  2.9998681066E-01
  2.7457627119E-07  2.9997948847E-01
  2.8474576271E-07  2.9996821704E-01
  2.9491525424E-07  2.9995094741E-01
  3.0508474576E-07  2.9992462362E-01
  3.1525423729E-07  2.9988472635E-01
  3.2542372881E-07  2.9982463495E-01
  3.3559322034E-07  2.9973475352E-01
  3.4576271186E-07  2.9960134036E-01
  3.5593220339E-07  2.9940498099E-01
  3.6610169492E-07  2.9911866201E-01
  3.7627118644E-07  2.9870543713E-01
  3.8644067797E-07  2.9811573515E-01
  3.9661016949E-07  2.9728445019E-01
  4.0677966102E-07  2.9612805061E-01
  4.1694915254E-07  2.9454202152E-01
  4.2711864407E-07  2.9239896193E-01
  4.3728813559E-07  2.8954754348E-01
  4.4745762712E-07  2.8581234349E-01
  4.5762711864E-07  2.8099447207E-01
  4.6779661017E-07  2.7487346341E-01
  4.7796610169E-07  2.6721191019E-01
  4.8813559322E-07  2.5776626141E-01
  4.9830508475E-07  2.4630026709E-01
  5.0847457627E-07  2.3260279530E-01
  5.1864406780E-07  2.1646443246E-01
  5.2881355932E-07  1.9782895077E-01
  5.3898305085E-07  1.7655181475E-01
  5.4915254237E-07  1.5281631088E-01
  5.5932203390E-07  1.2662932566E-01
  5.6949152542E-07  9.8421059914E-02
  5.7966101695E-07  6.8395930344E-02
  5.8983050847E-07  3.7117194764E-02
  6.0000000000E-07  5.1751300085E-03
 BLOCKEND
 $ X-AXIS = DISTANCE      Y-AXIS = W(C)
 BLOCK X=C1; Y=C2;       GOC=C3,WAD;
  0.0000000000E+00  2.9993980638E-01 M
  1.0169491525E-08  2.9993847964E-01
  2.0338983051E-08  2.9993444800E-01
  3.0508474576E-08  2.9992755563E-01
  4.0677966102E-08  2.9991753750E-01
  5.0847457627E-08  2.9990401136E-01
  6.1016949153E-08  2.9988646622E-01
  7.1186440678E-08  2.9986424727E-01
  8.1355932203E-08  2.9983653677E-01
  9.1525423729E-08  2.9980233080E-01
  1.0169491525E-07  2.9976041189E-01
  1.1186440678E-07  2.9970931581E-01
  1.2203389831E-07  2.9964729296E-01
  1.3220338983E-07  2.9957226416E-01
  1.4237288136E-07  2.9948176915E-01
  1.5254237288E-07  2.9937290728E-01
  1.6271186441E-07  2.9924226902E-01
  1.7288135593E-07  2.9908585913E-01
  1.8305084746E-07  2.9889900829E-01
  1.9322033898E-07  2.9867627080E-01
  2.0338983051E-07  2.9841130863E-01
  2.1355932203E-07  2.9809675875E-01
  2.2372881356E-07  2.9772408167E-01
  2.3389830508E-07  2.9728338967E-01
  2.4406779661E-07  2.9676325104E-01
  2.5423728814E-07  2.9615047039E-01
  2.6440677966E-07  2.9542984585E-01
  2.7457627119E-07  2.9458390355E-01
  2.8474576271E-07  2.9359261773E-01
  2.9491525424E-07  2.9243312590E-01
  3.0508474576E-07  2.9107945260E-01
  3.1525423729E-07  2.8950226717E-01
  3.2542372881E-07  2.8766870141E-01
  3.3559322034E-07  2.8554225791E-01
  3.4576271186E-07  2.8308283984E-01
  3.5593220339E-07  2.8024692660E-01
  3.6610169492E-07  2.7698790746E-01
  3.7627118644E-07  2.7325656944E-01
  3.8644067797E-07  2.6900172266E-01
  3.9661016949E-07  2.6417094615E-01
  4.0677966102E-07  2.5871145967E-01
  4.1694915254E-07  2.5257116844E-01
  4.2711864407E-07  2.4569995904E-01
  4.3728813559E-07  2.3805127956E-01
  4.4745762712E-07  2.2958386310E-01
  4.5762711864E-07  2.2026318633E-01
  4.6779661017E-07  2.1006236441E-01
  4.7796610169E-07  1.9896275944E-01
  4.8813559322E-07  1.8695688604E-01
  4.9830508475E-07  1.7405079212E-01
  5.0847457627E-07  1.6026904650E-01
  5.1864406780E-07  1.4561346404E-01
  5.2881355932E-07  1.3019009197E-01
  5.3898305085E-07  1.1396267037E-01
  5.4915254237E-07  9.7128712651E-02
  5.5932203390E-07  7.9634248697E-02
  5.6949152542E-07  6.1732846649E-02
  5.7966101695E-07  4.3376183767E-02
  5.8983050847E-07  2.4756702922E-02
  6.0000000000E-07  6.0173995844E-03
 BLOCKEND
 $ X-AXIS = DISTANCE      Y-AXIS = W(C)
 BLOCK X=C1; Y=C2;       GOC=C3,WAD;
  0.0000000000E+00  2.9076807007E-01 M
  1.0169491525E-08  2.9072494822E-01
  2.0338983051E-08  2.9059530190E-01
  3.0508474576E-08  2.9037829005E-01
  4.0677966102E-08  2.9007251551E-01
  5.0847457627E-08  2.8967603010E-01
  6.1016949153E-08  2.8918634595E-01
  7.1186440678E-08  2.8860044955E-01
  8.1355932203E-08  2.8791481497E-01
  9.1525423729E-08  2.8712542235E-01
  1.0169491525E-07  2.8622777909E-01
  1.1186440678E-07  2.8521694395E-01
  1.2203389831E-07  2.8408755392E-01
  1.3220338983E-07  2.8283385374E-01
  1.4237288136E-07  2.8144972800E-01
  1.5254237288E-07  2.7992873585E-01
  1.6271186441E-07  2.7826414786E-01
  1.7288135593E-07  2.7644898519E-01
  1.8305084746E-07  2.7447606109E-01
  1.9322033898E-07  2.7233802496E-01
  2.0338983051E-07  2.7002740910E-01
  2.1355932203E-07  2.6753667845E-01
  2.2372881356E-07  2.6485828378E-01
  2.3389830508E-07  2.6198471855E-01
  2.4406779661E-07  2.5890857921E-01
  2.5423728814E-07  2.5562262883E-01
  2.6440677966E-07  2.5211986304E-01
  2.7457627119E-07  2.4839357678E-01
  2.8474576271E-07  2.4443742995E-01
  2.9491525424E-07  2.4024550967E-01
  3.0508474576E-07  2.3581238817E-01
  3.1525423729E-07  2.3113317593E-01
  3.2542372881E-07  2.2620357186E-01
  3.3559322034E-07  2.2101991430E-01
  3.4576271186E-07  2.1557923825E-01
  3.5593220339E-07  2.0987934274E-01
  3.6610169492E-07  2.0391886659E-01
  3.7627118644E-07  1.9769736234E-01
  3.8644067797E-07  1.9121534885E-01
  3.9661016949E-07  1.8447432155E-01
  4.0677966102E-07  1.7747671719E-01
  4.1694915254E-07  1.7022586873E-01
  4.2711864407E-07  1.6272602907E-01
  4.3728813559E-07  1.5498253232E-01
  4.4745762712E-07  1.4700203218E-01
  4.5762711864E-07  1.3879250383E-01
  4.6779661017E-07  1.3036273578E-01
  4.7796610169E-07  1.2172149139E-01
  4.8813559322E-07  1.1287888144E-01
  4.9830508475E-07  1.0384747009E-01
  5.0847457627E-07  9.4646845632E-02
  5.1864406780E-07  8.5261334638E-02
  5.2881355932E-07  7.5764943085E-02
  5.3898305085E-07  6.6079128142E-02
  5.4915254237E-07  5.6341685092E-02
  5.5932203390E-07  4.6432821479E-02
  5.6949152542E-07  3.6524238316E-02
  5.7966101695E-07  2.6485573320E-02
  5.8983050847E-07  1.6411934869E-02
  6.0000000000E-07  6.3437149922E-03
 BLOCKEND
 $ X-AXIS = DISTANCE      Y-AXIS = W(C)
 BLOCK X=C1; Y=C2;       GOC=C3,WAD;
  0.0000000000E+00  1.5059260696E-01 M
  1.0169491525E-08  1.5054201875E-01
  2.0338983051E-08  1.5039028641E-01
  3.0508474576E-08  1.5013750736E-01
  4.0677966102E-08  1.4978384435E-01
  5.0847457627E-08  1.4932952512E-01
  6.1016949153E-08  1.4877484224E-01
  7.1186440678E-08  1.4812015306E-01
  8.1355932203E-08  1.4736587971E-01
  9.1525423729E-08  1.4651250922E-01
  1.0169491525E-07  1.4556059368E-01
  1.1186440678E-07  1.4451075042E-01
  1.2203389831E-07  1.4336366231E-01
  1.3220338983E-07  1.4212007788E-01
  1.4237288136E-07  1.4078081138E-01
  1.5254237288E-07  1.3934674261E-01
  1.6271186441E-07  1.3781881631E-01
  1.7288135593E-07  1.3619804102E-01
  1.8305084746E-07  1.3448548755E-01
  1.9322033898E-07  1.3268228720E-01
  2.0338983051E-07  1.3078962966E-01
  2.1355932203E-07  1.2880876116E-01
  2.2372881356E-07  1.2674098310E-01
  2.3389830508E-07  1.2458765154E-01
  2.4406779661E-07  1.2235017791E-01
  2.5423728814E-07  1.2003003083E-01
  2.6440677966E-07  1.1762873896E-01
  2.7457627119E-07  1.1514789392E-01
  2.8474576271E-07  1.1258915207E-01
  2.9491525424E-07  1.0995423372E-01
  3.0508474576E-07  1.0724491871E-01
  3.1525423729E-07  1.0446303865E-01
  3.2542372881E-07  1.0161046693E-01
  3.3559322034E-07  9.8689110193E-02
  3.4576271186E-07  9.5700906710E-02
  3.5593220339E-07  9.2647835867E-02
  3.6610169492E-07  8.9531938942E-02
  3.7627118644E-07  8.6355343131E-02
  3.8644067797E-07  8.3120271854E-02
  3.9661016949E-07  7.9829021330E-02
  4.0677966102E-07  7.6483898287E-02
  4.1694915254E-07  7.3087149879E-02
  4.2711864407E-07  6.9640960352E-02
  4.3728813559E-07  6.6147584891E-02
  4.4745762712E-07  6.2609572067E-02
  4.5762711864E-07  5.9029775208E-02
  4.6779661017E-07  5.5410874192E-02
  4.7796610169E-07  5.1754547108E-02
  4.8813559322E-07  4.8062813471E-02
  4.9830508475E-07  4.4339138437E-02
  5.0847457627E-07  4.0593219682E-02
  5.1864406780E-07  3.6798503199E-02
  5.2881355932E-07  3.3017054084E-02
  5.3898305085E-07  2.9157990567E-02
  5.4915254237E-07  2.5345050683E-02
  5.5932203390E-07  2.1444860732E-02
  5.6949152542E-07  1.7613740700E-02
  5.7966101695E-07  1.3707761744E-02
  5.8983050847E-07  9.8060225530E-03
  6.0000000000E-07  5.9327010263E-03
 BLOCKEND
 $ X-AXIS = DISTANCE      Y-AXIS = W(C)
 BLOCK X=C1; Y=C2;       GOC=C3,WAD;
  0.0000000000E+00  1.3712760847E-03 M
  1.0169491525E-08  1.3712864814E-03
  2.0338983051E-08  1.3713175247E-03
  3.0508474576E-08  1.3713687440E-03
  4.0677966102E-08  1.3714393107E-03
  5.0847457627E-08  1.3715280122E-03
  6.1016949153E-08  1.3716331685E-03
  7.1186440678E-08  1.3717525876E-03
  8.1355932203E-08  1.3718836760E-03
  9.1525423729E-08  1.3720236219E-03
  1.0169491525E-07  1.3721696257E-03
  1.1186440678E-07  1.3723192699E-03
  1.2203389831E-07  1.3724709557E-03
  1.3220338983E-07  1.3726243020E-03
  1.4237288136E-07  1.3727805008E-03
  1.5254237288E-07  1.3729425300E-03
  1.6271186441E-07  1.3731150248E-03
  1.7288135593E-07  1.3733036904E-03
  1.8305084746E-07  1.3735143849E-03
  1.9322033898E-07  1.3737519501E-03
  2.0338983051E-07  1.3740188145E-03
  2.1355932203E-07  1.3743136763E-03
  2.2372881356E-07  1.3746306992E-03
  2.3389830508E-07  1.3749594721E-03
  2.4406779661E-07  1.3752860117E-03
  2.5423728814E-07  1.3755949725E-03
  2.6440677966E-07  1.3758727639E-03
  2.7457627119E-07  1.3761109479E-03
  2.8474576271E-07  1.3763086473E-03
  2.9491525424E-07  1.3764725734E-03
  3.0508474576E-07  1.3766138059E-03
  3.1525423729E-07  1.3767412027E-03
  3.2542372881E-07  1.3768526637E-03
  3.3559322034E-07  1.3769276248E-03
  3.4576271186E-07  1.3769259556E-03
  3.5593220339E-07  1.3767977490E-03
  3.6610169492E-07  1.3765042405E-03
  3.7627118644E-07  1.3760424329E-03
  3.8644067797E-07  1.3754569531E-03
  3.9661016949E-07  1.3748192489E-03
  4.0677966102E-07  1.3741683467E-03
  4.1694915254E-07  1.3734429309E-03
  4.2711864407E-07  1.3724781263E-03
  4.3728813559E-07  1.3711380358E-03
  4.4745762712E-07  1.3695385910E-03
  4.5762711864E-07  1.3680642494E-03
  4.6779661017E-07  1.3668980653E-03
  4.7796610169E-07  1.3651928571E-03
  4.8813559322E-07  1.3624061694E-03
  4.9830508475E-07  1.3594001481E-03
  5.0847457627E-07  1.3632999533E-03
  5.1864406780E-07  1.3448387333E-03
  5.2881355932E-07  1.3634669755E-03
  5.3898305085E-07  1.3254845838E-03
  5.4915254237E-07  1.3518614270E-03
  5.5932203390E-07  1.3063665562E-03
  5.6949152542E-07  1.3424601683E-03
  5.7966101695E-07  1.3136808721E-03
  5.8983050847E-07  1.2961853821E-03
  6.0000000000E-07  1.3111458579E-03
 BLOCKEND
 $ X-AXIS = DISTANCE      Y-AXIS = W(C)
 BLOCK X=C1; Y=C2;       GOC=C3,WAD;
  0.0000000000E+00  9.9784573222E-04 M
  1.0169491525E-08  9.9786120222E-04
  2.0338983051E-08  9.9790751428E-04
  3.0508474576E-08  9.9798434393E-04
  4.0677966102E-08  9.9809110544E-04
  5.0847457627E-08  9.9822692372E-04
  6.1016949153E-08  9.9839054891E-04
  7.1186440678E-08  9.9858030803E-04
  8.1355932203E-08  9.9879421163E-04
  9.1525423729E-08  9.9903013148E-04
  1.0169491525E-07  9.9928602557E-04
  1.1186440678E-07  9.9956030311E-04
  1.2203389831E-07  9.9985225601E-04
  1.3220338983E-07  1.0001624560E-03
  1.4237288136E-07  1.0004931104E-03
  1.5254237288E-07  1.0008482784E-03
  1.6271186441E-07  1.0012337510E-03
  1.7288135593E-07  1.0016564746E-03
  1.8305084746E-07  1.0021236488E-03
  1.9322033898E-07  1.0026415708E-03
  2.0338983051E-07  1.0032142505E-03
  2.1355932203E-07  1.0038421009E-03
  2.2372881356E-07  1.0045211315E-03
  2.3389830508E-07  1.0052428981E-03
  2.4406779661E-07  1.0059954829E-03
  2.5423728814E-07  1.0067656769E-03
  2.6440677966E-07  1.0075420658E-03
  2.7457627119E-07  1.0083183999E-03
  2.8474576271E-07  1.0090959870E-03
  2.9491525424E-07  1.0098837209E-03
  3.0508474576E-07  1.0106948769E-03
  3.1525423729E-07  1.0115405465E-03
  3.2542372881E-07  1.0124209207E-03
  3.3559322034E-07  1.0133177779E-03
  3.4576271186E-07  1.0141933373E-03
  3.5593220339E-07  1.0149999637E-03
  3.6610169492E-07  1.0157009845E-03
  3.7627118644E-07  1.0162952385E-03
  3.8644067797E-07  1.0168289331E-03
  3.9661016949E-07  1.0173749348E-03
  4.0677966102E-07  1.0179736665E-03
  4.1694915254E-07  1.0185652487E-03
  4.2711864407E-07  1.0189861421E-03
  4.3728813559E-07  1.0191013672E-03
  4.4745762712E-07  1.0190271392E-03
  4.5762711864E-07  1.0191478349E-03
  4.6779661017E-07  1.0196467428E-03
  4.7796610169E-07  1.0196773018E-03
  4.8813559322E-07  1.0186966927E-03
  4.9830508475E-07  1.0175649339E-03
  5.0847457627E-07  1.0234072632E-03
  5.1864406780E-07  1.0069576467E-03
  5.2881355932E-07  1.0276533888E-03
  5.3898305085E-07  9.9180225399E-04
  5.4915254237E-07  1.0203421614E-03
  5.5932203390E-07  9.7705026647E-04
  5.6949152542E-07  1.0153512438E-03
  5.7966101695E-07  9.8880983722E-04
  5.8983050847E-07  9.7355338586E-04
  6.0000000000E-07  9.9072763437E-04
 BLOCKEND
