 PROLOGUE 1
 XSCALE        0.00000          0.100000E-05
 YSCALE       0.215070E-08       2.69109    
 XTEXT DISTANCE
 YTEXT WEIGHT-PERCENT C
 XTYPE LINEAR
 YTYPE LINEAR
 XLENGTH        11.5000    
 YLENGTH        11.5000    
 TITLE   
 DATASET 1
 CLIP OFF
    0.00000    1.12000 NAM' TIME = 0,1E-04,.001,.01,.03,.1,.5,10,20
 1.05 1.05 MNA' CELL #   2
 CLIP ON
 $ X-AXIS = DISTANCE      Y-AXIS = W(C)
 BLOCK X=C1; Y=C2;       GOC=C3,WAD;
  0.0000000000E+00  3.0000000000E-01 M
  1.0101010101E-08  3.0000000000E-01
  2.0202020202E-08  3.0000000000E-01
  3.0303030303E-08  3.0000000000E-01
  4.0404040404E-08  3.0000000000E-01
  5.0505050505E-08  3.0000000000E-01
  6.0606060606E-08  3.0000000000E-01
  7.0707070707E-08  3.0000000000E-01
  8.0808080808E-08  3.0000000000E-01
  9.0909090909E-08  3.0000000000E-01
  1.0101010101E-07  3.0000000000E-01
  1.1111111111E-07  3.0000000000E-01
  1.2121212121E-07  3.0000000000E-01
  1.3131313131E-07  3.0000000000E-01
  1.4141414141E-07  3.0000000000E-01
  1.5151515152E-07  3.0000000000E-01
  1.6161616162E-07  3.0000000000E-01
  1.7171717172E-07  3.0000000000E-01
  1.8181818182E-07  3.0000000000E-01
  1.9191919192E-07  3.0000000000E-01
  2.0202020202E-07  3.0000000000E-01
  2.1212121212E-07  3.0000000000E-01
  2.2222222222E-07  3.0000000000E-01
  2.3232323232E-07  3.0000000000E-01
  2.4242424242E-07  3.0000000000E-01
  2.5252525253E-07  3.0000000000E-01
  2.6262626263E-07  3.0000000000E-01
  2.7272727273E-07  3.0000000000E-01
  2.8282828283E-07  3.0000000000E-01
  2.9292929293E-07  3.0000000000E-01
  3.0303030303E-07  3.0000000000E-01
  3.1313131313E-07  3.0000000000E-01
  3.2323232323E-07  3.0000000000E-01
  3.3333333333E-07  3.0000000000E-01
  3.4343434343E-07  3.0000000000E-01
  3.5353535354E-07  3.0000000000E-01
  3.6363636364E-07  3.0000000000E-01
  3.7373737374E-07  3.0000000000E-01
  3.8383838384E-07  3.0000000000E-01
  3.9393939394E-07  3.0000000000E-01
  4.0404040404E-07  3.0000000000E-01
  4.1414141414E-07  3.0000000000E-01
  4.2424242424E-07  3.0000000000E-01
  4.3434343434E-07  3.0000000000E-01
  4.4444444444E-07  3.0000000000E-01
  4.5454545455E-07  3.0000000000E-01
  4.6464646465E-07  3.0000000000E-01
  4.7474747475E-07  3.0000000000E-01
  4.8484848485E-07  3.0000000000E-01
  4.9494949495E-07  3.0000000000E-01
  5.0505050505E-07  3.0000000000E-01
  5.1515151515E-07  3.0000000000E-01
  5.2525252525E-07  3.0000000000E-01
  5.3535353535E-07  3.0000000000E-01
  5.4545454545E-07  3.0000000000E-01
  5.5555555556E-07  3.0000000000E-01
  5.6565656566E-07  3.0000000000E-01
  5.7575757576E-07  3.0000000000E-01
  5.8585858586E-07  3.0000000000E-01
  5.9595959596E-07  3.0000000000E-01
  6.0606060606E-07  3.0000000000E-01
  6.1616161616E-07  3.0000000000E-01
  6.2626262626E-07  3.0000000000E-01
  6.3636363636E-07  3.0000000000E-01
  6.4646464646E-07  3.0000000000E-01
  6.5656565657E-07  3.0000000000E-01
  6.6666666667E-07  3.0000000000E-01
  6.7676767677E-07  3.0000000000E-01
  6.8686868687E-07  3.0000000000E-01
  6.9696969697E-07  3.0000000000E-01
  7.0707070707E-07  3.0000000000E-01
  7.1717171717E-07  3.0000000000E-01
  7.2727272727E-07  3.0000000000E-01
  7.3737373737E-07  3.0000000000E-01
  7.4747474747E-07  3.0000000000E-01
  7.5757575758E-07  3.0000000000E-01
  7.6767676768E-07  3.0000000000E-01
  7.7777777778E-07  3.0000000000E-01
  7.8787878788E-07  3.0000000000E-01
  7.9797979798E-07  3.0000000000E-01
  8.0808080808E-07  3.0000000000E-01
  8.1818181818E-07  3.0000000000E-01
  8.2828282828E-07  3.0000000000E-01
  8.3838383838E-07  3.0000000000E-01
  8.4848484848E-07  3.0000000000E-01
  8.5858585859E-07  3.0000000000E-01
  8.6868686869E-07  3.0000000000E-01
  8.7878787879E-07  3.0000000000E-01
  8.8888888889E-07  3.0000000000E-01
  8.9898989899E-07  3.0000000000E-01
  9.0909090909E-07  3.0000000000E-01
  9.1919191919E-07  3.0000000000E-01
  9.2929292929E-07  3.0000000000E-01
  9.3939393939E-07  3.0000000000E-01
  9.4949494949E-07  3.0000000000E-01
  9.5959595960E-07  3.0000000000E-01
  9.6969696970E-07  3.0000000000E-01
  9.7979797980E-07  3.0000000000E-01
  9.8989898990E-07  3.0000000000E-01
  1.0000000000E-06  3.0000000000E-01
 BLOCKEND
 $ X-AXIS = DISTANCE      Y-AXIS = W(C)
 BLOCK X=C1; Y=C2;       GOC=C3,WAD;
  0.0000000000E+00  3.0000000000E-01 M
  1.0101010101E-08  3.0000000000E-01
  2.0202020202E-08  3.0000000000E-01
  3.0303030303E-08  3.0000000000E-01
  4.0404040404E-08  3.0000000000E-01
  5.0505050505E-08  3.0000000000E-01
  6.0606060606E-08  3.0000000000E-01
  7.0707070707E-08  3.0000000000E-01
  8.0808080808E-08  3.0000000000E-01
  9.0909090909E-08  3.0000000000E-01
  1.0101010101E-07  3.0000000000E-01
  1.1111111111E-07  3.0000000000E-01
  1.2121212121E-07  3.0000000000E-01
  1.3131313131E-07  3.0000000000E-01
  1.4141414141E-07  3.0000000000E-01
  1.5151515152E-07  3.0000000000E-01
  1.6161616162E-07  3.0000000000E-01
  1.7171717172E-07  3.0000000000E-01
  1.8181818182E-07  3.0000000000E-01
  1.9191919192E-07  3.0000000000E-01
  2.0202020202E-07  3.0000000000E-01
  2.1212121212E-07  3.0000000000E-01
  2.2222222222E-07  3.0000000000E-01
  2.3232323232E-07  3.0000000000E-01
  2.4242424242E-07  3.0000000000E-01
  2.5252525253E-07  3.0000000000E-01
  2.6262626263E-07  3.0000000000E-01
  2.7272727273E-07  3.0000000000E-01
  2.8282828283E-07  3.0000000000E-01
  2.9292929293E-07  3.0000000000E-01
  3.0303030303E-07  3.0000000000E-01
  3.1313131313E-07  3.0000000000E-01
  3.2323232323E-07  3.0000000000E-01
  3.3333333333E-07  3.0000000000E-01
  3.4343434343E-07  3.0000000000E-01
  3.5353535354E-07  3.0000000000E-01
  3.6363636364E-07  3.0000000000E-01
  3.7373737374E-07  3.0000000000E-01
  3.8383838384E-07  3.0000000000E-01
  3.9393939394E-07  3.0000000000E-01
  4.0404040404E-07  3.0000000000E-01
  4.1414141414E-07  3.0000000000E-01
  4.2424242424E-07  3.0000000000E-01
  4.3434343434E-07  3.0000000000E-01
  4.4444444444E-07  3.0000000000E-01
  4.5454545455E-07  3.0000000000E-01
  4.6464646465E-07  3.0000000000E-01
  4.7474747475E-07  3.0000000000E-01
  4.8484848485E-07  3.0000000000E-01
  4.9494949495E-07  3.0000000000E-01
  5.0505050505E-07  3.0000000000E-01
  5.1515151515E-07  3.0000000000E-01
  5.2525252525E-07  3.0000000000E-01
  5.3535353535E-07  3.0000000000E-01
  5.4545454545E-07  3.0000000000E-01
  5.5555555556E-07  3.0000000000E-01
  5.6565656566E-07  3.0000000000E-01
  5.7575757576E-07  3.0000000000E-01
  5.8585858586E-07  3.0000000000E-01
  5.9595959596E-07  3.0000000000E-01
  6.0606060606E-07  3.0000000000E-01
  6.1616161616E-07  3.0000000000E-01
  6.2626262626E-07  3.0000000000E-01
  6.3636363636E-07  3.0000000000E-01
  6.4646464646E-07  3.0000000000E-01
  6.5656565657E-07  3.0000000000E-01
  6.6666666667E-07  3.0000000000E-01
  6.7676767677E-07  3.0000000000E-01
  6.8686868687E-07  3.0000000000E-01
  6.9696969697E-07  3.0000000000E-01
  7.0707070707E-07  3.0000000000E-01
  7.1717171717E-07  3.0000000000E-01
  7.2727272727E-07  3.0000000000E-01
  7.3737373737E-07  3.0000000000E-01
  7.4747474747E-07  3.0000000000E-01
  7.5757575758E-07  3.0000000000E-01
  7.6767676768E-07  3.0000000000E-01
  7.7777777778E-07  3.0000000000E-01
  7.8787878788E-07  3.0000000000E-01
  7.9797979798E-07  3.0000000000E-01
  8.0808080808E-07  2.9999999999E-01
  8.1818181818E-07  3.0000000003E-01
  8.2828282828E-07  2.9999999988E-01
  8.3838383838E-07  3.0000000043E-01
  8.4848484848E-07  2.9999999839E-01
  8.5858585859E-07  3.0000000600E-01
  8.6868686869E-07  2.9999997756E-01
  8.7878787879E-07  3.0000008387E-01
  8.8888888889E-07  2.9999968654E-01
  8.9898989899E-07  3.0000117154E-01
  9.0909090909E-07  2.9999562148E-01
  9.1919191919E-07  3.0001636430E-01
  9.2929292929E-07  2.9993883991E-01
  9.3939393939E-07  3.0022857905E-01
  9.4949494949E-07  2.9914569682E-01
  9.5959595960E-07  3.0319271175E-01
  9.6969696970E-07  2.8806531073E-01
  9.7979797980E-07  3.4457328036E-01
  9.8989898990E-07  1.3296906297E-01
  1.0000000000E-06  9.1942307675E-01
 BLOCKEND
 $ X-AXIS = DISTANCE      Y-AXIS = W(C)
 BLOCK X=C1; Y=C2;       GOC=C3,WAD;
  0.0000000000E+00  3.0000000000E-01 M
  1.0101010101E-08  3.0000000000E-01
  2.0202020202E-08  3.0000000000E-01
  3.0303030303E-08  3.0000000000E-01
  4.0404040404E-08  3.0000000000E-01
  5.0505050505E-08  3.0000000000E-01
  6.0606060606E-08  3.0000000000E-01
  7.0707070707E-08  3.0000000000E-01
  8.0808080808E-08  3.0000000000E-01
  9.0909090909E-08  3.0000000000E-01
  1.0101010101E-07  3.0000000000E-01
  1.1111111111E-07  3.0000000000E-01
  1.2121212121E-07  3.0000000000E-01
  1.3131313131E-07  3.0000000000E-01
  1.4141414141E-07  3.0000000000E-01
  1.5151515152E-07  3.0000000000E-01
  1.6161616162E-07  3.0000000000E-01
  1.7171717172E-07  3.0000000000E-01
  1.8181818182E-07  3.0000000000E-01
  1.9191919192E-07  3.0000000000E-01
  2.0202020202E-07  3.0000000000E-01
  2.1212121212E-07  3.0000000000E-01
  2.2222222222E-07  3.0000000000E-01
  2.3232323232E-07  3.0000000000E-01
  2.4242424242E-07  3.0000000000E-01
  2.5252525253E-07  3.0000000000E-01
  2.6262626263E-07  3.0000000000E-01
  2.7272727273E-07  3.0000000000E-01
  2.8282828283E-07  3.0000000000E-01
  2.9292929293E-07  3.0000000000E-01
  3.0303030303E-07  3.0000000000E-01
  3.1313131313E-07  3.0000000000E-01
  3.2323232323E-07  3.0000000000E-01
  3.3333333333E-07  3.0000000000E-01
  3.4343434343E-07  3.0000000000E-01
  3.5353535354E-07  3.0000000000E-01
  3.6363636364E-07  3.0000000000E-01
  3.7373737374E-07  3.0000000000E-01
  3.8383838384E-07  3.0000000000E-01
  3.9393939394E-07  3.0000000000E-01
  4.0404040404E-07  3.0000000000E-01
  4.1414141414E-07  3.0000000000E-01
  4.2424242424E-07  3.0000000000E-01
  4.3434343434E-07  3.0000000000E-01
  4.4444444444E-07  3.0000000000E-01
  4.5454545455E-07  3.0000000000E-01
  4.6464646465E-07  3.0000000000E-01
  4.7474747475E-07  3.0000000000E-01
  4.8484848485E-07  3.0000000000E-01
  4.9494949495E-07  3.0000000000E-01
  5.0505050505E-07  3.0000000000E-01
  5.1515151515E-07  3.0000000000E-01
  5.2525252525E-07  3.0000000000E-01
  5.3535353535E-07  3.0000000000E-01
  5.4545454545E-07  3.0000000000E-01
  5.5555555556E-07  3.0000000000E-01
  5.6565656566E-07  3.0000000000E-01
  5.7575757576E-07  3.0000000000E-01
  5.8585858586E-07  3.0000000000E-01
  5.9595959596E-07  3.0000000000E-01
  6.0606060606E-07  3.0000000000E-01
  6.1616161616E-07  3.0000000000E-01
  6.2626262626E-07  3.0000000000E-01
  6.3636363636E-07  3.0000000000E-01
  6.4646464646E-07  3.0000000000E-01
  6.5656565657E-07  3.0000000000E-01
  6.6666666667E-07  3.0000000000E-01
  6.7676767677E-07  3.0000000000E-01
  6.8686868687E-07  3.0000000000E-01
  6.9696969697E-07  3.0000000000E-01
  7.0707070707E-07  3.0000000000E-01
  7.1717171717E-07  3.0000000000E-01
  7.2727272727E-07  3.0000000000E-01
  7.3737373737E-07  3.0000000000E-01
  7.4747474747E-07  3.0000000000E-01
  7.5757575758E-07  3.0000000000E-01
  7.6767676768E-07  3.0000000000E-01
  7.7777777778E-07  3.0000000000E-01
  7.8787878788E-07  3.0000000000E-01
  7.9797979798E-07  3.0000000000E-01
  8.0808080808E-07  2.9999999998E-01
  8.1818181818E-07  3.0000000007E-01
  8.2828282828E-07  2.9999999974E-01
  8.3838383838E-07  3.0000000098E-01
  8.4848484848E-07  2.9999999631E-01
  8.5858585859E-07  3.0000001395E-01
  8.6868686869E-07  2.9999994730E-01
  8.7878787879E-07  3.0000019910E-01
  8.8888888889E-07  2.9999924779E-01
  8.9898989899E-07  3.0000284170E-01
  9.0909090909E-07  2.9998926533E-01
  9.1919191919E-07  3.0004054855E-01
  9.2929292929E-07  2.9984684212E-01
  9.3939393939E-07  3.0057846112E-01
  9.4949494949E-07  2.9781522955E-01
  9.5959595960E-07  3.0824967616E-01
  9.6969696970E-07  2.6882992368E-01
  9.7979797980E-07  4.1749837031E-01
  9.8989898990E-07  2.1506974410E-09
  1.0000000000E-06  2.0988403511E+00
 BLOCKEND
 $ X-AXIS = DISTANCE      Y-AXIS = W(C)
 BLOCK X=C1; Y=C2;       GOC=C3,WAD;
  0.0000000000E+00  3.0000000000E-01 M
  1.0101010101E-08  3.0000000000E-01
  2.0202020202E-08  3.0000000000E-01
  3.0303030303E-08  3.0000000000E-01
  4.0404040404E-08  3.0000000000E-01
  5.0505050505E-08  3.0000000000E-01
  6.0606060606E-08  3.0000000000E-01
  7.0707070707E-08  3.0000000000E-01
  8.0808080808E-08  3.0000000000E-01
  9.0909090909E-08  3.0000000000E-01
  1.0101010101E-07  3.0000000000E-01
  1.1111111111E-07  3.0000000000E-01
  1.2121212121E-07  3.0000000000E-01
  1.3131313131E-07  3.0000000000E-01
  1.4141414141E-07  3.0000000000E-01
  1.5151515152E-07  3.0000000000E-01
  1.6161616162E-07  3.0000000000E-01
  1.7171717172E-07  3.0000000000E-01
  1.8181818182E-07  3.0000000000E-01
  1.9191919192E-07  3.0000000000E-01
  2.0202020202E-07  3.0000000000E-01
  2.1212121212E-07  3.0000000000E-01
  2.2222222222E-07  3.0000000000E-01
  2.3232323232E-07  3.0000000000E-01
  2.4242424242E-07  3.0000000000E-01
  2.5252525253E-07  3.0000000000E-01
  2.6262626263E-07  3.0000000000E-01
  2.7272727273E-07  3.0000000000E-01
  2.8282828283E-07  3.0000000000E-01
  2.9292929293E-07  3.0000000000E-01
  3.0303030303E-07  3.0000000000E-01
  3.1313131313E-07  3.0000000000E-01
  3.2323232323E-07  3.0000000000E-01
  3.3333333333E-07  3.0000000000E-01
  3.4343434343E-07  3.0000000000E-01
  3.5353535354E-07  3.0000000000E-01
  3.6363636364E-07  3.0000000000E-01
  3.7373737374E-07  3.0000000000E-01
  3.8383838384E-07  3.0000000000E-01
  3.9393939394E-07  3.0000000000E-01
  4.0404040404E-07  3.0000000000E-01
  4.1414141414E-07  3.0000000000E-01
  4.2424242424E-07  3.0000000000E-01
  4.3434343434E-07  3.0000000000E-01
  4.4444444444E-07  3.0000000000E-01
  4.5454545455E-07  3.0000000000E-01
  4.6464646465E-07  3.0000000000E-01
  4.7474747475E-07  3.0000000000E-01
  4.8484848485E-07  3.0000000000E-01
  4.9494949495E-07  3.0000000000E-01
  5.0505050505E-07  3.0000000000E-01
  5.1515151515E-07  3.0000000000E-01
  5.2525252525E-07  3.0000000000E-01
  5.3535353535E-07  3.0000000000E-01
  5.4545454545E-07  3.0000000000E-01
  5.5555555556E-07  3.0000000000E-01
  5.6565656566E-07  3.0000000000E-01
  5.7575757576E-07  3.0000000000E-01
  5.8585858586E-07  3.0000000000E-01
  5.9595959596E-07  3.0000000000E-01
  6.0606060606E-07  3.0000000000E-01
  6.1616161616E-07  3.0000000000E-01
  6.2626262626E-07  3.0000000000E-01
  6.3636363636E-07  3.0000000000E-01
  6.4646464646E-07  3.0000000000E-01
  6.5656565657E-07  3.0000000000E-01
  6.6666666667E-07  3.0000000000E-01
  6.7676767677E-07  3.0000000000E-01
  6.8686868687E-07  3.0000000000E-01
  6.9696969697E-07  3.0000000000E-01
  7.0707070707E-07  3.0000000000E-01
  7.1717171717E-07  3.0000000000E-01
  7.2727272727E-07  3.0000000000E-01
  7.3737373737E-07  3.0000000000E-01
  7.4747474747E-07  3.0000000000E-01
  7.5757575758E-07  3.0000000000E-01
  7.6767676768E-07  3.0000000000E-01
  7.7777777778E-07  3.0000000000E-01
  7.8787878788E-07  3.0000000000E-01
  7.9797979798E-07  3.0000000000E-01
  8.0808080808E-07  3.0000000001E-01
  8.1818181818E-07  2.9999999996E-01
  8.2828282828E-07  3.0000000018E-01
  8.3838383838E-07  2.9999999926E-01
  8.4848484848E-07  3.0000000298E-01
  8.5858585859E-07  2.9999998805E-01
  8.6868686869E-07  3.0000004766E-01
  8.7878787879E-07  2.9999981059E-01
  8.8888888889E-07  3.0000075005E-01
  8.9898989899E-07  2.9999703974E-01
  9.0909090909E-07  3.0001164685E-01
  9.1919191919E-07  2.9995431167E-01
  9.2929292929E-07  3.0017872087E-01
  9.3939393939E-07  2.9930273155E-01
  9.4949494949E-07  3.0271286589E-01
  9.5959595960E-07  2.8946448177E-01
  9.6969696970E-07  3.4071465993E-01
  9.7979797980E-07  1.4075221906E-01
  9.8989898990E-07  1.2434842181E+00
  1.0000000000E-06  2.4987087819E+00
 BLOCKEND
 $ X-AXIS = DISTANCE      Y-AXIS = W(C)
 BLOCK X=C1; Y=C2;       GOC=C3,WAD;
  0.0000000000E+00  3.0000000000E-01 M
  1.0101010101E-08  3.0000000000E-01
  2.0202020202E-08  3.0000000000E-01
  3.0303030303E-08  3.0000000000E-01
  4.0404040404E-08  3.0000000000E-01
  5.0505050505E-08  3.0000000000E-01
  6.0606060606E-08  3.0000000000E-01
  7.0707070707E-08  3.0000000000E-01
  8.0808080808E-08  3.0000000000E-01
  9.0909090909E-08  3.0000000000E-01
  1.0101010101E-07  3.0000000000E-01
  1.1111111111E-07  3.0000000000E-01
  1.2121212121E-07  3.0000000000E-01
  1.3131313131E-07  3.0000000000E-01
  1.4141414141E-07  3.0000000000E-01
  1.5151515152E-07  3.0000000000E-01
  1.6161616162E-07  3.0000000000E-01
  1.7171717172E-07  3.0000000000E-01
  1.8181818182E-07  3.0000000000E-01
  1.9191919192E-07  3.0000000000E-01
  2.0202020202E-07  3.0000000000E-01
  2.1212121212E-07  3.0000000000E-01
  2.2222222222E-07  3.0000000000E-01
  2.3232323232E-07  3.0000000000E-01
  2.4242424242E-07  3.0000000000E-01
  2.5252525253E-07  3.0000000000E-01
  2.6262626263E-07  3.0000000000E-01
  2.7272727273E-07  3.0000000000E-01
  2.8282828283E-07  3.0000000000E-01
  2.9292929293E-07  3.0000000000E-01
  3.0303030303E-07  3.0000000000E-01
  3.1313131313E-07  3.0000000000E-01
  3.2323232323E-07  3.0000000000E-01
  3.3333333333E-07  3.0000000000E-01
  3.4343434343E-07  3.0000000000E-01
  3.5353535354E-07  3.0000000000E-01
  3.6363636364E-07  3.0000000000E-01
  3.7373737374E-07  3.0000000000E-01
  3.8383838384E-07  3.0000000000E-01
  3.9393939394E-07  3.0000000000E-01
  4.0404040404E-07  3.0000000000E-01
  4.1414141414E-07  3.0000000000E-01
  4.2424242424E-07  3.0000000000E-01
  4.3434343434E-07  3.0000000000E-01
  4.4444444444E-07  3.0000000000E-01
  4.5454545455E-07  3.0000000000E-01
  4.6464646465E-07  3.0000000000E-01
  4.7474747475E-07  3.0000000000E-01
  4.8484848485E-07  3.0000000000E-01
  4.9494949495E-07  3.0000000000E-01
  5.0505050505E-07  3.0000000000E-01
  5.1515151515E-07  3.0000000000E-01
  5.2525252525E-07  3.0000000000E-01
  5.3535353535E-07  3.0000000000E-01
  5.4545454545E-07  3.0000000000E-01
  5.5555555556E-07  3.0000000000E-01
  5.6565656566E-07  3.0000000000E-01
  5.7575757576E-07  3.0000000000E-01
  5.8585858586E-07  3.0000000000E-01
  5.9595959596E-07  3.0000000000E-01
  6.0606060606E-07  3.0000000000E-01
  6.1616161616E-07  3.0000000000E-01
  6.2626262626E-07  3.0000000000E-01
  6.3636363636E-07  3.0000000000E-01
  6.4646464646E-07  3.0000000000E-01
  6.5656565657E-07  3.0000000000E-01
  6.6666666667E-07  3.0000000000E-01
  6.7676767677E-07  3.0000000000E-01
  6.8686868687E-07  3.0000000000E-01
  6.9696969697E-07  3.0000000000E-01
  7.0707070707E-07  3.0000000000E-01
  7.1717171717E-07  3.0000000000E-01
  7.2727272727E-07  3.0000000000E-01
  7.3737373737E-07  3.0000000000E-01
  7.4747474747E-07  3.0000000000E-01
  7.5757575758E-07  3.0000000000E-01
  7.6767676768E-07  3.0000000000E-01
  7.7777777778E-07  3.0000000000E-01
  7.8787878788E-07  3.0000000000E-01
  7.9797979798E-07  3.0000000000E-01
  8.0808080808E-07  3.0000000000E-01
  8.1818181818E-07  3.0000000002E-01
  8.2828282828E-07  2.9999999991E-01
  8.3838383838E-07  3.0000000041E-01
  8.4848484848E-07  2.9999999822E-01
  8.5858585859E-07  3.0000000771E-01
  8.6868686869E-07  2.9999996680E-01
  8.7878787879E-07  3.0000014199E-01
  8.8888888889E-07  2.9999939640E-01
  8.9898989899E-07  3.0000254985E-01
  9.0909090909E-07  2.9998929570E-01
  9.1919191919E-07  3.0004465229E-01
  9.2929292929E-07  2.9981491674E-01
  9.3939393939E-07  3.0076188989E-01
  9.4949494949E-07  2.9688164302E-01
  9.5959595960E-07  3.1261152167E-01
  9.6969696970E-07  2.4791451359E-01
  9.7979797980E-07  5.8981017716E-01
  9.8989898990E-07  2.0358564924E+00
  1.0000000000E-06  2.6400928277E+00
 BLOCKEND
 $ X-AXIS = DISTANCE      Y-AXIS = W(C)
 BLOCK X=C1; Y=C2;       GOC=C3,WAD;
  0.0000000000E+00  3.0000000000E-01 M
  1.0101010101E-08  3.0000000000E-01
  2.0202020202E-08  3.0000000000E-01
  3.0303030303E-08  3.0000000000E-01
  4.0404040404E-08  3.0000000000E-01
  5.0505050505E-08  3.0000000000E-01
  6.0606060606E-08  3.0000000000E-01
  7.0707070707E-08  3.0000000000E-01
  8.0808080808E-08  3.0000000000E-01
  9.0909090909E-08  3.0000000000E-01
  1.0101010101E-07  3.0000000000E-01
  1.1111111111E-07  3.0000000000E-01
  1.2121212121E-07  3.0000000000E-01
  1.3131313131E-07  3.0000000000E-01
  1.4141414141E-07  3.0000000000E-01
  1.5151515152E-07  3.0000000000E-01
  1.6161616162E-07  3.0000000000E-01
  1.7171717172E-07  3.0000000000E-01
  1.8181818182E-07  3.0000000000E-01
  1.9191919192E-07  3.0000000000E-01
  2.0202020202E-07  3.0000000000E-01
  2.1212121212E-07  3.0000000000E-01
  2.2222222222E-07  3.0000000000E-01
  2.3232323232E-07  3.0000000000E-01
  2.4242424242E-07  3.0000000000E-01
  2.5252525253E-07  3.0000000000E-01
  2.6262626263E-07  3.0000000000E-01
  2.7272727273E-07  3.0000000000E-01
  2.8282828283E-07  3.0000000000E-01
  2.9292929293E-07  3.0000000000E-01
  3.0303030303E-07  3.0000000000E-01
  3.1313131313E-07  3.0000000000E-01
  3.2323232323E-07  3.0000000000E-01
  3.3333333333E-07  3.0000000000E-01
  3.4343434343E-07  3.0000000000E-01
  3.5353535354E-07  3.0000000000E-01
  3.6363636364E-07  3.0000000000E-01
  3.7373737374E-07  3.0000000000E-01
  3.8383838384E-07  3.0000000000E-01
  3.9393939394E-07  3.0000000000E-01
  4.0404040404E-07  3.0000000000E-01
  4.1414141414E-07  3.0000000000E-01
  4.2424242424E-07  3.0000000000E-01
  4.3434343434E-07  3.0000000000E-01
  4.4444444444E-07  3.0000000000E-01
  4.5454545455E-07  3.0000000000E-01
  4.6464646465E-07  3.0000000000E-01
  4.7474747475E-07  3.0000000000E-01
  4.8484848485E-07  3.0000000000E-01
  4.9494949495E-07  3.0000000000E-01
  5.0505050505E-07  3.0000000000E-01
  5.1515151515E-07  3.0000000000E-01
  5.2525252525E-07  3.0000000000E-01
  5.3535353535E-07  3.0000000000E-01
  5.4545454545E-07  3.0000000000E-01
  5.5555555556E-07  3.0000000000E-01
  5.6565656566E-07  3.0000000000E-01
  5.7575757576E-07  3.0000000000E-01
  5.8585858586E-07  3.0000000000E-01
  5.9595959596E-07  3.0000000000E-01
  6.0606060606E-07  3.0000000000E-01
  6.1616161616E-07  3.0000000000E-01
  6.2626262626E-07  3.0000000000E-01
  6.3636363636E-07  3.0000000000E-01
  6.4646464646E-07  3.0000000000E-01
  6.5656565657E-07  3.0000000000E-01
  6.6666666667E-07  3.0000000000E-01
  6.7676767677E-07  3.0000000000E-01
  6.8686868687E-07  3.0000000000E-01
  6.9696969697E-07  3.0000000000E-01
  7.0707070707E-07  3.0000000000E-01
  7.1717171717E-07  3.0000000000E-01
  7.2727272727E-07  3.0000000000E-01
  7.3737373737E-07  3.0000000000E-01
  7.4747474747E-07  3.0000000000E-01
  7.5757575758E-07  3.0000000000E-01
  7.6767676768E-07  3.0000000000E-01
  7.7777777778E-07  3.0000000000E-01
  7.8787878788E-07  3.0000000000E-01
  7.9797979798E-07  3.0000000001E-01
  8.0808080808E-07  2.9999999995E-01
  8.1818181818E-07  3.0000000017E-01
  8.2828282828E-07  2.9999999945E-01
  8.3838383838E-07  3.0000000167E-01
  8.4848484848E-07  2.9999999556E-01
  8.5858585859E-07  3.0000000837E-01
  8.6868686869E-07  3.0000000474E-01
  8.7878787879E-07  2.9999982949E-01
  8.8888888889E-07  3.0000126592E-01
  8.9898989899E-07  2.9999276403E-01
  9.0909090909E-07  3.0003665828E-01
  9.1919191919E-07  2.9982773807E-01
  9.2929292929E-07  3.0076381747E-01
  9.3939393939E-07  2.9676959916E-01
  9.4949494949E-07  3.1245015982E-01
  9.5959595960E-07  3.0630422622E-01
  9.6969696970E-07  9.4480282888E-01
  9.7979797980E-07  1.9413169036E+00
  9.8989898990E-07  2.4392960552E+00
  1.0000000000E-06  2.6910924436E+00
 BLOCKEND
 $ X-AXIS = DISTANCE      Y-AXIS = W(C)
 BLOCK X=C1; Y=C2;       GOC=C3,WAD;
  0.0000000000E+00  3.0000000000E-01 M
  1.0101010101E-08  3.0000000000E-01
  2.0202020202E-08  3.0000000000E-01
  3.0303030303E-08  3.0000000000E-01
  4.0404040404E-08  3.0000000000E-01
  5.0505050505E-08  3.0000000000E-01
  6.0606060606E-08  3.0000000000E-01
  7.0707070707E-08  3.0000000000E-01
  8.0808080808E-08  3.0000000000E-01
  9.0909090909E-08  3.0000000000E-01
  1.0101010101E-07  3.0000000000E-01
  1.1111111111E-07  3.0000000000E-01
  1.2121212121E-07  3.0000000000E-01
  1.3131313131E-07  3.0000000000E-01
  1.4141414141E-07  3.0000000000E-01
  1.5151515152E-07  3.0000000000E-01
  1.6161616162E-07  3.0000000000E-01
  1.7171717172E-07  3.0000000000E-01
  1.8181818182E-07  3.0000000000E-01
  1.9191919192E-07  3.0000000000E-01
  2.0202020202E-07  3.0000000000E-01
  2.1212121212E-07  3.0000000000E-01
  2.2222222222E-07  3.0000000000E-01
  2.3232323232E-07  3.0000000000E-01
  2.4242424242E-07  3.0000000000E-01
  2.5252525253E-07  3.0000000000E-01
  2.6262626263E-07  3.0000000000E-01
  2.7272727273E-07  3.0000000000E-01
  2.8282828283E-07  3.0000000000E-01
  2.9292929293E-07  3.0000000000E-01
  3.0303030303E-07  3.0000000000E-01
  3.1313131313E-07  3.0000000000E-01
  3.2323232323E-07  3.0000000000E-01
  3.3333333333E-07  3.0000000000E-01
  3.4343434343E-07  3.0000000000E-01
  3.5353535354E-07  3.0000000000E-01
  3.6363636364E-07  3.0000000000E-01
  3.7373737374E-07  3.0000000000E-01
  3.8383838384E-07  3.0000000000E-01
  3.9393939394E-07  3.0000000000E-01
  4.0404040404E-07  3.0000000000E-01
  4.1414141414E-07  3.0000000000E-01
  4.2424242424E-07  3.0000000000E-01
  4.3434343434E-07  3.0000000000E-01
  4.4444444444E-07  3.0000000000E-01
  4.5454545455E-07  3.0000000000E-01
  4.6464646465E-07  3.0000000000E-01
  4.7474747475E-07  3.0000000000E-01
  4.8484848485E-07  3.0000000000E-01
  4.9494949495E-07  3.0000000000E-01
  5.0505050505E-07  3.0000000000E-01
  5.1515151515E-07  3.0000000000E-01
  5.2525252525E-07  3.0000000000E-01
  5.3535353535E-07  3.0000000000E-01
  5.4545454545E-07  3.0000000000E-01
  5.5555555556E-07  3.0000000000E-01
  5.6565656566E-07  3.0000000000E-01
  5.7575757576E-07  3.0000000000E-01
  5.8585858586E-07  3.0000000000E-01
  5.9595959596E-07  3.0000000000E-01
  6.0606060606E-07  3.0000000000E-01
  6.1616161616E-07  3.0000000000E-01
  6.2626262626E-07  3.0000000000E-01
  6.3636363636E-07  3.0000000000E-01
  6.4646464646E-07  3.0000000000E-01
  6.5656565657E-07  3.0000000000E-01
  6.6666666667E-07  3.0000000000E-01
  6.7676767677E-07  3.0000000000E-01
  6.8686868687E-07  3.0000000000E-01
  6.9696969697E-07  3.0000000000E-01
  7.0707070707E-07  3.0000000000E-01
  7.1717171717E-07  3.0000000000E-01
  7.2727272727E-07  3.0000000000E-01
  7.3737373737E-07  3.0000000000E-01
  7.4747474747E-07  3.0000000000E-01
  7.5757575758E-07  3.0000000000E-01
  7.6767676768E-07  3.0000000000E-01
  7.7777777778E-07  3.0000000000E-01
  7.8787878788E-07  3.0000000001E-01
  7.9797979798E-07  2.9999999994E-01
  8.0808080808E-07  3.0000000021E-01
  8.1818181818E-07  2.9999999926E-01
  8.2828282828E-07  3.0000000240E-01
  8.3838383838E-07  2.9999999339E-01
  8.4848484848E-07  3.0000001148E-01
  8.5858585859E-07  3.0000002519E-01
  8.6868686869E-07  2.9999957418E-01
  8.7878787879E-07  3.0000304550E-01
  8.8888888889E-07  2.9998524815E-01
  8.9898989899E-07  2.9999943724E-01
  9.0909090909E-07  3.2892685602E-01
  9.1919191919E-07  4.9606808815E-01
  9.2929292929E-07  7.2261764333E-01
  9.3939393939E-07  1.0756191312E+00
  9.4949494949E-07  1.6383840320E+00
  9.5959595960E-07  2.0028974726E+00
  9.6969696970E-07  2.2435442173E+00
  9.7979797980E-07  2.4086778214E+00
  9.8989898990E-07  2.5287889623E+00
  1.0000000000E-06  2.6256796334E+00
 BLOCKEND
 $ X-AXIS = DISTANCE      Y-AXIS = W(C)
 BLOCK X=C1; Y=C2;       GOC=C3,WAD;
  0.0000000000E+00  3.0000000000E-01 M
  1.0101010101E-08  3.0000000000E-01
  2.0202020202E-08  3.0000000000E-01
  3.0303030303E-08  3.0000000000E-01
  4.0404040404E-08  3.0000000000E-01
  5.0505050505E-08  3.0000000000E-01
  6.0606060606E-08  3.0000000000E-01
  7.0707070707E-08  3.0000000000E-01
  8.0808080808E-08  3.0000000000E-01
  9.0909090909E-08  3.0000000000E-01
  1.0101010101E-07  3.0000000000E-01
  1.1111111111E-07  3.0000000000E-01
  1.2121212121E-07  3.0000000000E-01
  1.3131313131E-07  3.0000000000E-01
  1.4141414141E-07  3.0000000000E-01
  1.5151515152E-07  3.0000000000E-01
  1.6161616162E-07  3.0000000000E-01
  1.7171717172E-07  3.0000000000E-01
  1.8181818182E-07  3.0000000000E-01
  1.9191919192E-07  3.0000000000E-01
  2.0202020202E-07  3.0000000000E-01
  2.1212121212E-07  3.0000000000E-01
  2.2222222222E-07  3.0000000000E-01
  2.3232323232E-07  3.0000000000E-01
  2.4242424242E-07  3.0000000000E-01
  2.5252525253E-07  3.0000000000E-01
  2.6262626263E-07  3.0000000000E-01
  2.7272727273E-07  3.0000000000E-01
  2.8282828283E-07  3.0000000000E-01
  2.9292929293E-07  3.0000000000E-01
  3.0303030303E-07  3.0000000000E-01
  3.1313131313E-07  3.0000000000E-01
  3.2323232323E-07  3.0000000000E-01
  3.3333333333E-07  3.0000000000E-01
  3.4343434343E-07  3.0000000000E-01
  3.5353535354E-07  3.0000000000E-01
  3.6363636364E-07  3.0000000000E-01
  3.7373737374E-07  3.0000000000E-01
  3.8383838384E-07  3.0000000000E-01
  3.9393939394E-07  3.0000000001E-01
  4.0404040404E-07  3.0000000002E-01
  4.1414141414E-07  3.0000000004E-01
  4.2424242424E-07  3.0000000008E-01
  4.3434343434E-07  3.0000000015E-01
  4.4444444444E-07  3.0000000031E-01
  4.5454545455E-07  3.0000000063E-01
  4.6464646465E-07  3.0000000128E-01
  4.7474747475E-07  3.0000000259E-01
  4.8484848485E-07  3.0000000522E-01
  4.9494949495E-07  3.0000001050E-01
  5.0505050505E-07  3.0000002107E-01
  5.1515151515E-07  3.0000004215E-01
  5.2525252525E-07  3.0000008411E-01
  5.3535353535E-07  3.0000016734E-01
  5.4545454545E-07  3.0000033189E-01
  5.5555555556E-07  3.0000065600E-01
  5.6565656566E-07  3.0000129189E-01
  5.7575757576E-07  3.0000253407E-01
  5.8585858586E-07  3.0000494929E-01
  5.9595959596E-07  3.0000962139E-01
  6.0606060606E-07  3.0001860908E-01
  6.1616161616E-07  3.0003579376E-01
  6.2626262626E-07  3.0006842897E-01
  6.3636363636E-07  3.0012994188E-01
  6.4646464646E-07  3.0024491677E-01
  6.5656565657E-07  3.0045774616E-01
  6.6666666667E-07  3.0084736085E-01
  6.7676767677E-07  3.0155140834E-01
  6.8686868687E-07  3.0280373248E-01
  6.9696969697E-07  3.0498798705E-01
  7.0707070707E-07  3.0870402321E-01
  7.1717171717E-07  3.1482931328E-01
  7.2727272727E-07  3.2453826392E-01
  7.3737373737E-07  3.3924402193E-01
  7.4747474747E-07  3.6049774988E-01
  7.5757575758E-07  3.8999949252E-01
  7.6767676768E-07  4.2980161139E-01
  7.7777777778E-07  4.8223093458E-01
  7.8787878788E-07  5.4852575370E-01
  7.9797979798E-07  6.2624821326E-01
  8.0808080808E-07  7.0821211472E-01
  8.1818181818E-07  7.8618273864E-01
  8.2828282828E-07  8.5766944819E-01
  8.3838383838E-07  9.2638014244E-01
  8.4848484848E-07  9.9113570235E-01
  8.5858585859E-07  1.0437612674E+00
  8.6868686869E-07  1.0897687083E+00
  8.7878787879E-07  1.1405895288E+00
  8.8888888889E-07  1.1772082963E+00
  8.9898989899E-07  1.2038239111E+00
  9.0909090909E-07  1.2449483803E+00
  9.1919191919E-07  1.2558558615E+00
  9.2929292929E-07  1.2909013340E+00
  9.3939393939E-07  1.3032860982E+00
  9.4949494949E-07  1.3268648313E+00
  9.5959595960E-07  1.3301023073E+00
  9.6969696970E-07  1.3528413429E+00
  9.7979797980E-07  1.3665622606E+00
  9.8989898990E-07  1.3532424385E+00
  1.0000000000E-06  1.3500761808E+00
 BLOCKEND
 $ X-AXIS = DISTANCE      Y-AXIS = W(C)
 BLOCK X=C1; Y=C2;       GOC=C3,WAD;
  0.0000000000E+00  3.0000000000E-01 M
  1.0101010101E-08  3.0000000000E-01
  2.0202020202E-08  3.0000000000E-01
  3.0303030303E-08  3.0000000000E-01
  4.0404040404E-08  3.0000000000E-01
  5.0505050505E-08  3.0000000000E-01
  6.0606060606E-08  3.0000000000E-01
  7.0707070707E-08  3.0000000000E-01
  8.0808080808E-08  3.0000000000E-01
  9.0909090909E-08  3.0000000000E-01
  1.0101010101E-07  3.0000000000E-01
  1.1111111111E-07  3.0000000000E-01
  1.2121212121E-07  3.0000000000E-01
  1.3131313131E-07  3.0000000000E-01
  1.4141414141E-07  3.0000000000E-01
  1.5151515152E-07  3.0000000000E-01
  1.6161616162E-07  3.0000000000E-01
  1.7171717172E-07  3.0000000000E-01
  1.8181818182E-07  3.0000000000E-01
  1.9191919192E-07  3.0000000000E-01
  2.0202020202E-07  3.0000000000E-01
  2.1212121212E-07  3.0000000000E-01
  2.2222222222E-07  3.0000000000E-01
  2.3232323232E-07  3.0000000000E-01
  2.4242424242E-07  3.0000000000E-01
  2.5252525253E-07  3.0000000000E-01
  2.6262626263E-07  3.0000000001E-01
  2.7272727273E-07  3.0000000001E-01
  2.8282828283E-07  3.0000000002E-01
  2.9292929293E-07  3.0000000005E-01
  3.0303030303E-07  3.0000000009E-01
  3.1313131313E-07  3.0000000016E-01
  3.2323232323E-07  3.0000000031E-01
  3.3333333333E-07  3.0000000058E-01
  3.4343434343E-07  3.0000000107E-01
  3.5353535354E-07  3.0000000199E-01
  3.6363636364E-07  3.0000000368E-01
  3.7373737374E-07  3.0000000678E-01
  3.8383838384E-07  3.0000001246E-01
  3.9393939394E-07  3.0000002282E-01
  4.0404040404E-07  3.0000004163E-01
  4.1414141414E-07  3.0000007565E-01
  4.2424242424E-07  3.0000013694E-01
  4.3434343434E-07  3.0000024683E-01
  4.4444444444E-07  3.0000044296E-01
  4.5454545455E-07  3.0000079129E-01
  4.6464646465E-07  3.0000140674E-01
  4.7474747475E-07  3.0000248827E-01
  4.8484848485E-07  3.0000437808E-01
  4.9494949495E-07  3.0000766051E-01
  5.0505050505E-07  3.0001332605E-01
  5.1515151515E-07  3.0002304032E-01
  5.2525252525E-07  3.0003958088E-01
  5.3535353535E-07  3.0006753835E-01
  5.4545454545E-07  3.0011442215E-01
  5.5555555556E-07  3.0019238777E-01
  5.6565656566E-07  3.0032089416E-01
  5.7575757576E-07  3.0053067790E-01
  5.8585858586E-07  3.0086963215E-01
  5.9595959596E-07  3.0141123152E-01
  6.0606060606E-07  3.0226612239E-01
  6.1616161616E-07  3.0359744353E-01
  6.2626262626E-07  3.0563974242E-01
  6.3636363636E-07  3.0872024121E-01
  6.4646464646E-07  3.1327912328E-01
  6.5656565657E-07  3.1988270884E-01
  6.6666666667E-07  3.2922000494E-01
  6.7676767677E-07  3.4206995580E-01
  6.8686868687E-07  3.5922518469E-01
  6.9696969697E-07  3.8136252617E-01
  7.0707070707E-07  4.0887151244E-01
  7.1717171717E-07  4.4169610459E-01
  7.2727272727E-07  4.7928598932E-01
  7.3737373737E-07  5.2071741604E-01
  7.4747474747E-07  5.6489466951E-01
  7.5757575758E-07  6.1063553749E-01
  7.6767676768E-07  6.5663322059E-01
  7.7777777778E-07  7.0164463359E-01
  7.8787878788E-07  7.4506576250E-01
  7.9797979798E-07  7.8708072895E-01
  8.0808080808E-07  8.2744972560E-01
  8.1818181818E-07  8.6452751489E-01
  8.2828282828E-07  8.9773164274E-01
  8.3838383838E-07  9.3018960362E-01
  8.4848484848E-07  9.6243843051E-01
  8.5858585859E-07  9.8765085459E-01
  8.6868686869E-07  1.0092318046E+00
  8.7878787879E-07  1.0390166889E+00
  8.8888888889E-07  1.0579620685E+00
  8.9898989899E-07  1.0687660093E+00
  9.0909090909E-07  1.0996864693E+00
  9.1919191919E-07  1.0960220906E+00
  9.2929292929E-07  1.1240927626E+00
  9.3939393939E-07  1.1247536341E+00
  9.4949494949E-07  1.1428036474E+00
  9.5959595960E-07  1.1353382116E+00
  9.6969696970E-07  1.1555554127E+00
  9.7979797980E-07  1.1695272739E+00
  9.8989898990E-07  1.1552022815E+00
  1.0000000000E-06  1.1584529469E+00
 BLOCKEND
