
 Phase Region for:
     BCC_A2                        
     FCC_A1#1                      
     FCC_A1#2                      
     HCP_A3#1                      
     HCP_A3#2                      
 col-1=W(CR), col-2=GM(FCC_A1#1), col-3=GM(BCC_A2), col-4=GM(HCP_A3#1), col-5=GM1, col-6=GM2,
   4.70544E-01  -1.36641E+04  -1.57581E+04  -1.49739E+04  -2.09394E+03  -1.30978E+03
   1.99990E-01  -1.53319E+04  -1.74415E+04  -1.56386E+04  -2.10959E+03  -3.06692E+02

 Phase Region for:
     BCC_A2                        
     FCC_A1#1                      
     FCC_A1#2                      
     HCP_A3#1                      
     HCP_A3#2                      
 col-1=W(CR), col-2=GM(FCC_A1#1), col-3=GM(BCC_A2), col-4=GM(HCP_A3#1), col-5=GM1, col-6=GM2,
   4.70544E-01  -1.36641E+04  -1.57581E+04  -1.49739E+04  -2.09394E+03  -1.30978E+03
   4.69544E-01  -1.36714E+04  -1.57629E+04  -1.49773E+04  -2.09148E+03  -1.30590E+03
   4.68544E-01  -1.36787E+04  -1.57677E+04  -1.49807E+04  -2.08903E+03  -1.30202E+03
   4.67544E-01  -1.36860E+04  -1.57726E+04  -1.49841E+04  -2.08661E+03  -1.29814E+03
   4.66544E-01  -1.36933E+04  -1.57775E+04  -1.49875E+04  -2.08421E+03  -1.29426E+03
   4.65544E-01  -1.37006E+04  -1.57824E+04  -1.49909E+04  -2.08183E+03  -1.29038E+03
   4.64544E-01  -1.37078E+04  -1.57873E+04  -1.49943E+04  -2.07947E+03  -1.28650E+03
   4.63544E-01  -1.37151E+04  -1.57922E+04  -1.49977E+04  -2.07714E+03  -1.28262E+03
   4.62544E-01  -1.37224E+04  -1.57972E+04  -1.50011E+04  -2.07482E+03  -1.27874E+03
   4.61544E-01  -1.37296E+04  -1.58021E+04  -1.50045E+04  -2.07253E+03  -1.27486E+03
   4.60544E-01  -1.37369E+04  -1.58071E+04  -1.50078E+04  -2.07026E+03  -1.27098E+03
   4.59544E-01  -1.37441E+04  -1.58121E+04  -1.50112E+04  -2.06801E+03  -1.26710E+03
   4.58544E-01  -1.37513E+04  -1.58171E+04  -1.50146E+04  -2.06578E+03  -1.26321E+03
   4.57544E-01  -1.37586E+04  -1.58221E+04  -1.50179E+04  -2.06358E+03  -1.25933E+03
   4.56544E-01  -1.37658E+04  -1.58272E+04  -1.50212E+04  -2.06139E+03  -1.25545E+03
   4.55544E-01  -1.37730E+04  -1.58322E+04  -1.50246E+04  -2.05923E+03  -1.25157E+03
   4.54544E-01  -1.37802E+04  -1.58373E+04  -1.50279E+04  -2.05708E+03  -1.24769E+03
   4.53544E-01  -1.37874E+04  -1.58424E+04  -1.50313E+04  -2.05496E+03  -1.24380E+03
   4.52544E-01  -1.37947E+04  -1.58475E+04  -1.50346E+04  -2.05286E+03  -1.23992E+03
   4.51544E-01  -1.38019E+04  -1.58526E+04  -1.50379E+04  -2.05078E+03  -1.23604E+03
   4.50544E-01  -1.38091E+04  -1.58578E+04  -1.50412E+04  -2.04872E+03  -1.23216E+03
   4.49544E-01  -1.38162E+04  -1.58629E+04  -1.50445E+04  -2.04668E+03  -1.22827E+03
   4.48544E-01  -1.38234E+04  -1.58681E+04  -1.50478E+04  -2.04467E+03  -1.22439E+03
   4.47544E-01  -1.38306E+04  -1.58733E+04  -1.50511E+04  -2.04267E+03  -1.22051E+03
   4.46544E-01  -1.38378E+04  -1.58785E+04  -1.50544E+04  -2.04070E+03  -1.21663E+03
   4.45544E-01  -1.38449E+04  -1.58837E+04  -1.50577E+04  -2.03874E+03  -1.21274E+03
   4.44544E-01  -1.38521E+04  -1.58889E+04  -1.50610E+04  -2.03681E+03  -1.20886E+03
   4.43544E-01  -1.38593E+04  -1.58941E+04  -1.50642E+04  -2.03489E+03  -1.20498E+03
   4.42544E-01  -1.38664E+04  -1.58994E+04  -1.50675E+04  -2.03300E+03  -1.20110E+03
   4.41544E-01  -1.38735E+04  -1.59047E+04  -1.50708E+04  -2.03112E+03  -1.19722E+03
   4.40544E-01  -1.38807E+04  -1.59100E+04  -1.50740E+04  -2.02927E+03  -1.19333E+03
   4.39544E-01  -1.38878E+04  -1.59153E+04  -1.50773E+04  -2.02744E+03  -1.18945E+03
   4.38544E-01  -1.38949E+04  -1.59206E+04  -1.50805E+04  -2.02563E+03  -1.18557E+03
   4.37544E-01  -1.39021E+04  -1.59259E+04  -1.50838E+04  -2.02383E+03  -1.18169E+03
   4.36544E-01  -1.39092E+04  -1.59312E+04  -1.50870E+04  -2.02206E+03  -1.17781E+03
   4.35544E-01  -1.39163E+04  -1.59366E+04  -1.50902E+04  -2.02031E+03  -1.17393E+03
   4.34544E-01  -1.39234E+04  -1.59420E+04  -1.50934E+04  -2.01858E+03  -1.17005E+03
   4.33544E-01  -1.39305E+04  -1.59474E+04  -1.50966E+04  -2.01687E+03  -1.16617E+03
   4.32544E-01  -1.39376E+04  -1.59527E+04  -1.50999E+04  -2.01517E+03  -1.16229E+03
   4.31544E-01  -1.39447E+04  -1.59582E+04  -1.51031E+04  -2.01350E+03  -1.15841E+03
   4.30544E-01  -1.39517E+04  -1.59636E+04  -1.51063E+04  -2.01185E+03  -1.15453E+03
   4.29544E-01  -1.39588E+04  -1.59690E+04  -1.51095E+04  -2.01022E+03  -1.15065E+03
   4.28544E-01  -1.39659E+04  -1.59745E+04  -1.51126E+04  -2.00860E+03  -1.14677E+03
   4.27544E-01  -1.39729E+04  -1.59799E+04  -1.51158E+04  -2.00701E+03  -1.14289E+03
   4.26544E-01  -1.39800E+04  -1.59854E+04  -1.51190E+04  -2.00544E+03  -1.13901E+03
   4.25544E-01  -1.39870E+04  -1.59909E+04  -1.51222E+04  -2.00388E+03  -1.13513E+03
   4.24544E-01  -1.39941E+04  -1.59964E+04  -1.51253E+04  -2.00235E+03  -1.13126E+03
   4.23544E-01  -1.40011E+04  -1.60019E+04  -1.51285E+04  -2.00083E+03  -1.12738E+03
   4.22544E-01  -1.40081E+04  -1.60075E+04  -1.51316E+04  -1.99934E+03  -1.12350E+03
   4.21544E-01  -1.40152E+04  -1.60130E+04  -1.51348E+04  -1.99786E+03  -1.11963E+03
   4.20544E-01  -1.40222E+04  -1.60186E+04  -1.51379E+04  -1.99641E+03  -1.11575E+03
   4.19544E-01  -1.40292E+04  -1.60241E+04  -1.51411E+04  -1.99497E+03  -1.11188E+03
   4.18544E-01  -1.40362E+04  -1.60297E+04  -1.51442E+04  -1.99355E+03  -1.10800E+03
   4.17544E-01  -1.40432E+04  -1.60353E+04  -1.51473E+04  -1.99215E+03  -1.10413E+03
   4.16544E-01  -1.40502E+04  -1.60409E+04  -1.51504E+04  -1.99077E+03  -1.10025E+03
   4.15544E-01  -1.40572E+04  -1.60466E+04  -1.51535E+04  -1.98941E+03  -1.09638E+03
   4.14544E-01  -1.40641E+04  -1.60522E+04  -1.51566E+04  -1.98807E+03  -1.09251E+03
   4.13544E-01  -1.40711E+04  -1.60578E+04  -1.51597E+04  -1.98675E+03  -1.08864E+03
   4.12544E-01  -1.40781E+04  -1.60635E+04  -1.51628E+04  -1.98544E+03  -1.08477E+03
   4.11544E-01  -1.40850E+04  -1.60692E+04  -1.51659E+04  -1.98416E+03  -1.08090E+03
   4.10544E-01  -1.40920E+04  -1.60749E+04  -1.51690E+04  -1.98289E+03  -1.07703E+03
   4.09544E-01  -1.40989E+04  -1.60806E+04  -1.51721E+04  -1.98165E+03  -1.07316E+03
   4.08544E-01  -1.41058E+04  -1.60863E+04  -1.51751E+04  -1.98042E+03  -1.06929E+03
   4.07544E-01  -1.41128E+04  -1.60920E+04  -1.51782E+04  -1.97921E+03  -1.06542E+03
   4.06544E-01  -1.41197E+04  -1.60977E+04  -1.51812E+04  -1.97802E+03  -1.06155E+03
   4.05544E-01  -1.41266E+04  -1.61035E+04  -1.51843E+04  -1.97685E+03  -1.05769E+03
   4.04544E-01  -1.41335E+04  -1.61092E+04  -1.51873E+04  -1.97570E+03  -1.05382E+03
   4.03544E-01  -1.41404E+04  -1.61150E+04  -1.51904E+04  -1.97456E+03  -1.04996E+03
   4.02544E-01  -1.41473E+04  -1.61208E+04  -1.51934E+04  -1.97345E+03  -1.04610E+03
   4.01544E-01  -1.41542E+04  -1.61266E+04  -1.51964E+04  -1.97235E+03  -1.04223E+03
   4.00544E-01  -1.41611E+04  -1.61324E+04  -1.51995E+04  -1.97127E+03  -1.03837E+03
   3.99544E-01  -1.41680E+04  -1.61382E+04  -1.52025E+04  -1.97021E+03  -1.03451E+03
   3.98544E-01  -1.41748E+04  -1.61440E+04  -1.52055E+04  -1.96917E+03  -1.03065E+03
   3.97544E-01  -1.41817E+04  -1.61498E+04  -1.52085E+04  -1.96815E+03  -1.02679E+03
   3.96544E-01  -1.41885E+04  -1.61557E+04  -1.52115E+04  -1.96714E+03  -1.02293E+03
   3.95544E-01  -1.41954E+04  -1.61615E+04  -1.52145E+04  -1.96616E+03  -1.01907E+03
   3.94544E-01  -1.42022E+04  -1.61674E+04  -1.52174E+04  -1.96519E+03  -1.01522E+03
   3.93544E-01  -1.42090E+04  -1.61733E+04  -1.52204E+04  -1.96424E+03  -1.01136E+03
   3.92544E-01  -1.42159E+04  -1.61792E+04  -1.52234E+04  -1.96331E+03  -1.00751E+03
   3.91544E-01  -1.42227E+04  -1.61851E+04  -1.52263E+04  -1.96240E+03  -1.00365E+03
   3.90544E-01  -1.42295E+04  -1.61910E+04  -1.52293E+04  -1.96150E+03  -9.99801E+02
   3.89544E-01  -1.42363E+04  -1.61969E+04  -1.52322E+04  -1.96063E+03  -9.95949E+02
   3.88544E-01  -1.42431E+04  -1.62029E+04  -1.52352E+04  -1.95977E+03  -9.92099E+02
   3.87544E-01  -1.42499E+04  -1.62088E+04  -1.52381E+04  -1.95893E+03  -9.88250E+02
   3.86544E-01  -1.42566E+04  -1.62148E+04  -1.52411E+04  -1.95811E+03  -9.84401E+02
   3.85544E-01  -1.42634E+04  -1.62207E+04  -1.52440E+04  -1.95731E+03  -9.80554E+02
   3.84544E-01  -1.42702E+04  -1.62267E+04  -1.52469E+04  -1.95652E+03  -9.76708E+02
   3.83544E-01  -1.42769E+04  -1.62327E+04  -1.52498E+04  -1.95575E+03  -9.72863E+02
   3.82544E-01  -1.42837E+04  -1.62387E+04  -1.52527E+04  -1.95500E+03  -9.69020E+02
   3.81544E-01  -1.42904E+04  -1.62447E+04  -1.52556E+04  -1.95427E+03  -9.65177E+02
   3.80544E-01  -1.42972E+04  -1.62507E+04  -1.52585E+04  -1.95356E+03  -9.61336E+02
   3.79544E-01  -1.43039E+04  -1.62567E+04  -1.52614E+04  -1.95286E+03  -9.57496E+02
   3.78544E-01  -1.43106E+04  -1.62628E+04  -1.52643E+04  -1.95219E+03  -9.53657E+02
   3.77544E-01  -1.43173E+04  -1.62688E+04  -1.52671E+04  -1.95153E+03  -9.49820E+02
   3.76544E-01  -1.43240E+04  -1.62749E+04  -1.52700E+04  -1.95088E+03  -9.45983E+02
   3.75544E-01  -1.43307E+04  -1.62810E+04  -1.52728E+04  -1.95026E+03  -9.42148E+02
   3.74544E-01  -1.43374E+04  -1.62870E+04  -1.52757E+04  -1.94965E+03  -9.38315E+02
   3.73544E-01  -1.43441E+04  -1.62931E+04  -1.52785E+04  -1.94906E+03  -9.34482E+02
   3.72544E-01  -1.43507E+04  -1.62992E+04  -1.52814E+04  -1.94849E+03  -9.30652E+02
   3.71544E-01  -1.43574E+04  -1.63053E+04  -1.52842E+04  -1.94794E+03  -9.26822E+02
   3.70544E-01  -1.43640E+04  -1.63114E+04  -1.52870E+04  -1.94741E+03  -9.22994E+02
   3.69544E-01  -1.43707E+04  -1.63176E+04  -1.52898E+04  -1.94689E+03  -9.19167E+02
   3.68544E-01  -1.43773E+04  -1.63237E+04  -1.52927E+04  -1.94639E+03  -9.15342E+02
   3.67544E-01  -1.43839E+04  -1.63299E+04  -1.52955E+04  -1.94591E+03  -9.11518E+02
   3.66544E-01  -1.43906E+04  -1.63360E+04  -1.52983E+04  -1.94544E+03  -9.07696E+02
   3.65544E-01  -1.43972E+04  -1.63422E+04  -1.53010E+04  -1.94499E+03  -9.03875E+02
   3.64544E-01  -1.44038E+04  -1.63483E+04  -1.53038E+04  -1.94456E+03  -9.00055E+02
   3.63544E-01  -1.44104E+04  -1.63545E+04  -1.53066E+04  -1.94415E+03  -8.96237E+02
   3.62544E-01  -1.44170E+04  -1.63607E+04  -1.53094E+04  -1.94376E+03  -8.92421E+02
   3.61544E-01  -1.44235E+04  -1.63669E+04  -1.53121E+04  -1.94338E+03  -8.88606E+02
   3.60544E-01  -1.44301E+04  -1.63731E+04  -1.53149E+04  -1.94302E+03  -8.84793E+02
   3.59544E-01  -1.44367E+04  -1.63793E+04  -1.53176E+04  -1.94268E+03  -8.80981E+02
   3.58544E-01  -1.44432E+04  -1.63856E+04  -1.53204E+04  -1.94236E+03  -8.77171E+02
   3.57544E-01  -1.44497E+04  -1.63918E+04  -1.53231E+04  -1.94205E+03  -8.73363E+02
   3.56544E-01  -1.44563E+04  -1.63980E+04  -1.53258E+04  -1.94176E+03  -8.69556E+02
   3.55544E-01  -1.44628E+04  -1.64043E+04  -1.53286E+04  -1.94149E+03  -8.65751E+02
   3.54544E-01  -1.44693E+04  -1.64106E+04  -1.53313E+04  -1.94123E+03  -8.61948E+02
   3.53544E-01  -1.44758E+04  -1.64168E+04  -1.53340E+04  -1.94100E+03  -8.58147E+02
   3.52544E-01  -1.44823E+04  -1.64231E+04  -1.53367E+04  -1.94078E+03  -8.54347E+02
   3.51544E-01  -1.44888E+04  -1.64294E+04  -1.53394E+04  -1.94057E+03  -8.50549E+02
   3.50544E-01  -1.44953E+04  -1.64357E+04  -1.53420E+04  -1.94039E+03  -8.46752E+02
   3.49544E-01  -1.45018E+04  -1.64420E+04  -1.53447E+04  -1.94022E+03  -8.42958E+02
   3.48544E-01  -1.45082E+04  -1.64483E+04  -1.53474E+04  -1.94007E+03  -8.39165E+02
   3.47544E-01  -1.45147E+04  -1.64546E+04  -1.53500E+04  -1.93994E+03  -8.35374E+02
   3.46544E-01  -1.45211E+04  -1.64609E+04  -1.53527E+04  -1.93982E+03  -8.31585E+02
   3.45544E-01  -1.45275E+04  -1.64673E+04  -1.53553E+04  -1.93972E+03  -8.27798E+02
   3.44544E-01  -1.45340E+04  -1.64736E+04  -1.53580E+04  -1.93964E+03  -8.24012E+02
   3.43544E-01  -1.45404E+04  -1.64800E+04  -1.53606E+04  -1.93958E+03  -8.20229E+02
   3.42544E-01  -1.45468E+04  -1.64863E+04  -1.53632E+04  -1.93953E+03  -8.16447E+02
   3.41544E-01  -1.45532E+04  -1.64927E+04  -1.53659E+04  -1.93950E+03  -8.12668E+02
   3.40544E-01  -1.45596E+04  -1.64991E+04  -1.53685E+04  -1.93949E+03  -8.08890E+02
   3.39544E-01  -1.45659E+04  -1.65054E+04  -1.53711E+04  -1.93949E+03  -8.05115E+02
   3.38544E-01  -1.45723E+04  -1.65118E+04  -1.53737E+04  -1.93951E+03  -8.01341E+02
   3.37544E-01  -1.45787E+04  -1.65182E+04  -1.53762E+04  -1.93955E+03  -7.97569E+02
   3.36544E-01  -1.45850E+04  -1.65246E+04  -1.53788E+04  -1.93961E+03  -7.93800E+02
   3.35544E-01  -1.45914E+04  -1.65310E+04  -1.53814E+04  -1.93968E+03  -7.90032E+02
   3.34544E-01  -1.45977E+04  -1.65375E+04  -1.53839E+04  -1.93977E+03  -7.86267E+02
   3.33544E-01  -1.46040E+04  -1.65439E+04  -1.53865E+04  -1.93988E+03  -7.82503E+02
   3.32544E-01  -1.46103E+04  -1.65503E+04  -1.53890E+04  -1.94001E+03  -7.78742E+02
   3.31544E-01  -1.46166E+04  -1.65568E+04  -1.53916E+04  -1.94015E+03  -7.74983E+02
   3.30544E-01  -1.46229E+04  -1.65632E+04  -1.53941E+04  -1.94031E+03  -7.71226E+02
   3.29544E-01  -1.46292E+04  -1.65697E+04  -1.53966E+04  -1.94048E+03  -7.67471E+02
   3.28544E-01  -1.46354E+04  -1.65761E+04  -1.53992E+04  -1.94068E+03  -7.63719E+02
   3.27544E-01  -1.46417E+04  -1.65826E+04  -1.54017E+04  -1.94089E+03  -7.59968E+02
   3.26544E-01  -1.46479E+04  -1.65891E+04  -1.54042E+04  -1.94112E+03  -7.56220E+02
   3.25544E-01  -1.46542E+04  -1.65955E+04  -1.54066E+04  -1.94136E+03  -7.52474E+02
   3.24544E-01  -1.46604E+04  -1.66020E+04  -1.54091E+04  -1.94162E+03  -7.48730E+02
   3.23544E-01  -1.46666E+04  -1.66085E+04  -1.54116E+04  -1.94190E+03  -7.44989E+02
   3.22544E-01  -1.46728E+04  -1.66150E+04  -1.54141E+04  -1.94220E+03  -7.41250E+02
   3.21544E-01  -1.46790E+04  -1.66215E+04  -1.54165E+04  -1.94251E+03  -7.37513E+02
   3.20544E-01  -1.46852E+04  -1.66280E+04  -1.54190E+04  -1.94284E+03  -7.33779E+02
   3.19544E-01  -1.46914E+04  -1.66346E+04  -1.54214E+04  -1.94319E+03  -7.30047E+02
   3.18544E-01  -1.46975E+04  -1.66411E+04  -1.54239E+04  -1.94355E+03  -7.26317E+02
   3.17544E-01  -1.47037E+04  -1.66476E+04  -1.54263E+04  -1.94393E+03  -7.22590E+02
   3.16544E-01  -1.47098E+04  -1.66542E+04  -1.54287E+04  -1.94433E+03  -7.18865E+02
   3.15544E-01  -1.47160E+04  -1.66607E+04  -1.54311E+04  -1.94475E+03  -7.15142E+02
   3.14544E-01  -1.47221E+04  -1.66673E+04  -1.54335E+04  -1.94518E+03  -7.11422E+02
   3.13544E-01  -1.47282E+04  -1.66738E+04  -1.54359E+04  -1.94563E+03  -7.07705E+02
   3.12544E-01  -1.47343E+04  -1.66804E+04  -1.54383E+04  -1.94609E+03  -7.03990E+02
   3.11544E-01  -1.47404E+04  -1.66869E+04  -1.54406E+04  -1.94658E+03  -7.00278E+02
   3.10544E-01  -1.47464E+04  -1.66935E+04  -1.54430E+04  -1.94708E+03  -6.96568E+02
   3.09544E-01  -1.47525E+04  -1.67001E+04  -1.54454E+04  -1.94759E+03  -6.92860E+02
   3.08544E-01  -1.47586E+04  -1.67067E+04  -1.54477E+04  -1.94813E+03  -6.89155E+02
   3.07544E-01  -1.47646E+04  -1.67133E+04  -1.54500E+04  -1.94868E+03  -6.85453E+02
   3.06544E-01  -1.47706E+04  -1.67199E+04  -1.54524E+04  -1.94925E+03  -6.81754E+02
   3.05544E-01  -1.47766E+04  -1.67265E+04  -1.54547E+04  -1.94984E+03  -6.78057E+02
   3.04544E-01  -1.47826E+04  -1.67331E+04  -1.54570E+04  -1.95044E+03  -6.74362E+02
   3.03544E-01  -1.47886E+04  -1.67397E+04  -1.54593E+04  -1.95106E+03  -6.70671E+02
   3.02544E-01  -1.47946E+04  -1.67463E+04  -1.54616E+04  -1.95169E+03  -6.66982E+02
   3.01544E-01  -1.48006E+04  -1.67529E+04  -1.54639E+04  -1.95235E+03  -6.63296E+02
   3.00544E-01  -1.48066E+04  -1.67596E+04  -1.54662E+04  -1.95302E+03  -6.59612E+02
   2.99544E-01  -1.48125E+04  -1.67662E+04  -1.54684E+04  -1.95371E+03  -6.55931E+02
   2.98544E-01  -1.48184E+04  -1.67728E+04  -1.54707E+04  -1.95441E+03  -6.52253E+02
   2.97544E-01  -1.48244E+04  -1.67795E+04  -1.54729E+04  -1.95513E+03  -6.48578E+02
   2.96544E-01  -1.48303E+04  -1.67861E+04  -1.54752E+04  -1.95587E+03  -6.44906E+02
   2.95544E-01  -1.48362E+04  -1.67928E+04  -1.54774E+04  -1.95663E+03  -6.41236E+02
   2.94544E-01  -1.48421E+04  -1.67995E+04  -1.54796E+04  -1.95740E+03  -6.37570E+02
   2.93544E-01  -1.48479E+04  -1.68061E+04  -1.54818E+04  -1.95819E+03  -6.33906E+02
   2.92544E-01  -1.48538E+04  -1.68128E+04  -1.54840E+04  -1.95900E+03  -6.30245E+02
   2.91544E-01  -1.48596E+04  -1.68195E+04  -1.54862E+04  -1.95983E+03  -6.26587E+02
   2.90544E-01  -1.48655E+04  -1.68261E+04  -1.54884E+04  -1.96067E+03  -6.22932E+02
   2.89544E-01  -1.48713E+04  -1.68328E+04  -1.54906E+04  -1.96153E+03  -6.19280E+02
   2.88544E-01  -1.48771E+04  -1.68395E+04  -1.54927E+04  -1.96240E+03  -6.15631E+02
   2.87544E-01  -1.48829E+04  -1.68462E+04  -1.54949E+04  -1.96330E+03  -6.11985E+02
   2.86544E-01  -1.48887E+04  -1.68529E+04  -1.54970E+04  -1.96421E+03  -6.08341E+02
   2.85544E-01  -1.48945E+04  -1.68596E+04  -1.54992E+04  -1.96513E+03  -6.04701E+02
   2.84544E-01  -1.49002E+04  -1.68663E+04  -1.55013E+04  -1.96608E+03  -6.01064E+02
   2.83544E-01  -1.49060E+04  -1.68730E+04  -1.55034E+04  -1.96704E+03  -5.97430E+02
   2.82544E-01  -1.49117E+04  -1.68797E+04  -1.55055E+04  -1.96802E+03  -5.93799E+02
   2.81544E-01  -1.49174E+04  -1.68865E+04  -1.55076E+04  -1.96901E+03  -5.90172E+02
   2.80544E-01  -1.49231E+04  -1.68932E+04  -1.55097E+04  -1.97003E+03  -5.86547E+02
   2.79544E-01  -1.49288E+04  -1.68999E+04  -1.55118E+04  -1.97106E+03  -5.82925E+02
   2.78544E-01  -1.49345E+04  -1.69066E+04  -1.55138E+04  -1.97210E+03  -5.79307E+02
   2.77544E-01  -1.49402E+04  -1.69134E+04  -1.55159E+04  -1.97317E+03  -5.75692E+02
   2.76544E-01  -1.49458E+04  -1.69201E+04  -1.55179E+04  -1.97425E+03  -5.72080E+02
   2.75544E-01  -1.49515E+04  -1.69268E+04  -1.55200E+04  -1.97535E+03  -5.68471E+02
   2.74544E-01  -1.49571E+04  -1.69336E+04  -1.55220E+04  -1.97647E+03  -5.64866E+02
   2.73544E-01  -1.49627E+04  -1.69403E+04  -1.55240E+04  -1.97760E+03  -5.61264E+02
   2.72544E-01  -1.49683E+04  -1.69471E+04  -1.55260E+04  -1.97875E+03  -5.57665E+02
   2.71544E-01  -1.49739E+04  -1.69538E+04  -1.55280E+04  -1.97992E+03  -5.54069E+02
   2.70544E-01  -1.49795E+04  -1.69606E+04  -1.55300E+04  -1.98111E+03  -5.50477E+02
   2.69544E-01  -1.49850E+04  -1.69674E+04  -1.55319E+04  -1.98231E+03  -5.46888E+02
   2.68544E-01  -1.49906E+04  -1.69741E+04  -1.55339E+04  -1.98353E+03  -5.43302E+02
   2.67544E-01  -1.49961E+04  -1.69809E+04  -1.55358E+04  -1.98477E+03  -5.39720E+02
   2.66544E-01  -1.50016E+04  -1.69877E+04  -1.55378E+04  -1.98602E+03  -5.36142E+02
   2.65544E-01  -1.50071E+04  -1.69944E+04  -1.55397E+04  -1.98729E+03  -5.32566E+02
   2.64544E-01  -1.50126E+04  -1.70012E+04  -1.55416E+04  -1.98858E+03  -5.28994E+02
   2.63544E-01  -1.50181E+04  -1.70080E+04  -1.55435E+04  -1.98989E+03  -5.25426E+02
   2.62544E-01  -1.50236E+04  -1.70148E+04  -1.55454E+04  -1.99122E+03  -5.21861E+02
   2.61544E-01  -1.50290E+04  -1.70216E+04  -1.55473E+04  -1.99256E+03  -5.18300E+02
   2.60544E-01  -1.50344E+04  -1.70283E+04  -1.55492E+04  -1.99392E+03  -5.14742E+02
   2.59544E-01  -1.50398E+04  -1.70351E+04  -1.55510E+04  -1.99529E+03  -5.11188E+02
   2.58544E-01  -1.50452E+04  -1.70419E+04  -1.55529E+04  -1.99669E+03  -5.07637E+02
   2.57544E-01  -1.50506E+04  -1.70487E+04  -1.55547E+04  -1.99810E+03  -5.04090E+02
   2.56544E-01  -1.50560E+04  -1.70555E+04  -1.55565E+04  -1.99953E+03  -5.00546E+02
   2.55544E-01  -1.50613E+04  -1.70623E+04  -1.55584E+04  -2.00098E+03  -4.97007E+02
   2.54544E-01  -1.50667E+04  -1.70691E+04  -1.55602E+04  -2.00244E+03  -4.93470E+02
   2.53544E-01  -1.50720E+04  -1.70759E+04  -1.55619E+04  -2.00392E+03  -4.89938E+02
   2.52544E-01  -1.50773E+04  -1.70827E+04  -1.55637E+04  -2.00542E+03  -4.86409E+02
   2.51544E-01  -1.50826E+04  -1.70895E+04  -1.55655E+04  -2.00694E+03  -4.82884E+02
   2.50544E-01  -1.50879E+04  -1.70964E+04  -1.55672E+04  -2.00847E+03  -4.79363E+02
   2.49544E-01  -1.50931E+04  -1.71032E+04  -1.55690E+04  -2.01003E+03  -4.75845E+02
   2.48544E-01  -1.50984E+04  -1.71100E+04  -1.55707E+04  -2.01160E+03  -4.72331E+02
   2.47544E-01  -1.51036E+04  -1.71168E+04  -1.55724E+04  -2.01318E+03  -4.68821E+02
   2.46544E-01  -1.51088E+04  -1.71236E+04  -1.55741E+04  -2.01479E+03  -4.65315E+02
   2.45544E-01  -1.51140E+04  -1.71304E+04  -1.55758E+04  -2.01641E+03  -4.61813E+02
   2.44544E-01  -1.51192E+04  -1.71373E+04  -1.55775E+04  -2.01805E+03  -4.58314E+02
   2.43544E-01  -1.51244E+04  -1.71441E+04  -1.55792E+04  -2.01971E+03  -4.54820E+02
   2.42544E-01  -1.51295E+04  -1.71509E+04  -1.55808E+04  -2.02139E+03  -4.51329E+02
   2.41544E-01  -1.51346E+04  -1.71577E+04  -1.55825E+04  -2.02308E+03  -4.47842E+02
   2.40544E-01  -1.51398E+04  -1.71646E+04  -1.55841E+04  -2.02480E+03  -4.44359E+02
   2.39544E-01  -1.51449E+04  -1.71714E+04  -1.55857E+04  -2.02653E+03  -4.40880E+02
   2.38544E-01  -1.51499E+04  -1.71782E+04  -1.55873E+04  -2.02828E+03  -4.37405E+02
   2.37544E-01  -1.51550E+04  -1.71850E+04  -1.55889E+04  -2.03004E+03  -4.33935E+02
   2.36544E-01  -1.51600E+04  -1.71919E+04  -1.55905E+04  -2.03183E+03  -4.30468E+02
   2.35544E-01  -1.51651E+04  -1.71987E+04  -1.55921E+04  -2.03363E+03  -4.27005E+02
   2.34544E-01  -1.51701E+04  -1.72055E+04  -1.55936E+04  -2.03545E+03  -4.23546E+02
   2.33544E-01  -1.51751E+04  -1.72124E+04  -1.55952E+04  -2.03728E+03  -4.20092E+02
   2.32544E-01  -1.51801E+04  -1.72192E+04  -1.55967E+04  -2.03914E+03  -4.16641E+02
   2.31544E-01  -1.51850E+04  -1.72260E+04  -1.55982E+04  -2.04101E+03  -4.13195E+02
   2.30544E-01  -1.51900E+04  -1.72329E+04  -1.55997E+04  -2.04291E+03  -4.09752E+02
   2.29544E-01  -1.51949E+04  -1.72397E+04  -1.56012E+04  -2.04482E+03  -4.06314E+02
   2.28544E-01  -1.51998E+04  -1.72465E+04  -1.56027E+04  -2.04675E+03  -4.02880E+02
   2.27544E-01  -1.52047E+04  -1.72534E+04  -1.56041E+04  -2.04869E+03  -3.99451E+02
   2.26544E-01  -1.52096E+04  -1.72602E+04  -1.56056E+04  -2.05066E+03  -3.96025E+02
   2.25544E-01  -1.52144E+04  -1.72670E+04  -1.56070E+04  -2.05264E+03  -3.92604E+02
   2.24544E-01  -1.52192E+04  -1.72739E+04  -1.56084E+04  -2.05464E+03  -3.89187E+02
   2.23544E-01  -1.52241E+04  -1.72807E+04  -1.56098E+04  -2.05666E+03  -3.85775E+02
   2.22544E-01  -1.52289E+04  -1.72876E+04  -1.56112E+04  -2.05870E+03  -3.82367E+02
   2.21544E-01  -1.52336E+04  -1.72944E+04  -1.56126E+04  -2.06075E+03  -3.78963E+02
   2.20544E-01  -1.52384E+04  -1.73012E+04  -1.56140E+04  -2.06283E+03  -3.75563E+02
   2.19544E-01  -1.52431E+04  -1.73081E+04  -1.56153E+04  -2.06492E+03  -3.72168E+02
   2.18544E-01  -1.52479E+04  -1.73149E+04  -1.56166E+04  -2.06703E+03  -3.68777E+02
   2.17544E-01  -1.52526E+04  -1.73217E+04  -1.56180E+04  -2.06916E+03  -3.65391E+02
   2.16544E-01  -1.52572E+04  -1.73286E+04  -1.56193E+04  -2.07131E+03  -3.62009E+02
   2.15544E-01  -1.52619E+04  -1.73354E+04  -1.56205E+04  -2.07348E+03  -3.58631E+02
   2.14544E-01  -1.52666E+04  -1.73422E+04  -1.56218E+04  -2.07566E+03  -3.55259E+02
   2.13544E-01  -1.52712E+04  -1.73490E+04  -1.56231E+04  -2.07787E+03  -3.51890E+02
   2.12544E-01  -1.52758E+04  -1.73559E+04  -1.56243E+04  -2.08009E+03  -3.48526E+02
   2.11544E-01  -1.52804E+04  -1.73627E+04  -1.56255E+04  -2.08233E+03  -3.45167E+02
   2.10544E-01  -1.52849E+04  -1.73695E+04  -1.56268E+04  -2.08459E+03  -3.41812E+02
   2.09544E-01  -1.52895E+04  -1.73764E+04  -1.56279E+04  -2.08687E+03  -3.38462E+02
   2.08544E-01  -1.52940E+04  -1.73832E+04  -1.56291E+04  -2.08917E+03  -3.35116E+02
   2.07544E-01  -1.52985E+04  -1.73900E+04  -1.56303E+04  -2.09148E+03  -3.31776E+02
   2.06544E-01  -1.53030E+04  -1.73968E+04  -1.56314E+04  -2.09382E+03  -3.28439E+02
   2.05544E-01  -1.53075E+04  -1.74036E+04  -1.56326E+04  -2.09617E+03  -3.25108E+02
   2.04544E-01  -1.53119E+04  -1.74105E+04  -1.56337E+04  -2.09855E+03  -3.21781E+02
   2.03544E-01  -1.53163E+04  -1.74173E+04  -1.56348E+04  -2.10094E+03  -3.18459E+02
   2.02544E-01  -1.53207E+04  -1.74241E+04  -1.56359E+04  -2.10335E+03  -3.15141E+02
   2.01544E-01  -1.53251E+04  -1.74309E+04  -1.56369E+04  -2.10578E+03  -3.11829E+02
   2.00544E-01  -1.53295E+04  -1.74377E+04  -1.56380E+04  -2.10823E+03  -3.08521E+02
   1.99544E-01  -1.53338E+04  -1.74445E+04  -1.56390E+04  -2.11069E+03  -3.05218E+02
   1.98544E-01  -1.53381E+04  -1.74513E+04  -1.56401E+04  -2.11318E+03  -3.01920E+02
   1.97544E-01  -1.53424E+04  -1.74581E+04  -1.56411E+04  -2.11569E+03  -2.98626E+02
   1.96544E-01  -1.53467E+04  -1.74649E+04  -1.56420E+04  -2.11821E+03  -2.95338E+02
   1.95544E-01  -1.53510E+04  -1.74717E+04  -1.56430E+04  -2.12076E+03  -2.92054E+02
   1.94544E-01  -1.53552E+04  -1.74785E+04  -1.56440E+04  -2.12332E+03  -2.88776E+02
   1.93544E-01  -1.53594E+04  -1.74853E+04  -1.56449E+04  -2.12590E+03  -2.85502E+02
   1.92544E-01  -1.53636E+04  -1.74921E+04  -1.56458E+04  -2.12850E+03  -2.82233E+02
   1.91544E-01  -1.53677E+04  -1.74989E+04  -1.56467E+04  -2.13113E+03  -2.78969E+02
   1.90544E-01  -1.53719E+04  -1.75056E+04  -1.56476E+04  -2.13377E+03  -2.75711E+02
   1.89544E-01  -1.53760E+04  -1.75124E+04  -1.56484E+04  -2.13643E+03  -2.72457E+02
   1.88544E-01  -1.53801E+04  -1.75192E+04  -1.56493E+04  -2.13911E+03  -2.69208E+02
   1.87544E-01  -1.53842E+04  -1.75260E+04  -1.56501E+04  -2.14181E+03  -2.65964E+02
   1.86544E-01  -1.53882E+04  -1.75327E+04  -1.56509E+04  -2.14453E+03  -2.62726E+02
   1.85544E-01  -1.53922E+04  -1.75395E+04  -1.56517E+04  -2.14726E+03  -2.59493E+02
   1.84544E-01  -1.53962E+04  -1.75462E+04  -1.56525E+04  -2.15002E+03  -2.56264E+02
   1.83544E-01  -1.54002E+04  -1.75530E+04  -1.56532E+04  -2.15280E+03  -2.53041E+02
   1.82544E-01  -1.54041E+04  -1.75597E+04  -1.56540E+04  -2.15560E+03  -2.49823E+02
   1.81544E-01  -1.54081E+04  -1.75665E+04  -1.56547E+04  -2.15842E+03  -2.46610E+02
   1.80544E-01  -1.54120E+04  -1.75732E+04  -1.56554E+04  -2.16125E+03  -2.43403E+02
   1.79544E-01  -1.54159E+04  -1.75800E+04  -1.56561E+04  -2.16411E+03  -2.40200E+02
   1.78544E-01  -1.54197E+04  -1.75867E+04  -1.56567E+04  -2.16699E+03  -2.37003E+02
   1.77544E-01  -1.54235E+04  -1.75934E+04  -1.56574E+04  -2.16988E+03  -2.33812E+02
   1.76544E-01  -1.54273E+04  -1.76001E+04  -1.56580E+04  -2.17280E+03  -2.30625E+02
   1.75544E-01  -1.54311E+04  -1.76069E+04  -1.56586E+04  -2.17574E+03  -2.27444E+02
   1.74544E-01  -1.54349E+04  -1.76136E+04  -1.56591E+04  -2.17870E+03  -2.24268E+02
   1.73544E-01  -1.54386E+04  -1.76203E+04  -1.56597E+04  -2.18167E+03  -2.21098E+02
   1.72544E-01  -1.54423E+04  -1.76270E+04  -1.56602E+04  -2.18467E+03  -2.17933E+02
   1.71544E-01  -1.54460E+04  -1.76337E+04  -1.56608E+04  -2.18769E+03  -2.14773E+02
   1.70544E-01  -1.54496E+04  -1.76404E+04  -1.56613E+04  -2.19073E+03  -2.11619E+02
   1.69544E-01  -1.54533E+04  -1.76470E+04  -1.56617E+04  -2.19378E+03  -2.08470E+02
   1.68544E-01  -1.54569E+04  -1.76537E+04  -1.56622E+04  -2.19686E+03  -2.05327E+02
   1.67544E-01  -1.54604E+04  -1.76604E+04  -1.56626E+04  -2.19996E+03  -2.02190E+02
   1.66544E-01  -1.54640E+04  -1.76671E+04  -1.56630E+04  -2.20308E+03  -1.99057E+02
   1.65544E-01  -1.54675E+04  -1.76737E+04  -1.56634E+04  -2.20622E+03  -1.95931E+02
   1.64544E-01  -1.54710E+04  -1.76804E+04  -1.56638E+04  -2.20938E+03  -1.92810E+02
   1.63544E-01  -1.54744E+04  -1.76870E+04  -1.56641E+04  -2.21256E+03  -1.89694E+02
   1.62544E-01  -1.54779E+04  -1.76936E+04  -1.56645E+04  -2.21576E+03  -1.86584E+02
   1.61544E-01  -1.54813E+04  -1.77003E+04  -1.56648E+04  -2.21899E+03  -1.83480E+02
   1.60544E-01  -1.54847E+04  -1.77069E+04  -1.56650E+04  -2.22223E+03  -1.80382E+02
   1.59544E-01  -1.54880E+04  -1.77135E+04  -1.56653E+04  -2.22549E+03  -1.77289E+02
   1.58544E-01  -1.54913E+04  -1.77201E+04  -1.56655E+04  -2.22878E+03  -1.74202E+02
   1.57544E-01  -1.54946E+04  -1.77267E+04  -1.56657E+04  -2.23208E+03  -1.71120E+02
   1.56544E-01  -1.54979E+04  -1.77333E+04  -1.56659E+04  -2.23541E+03  -1.68045E+02
   1.55544E-01  -1.55011E+04  -1.77399E+04  -1.56661E+04  -2.23876E+03  -1.64975E+02
   1.54544E-01  -1.55043E+04  -1.77464E+04  -1.56662E+04  -2.24213E+03  -1.61911E+02
   1.53544E-01  -1.55075E+04  -1.77530E+04  -1.56663E+04  -2.24552E+03  -1.58852E+02
   1.52544E-01  -1.55106E+04  -1.77596E+04  -1.56664E+04  -2.24893E+03  -1.55800E+02
   1.51544E-01  -1.55138E+04  -1.77661E+04  -1.56665E+04  -2.25236E+03  -1.52753E+02
   1.50544E-01  -1.55168E+04  -1.77727E+04  -1.56666E+04  -2.25581E+03  -1.49712E+02
   1.49544E-01  -1.55199E+04  -1.77792E+04  -1.56666E+04  -2.25929E+03  -1.46678E+02
   1.48544E-01  -1.55229E+04  -1.77857E+04  -1.56666E+04  -2.26278E+03  -1.43649E+02
   1.47544E-01  -1.55259E+04  -1.77922E+04  -1.56665E+04  -2.26630E+03  -1.40626E+02
   1.46544E-01  -1.55289E+04  -1.77987E+04  -1.56665E+04  -2.26984E+03  -1.37609E+02
   1.45544E-01  -1.55318E+04  -1.78052E+04  -1.56664E+04  -2.27340E+03  -1.34598E+02
   1.44544E-01  -1.55347E+04  -1.78117E+04  -1.56663E+04  -2.27698E+03  -1.31593E+02
   1.43544E-01  -1.55376E+04  -1.78181E+04  -1.56662E+04  -2.28058E+03  -1.28594E+02
   1.42544E-01  -1.55404E+04  -1.78246E+04  -1.56660E+04  -2.28421E+03  -1.25601E+02
   1.41544E-01  -1.55432E+04  -1.78311E+04  -1.56658E+04  -2.28786E+03  -1.22614E+02
   1.40544E-01  -1.55460E+04  -1.78375E+04  -1.56656E+04  -2.29153E+03  -1.19633E+02
   1.39544E-01  -1.55487E+04  -1.78439E+04  -1.56654E+04  -2.29522E+03  -1.16659E+02
   1.38544E-01  -1.55514E+04  -1.78503E+04  -1.56651E+04  -2.29893E+03  -1.13690E+02
   1.37544E-01  -1.55541E+04  -1.78567E+04  -1.56648E+04  -2.30266E+03  -1.10728E+02
   1.36544E-01  -1.55567E+04  -1.78631E+04  -1.56645E+04  -2.30642E+03  -1.07772E+02
   1.35544E-01  -1.55593E+04  -1.78695E+04  -1.56641E+04  -2.31020E+03  -1.04822E+02
   1.34544E-01  -1.55619E+04  -1.78759E+04  -1.56637E+04  -2.31400E+03  -1.01879E+02
   1.33544E-01  -1.55644E+04  -1.78822E+04  -1.56633E+04  -2.31782E+03  -9.89415E+01
   1.32544E-01  -1.55669E+04  -1.78886E+04  -1.56629E+04  -2.32167E+03  -9.60105E+01
   1.31544E-01  -1.55693E+04  -1.78949E+04  -1.56624E+04  -2.32553E+03  -9.30858E+01
   1.30544E-01  -1.55718E+04  -1.79012E+04  -1.56619E+04  -2.32942E+03  -9.01674E+01
   1.29544E-01  -1.55742E+04  -1.79075E+04  -1.56614E+04  -2.33333E+03  -8.72554E+01
   1.28544E-01  -1.55765E+04  -1.79138E+04  -1.56609E+04  -2.33727E+03  -8.43497E+01
   1.27544E-01  -1.55788E+04  -1.79200E+04  -1.56603E+04  -2.34123E+03  -8.14505E+01
   1.26544E-01  -1.55811E+04  -1.79263E+04  -1.56597E+04  -2.34521E+03  -7.85577E+01
   1.25544E-01  -1.55833E+04  -1.79325E+04  -1.56590E+04  -2.34921E+03  -7.56713E+01
   1.24544E-01  -1.55855E+04  -1.79388E+04  -1.56583E+04  -2.35323E+03  -7.27914E+01
   1.23544E-01  -1.55877E+04  -1.79450E+04  -1.56576E+04  -2.35728E+03  -6.99180E+01
   1.22544E-01  -1.55898E+04  -1.79512E+04  -1.56569E+04  -2.36135E+03  -6.70511E+01
   1.21544E-01  -1.55919E+04  -1.79574E+04  -1.56561E+04  -2.36544E+03  -6.41907E+01
   1.20544E-01  -1.55940E+04  -1.79635E+04  -1.56553E+04  -2.36956E+03  -6.13369E+01
   1.19544E-01  -1.55960E+04  -1.79697E+04  -1.56545E+04  -2.37370E+03  -5.84897E+01
   1.18544E-01  -1.55979E+04  -1.79758E+04  -1.56536E+04  -2.37786E+03  -5.56491E+01
   1.17544E-01  -1.55999E+04  -1.79819E+04  -1.56527E+04  -2.38205E+03  -5.28151E+01
   1.16544E-01  -1.56017E+04  -1.79880E+04  -1.56517E+04  -2.38626E+03  -4.99878E+01
   1.15544E-01  -1.56036E+04  -1.79941E+04  -1.56508E+04  -2.39049E+03  -4.71671E+01
   1.14544E-01  -1.56054E+04  -1.80001E+04  -1.56497E+04  -2.39475E+03  -4.43532E+01
   1.13544E-01  -1.56072E+04  -1.80062E+04  -1.56487E+04  -2.39902E+03  -4.15459E+01
   1.12544E-01  -1.56089E+04  -1.80122E+04  -1.56476E+04  -2.40333E+03  -3.87454E+01
   1.11544E-01  -1.56105E+04  -1.80182E+04  -1.56465E+04  -2.40765E+03  -3.59517E+01
   1.10544E-01  -1.56122E+04  -1.80242E+04  -1.56453E+04  -2.41200E+03  -3.31648E+01
   1.09544E-01  -1.56138E+04  -1.80301E+04  -1.56442E+04  -2.41638E+03  -3.03846E+01
   1.08544E-01  -1.56153E+04  -1.80361E+04  -1.56429E+04  -2.42077E+03  -2.76113E+01
   1.07544E-01  -1.56168E+04  -1.80420E+04  -1.56417E+04  -2.42519E+03  -2.48449E+01
   1.06544E-01  -1.56183E+04  -1.80479E+04  -1.56404E+04  -2.42964E+03  -2.20854E+01
   1.05544E-01  -1.56197E+04  -1.80538E+04  -1.56390E+04  -2.43411E+03  -1.93327E+01
   1.04544E-01  -1.56211E+04  -1.80597E+04  -1.56376E+04  -2.43860E+03  -1.65870E+01
   1.03544E-01  -1.56224E+04  -1.80655E+04  -1.56362E+04  -2.44312E+03  -1.38482E+01
   1.02544E-01  -1.56236E+04  -1.80713E+04  -1.56348E+04  -2.44766E+03  -1.11164E+01
   1.01544E-01  -1.56249E+04  -1.80771E+04  -1.56333E+04  -2.45222E+03  -8.39164E+00
   1.00544E-01  -1.56260E+04  -1.80829E+04  -1.56317E+04  -2.45681E+03  -5.67387E+00
   9.95435E-02  -1.56272E+04  -1.80886E+04  -1.56301E+04  -2.46142E+03  -2.96314E+00
   9.85435E-02  -1.56283E+04  -1.80943E+04  -1.56285E+04  -2.46606E+03  -2.59485E-01
   9.75435E-02  -1.56293E+04  -1.81000E+04  -1.56268E+04  -2.47072E+03   2.43708E+00
   9.65435E-02  -1.56303E+04  -1.81057E+04  -1.56251E+04  -2.47541E+03   5.12653E+00
   9.55435E-02  -1.56312E+04  -1.81113E+04  -1.56234E+04  -2.48012E+03   7.80885E+00
   9.45435E-02  -1.56321E+04  -1.81169E+04  -1.56216E+04  -2.48486E+03   1.04840E+01
   9.35435E-02  -1.56329E+04  -1.81225E+04  -1.56197E+04  -2.48962E+03   1.31520E+01
   9.25435E-02  -1.56337E+04  -1.81281E+04  -1.56179E+04  -2.49441E+03   1.58127E+01
   9.15435E-02  -1.56344E+04  -1.81336E+04  -1.56159E+04  -2.49922E+03   1.84663E+01
   9.05435E-02  -1.56351E+04  -1.81391E+04  -1.56139E+04  -2.50405E+03   2.11125E+01
   8.95435E-02  -1.56357E+04  -1.81446E+04  -1.56119E+04  -2.50891E+03   2.37515E+01
   8.85435E-02  -1.56362E+04  -1.81500E+04  -1.56099E+04  -2.51380E+03   2.63832E+01
   8.75435E-02  -1.56367E+04  -1.81554E+04  -1.56077E+04  -2.51871E+03   2.90076E+01
   8.65435E-02  -1.56372E+04  -1.81608E+04  -1.56056E+04  -2.52365E+03   3.16246E+01
   8.55435E-02  -1.56376E+04  -1.81662E+04  -1.56033E+04  -2.52861E+03   3.42343E+01
   8.45435E-02  -1.56379E+04  -1.81715E+04  -1.56011E+04  -2.53359E+03   3.68365E+01
   8.35435E-02  -1.56382E+04  -1.81768E+04  -1.55988E+04  -2.53861E+03   3.94313E+01
   8.25435E-02  -1.56384E+04  -1.81820E+04  -1.55964E+04  -2.54365E+03   4.20187E+01
   8.15435E-02  -1.56386E+04  -1.81873E+04  -1.55940E+04  -2.54871E+03   4.45987E+01
   8.05435E-02  -1.56386E+04  -1.81924E+04  -1.55915E+04  -2.55380E+03   4.71711E+01
   7.95435E-02  -1.56387E+04  -1.81976E+04  -1.55889E+04  -2.55891E+03   4.97360E+01
   7.85435E-02  -1.56387E+04  -1.82027E+04  -1.55864E+04  -2.56405E+03   5.22934E+01
   7.75435E-02  -1.56386E+04  -1.82078E+04  -1.55837E+04  -2.56922E+03   5.48432E+01
   7.65435E-02  -1.56384E+04  -1.82128E+04  -1.55810E+04  -2.57441E+03   5.73854E+01
   7.55435E-02  -1.56382E+04  -1.82178E+04  -1.55783E+04  -2.57963E+03   5.99201E+01
   7.45435E-02  -1.56379E+04  -1.82228E+04  -1.55754E+04  -2.58488E+03   6.24471E+01
   7.35435E-02  -1.56375E+04  -1.82277E+04  -1.55726E+04  -2.59015E+03   6.49664E+01
   7.25435E-02  -1.56371E+04  -1.82326E+04  -1.55696E+04  -2.59545E+03   6.74780E+01
   7.15435E-02  -1.56366E+04  -1.82374E+04  -1.55667E+04  -2.60077E+03   6.99820E+01
   7.05435E-02  -1.56361E+04  -1.82422E+04  -1.55636E+04  -2.60612E+03   7.24782E+01
   6.95435E-02  -1.56354E+04  -1.82469E+04  -1.55605E+04  -2.61150E+03   7.49667E+01
   6.85435E-02  -1.56347E+04  -1.82516E+04  -1.55573E+04  -2.61690E+03   7.74474E+01
   6.75435E-02  -1.56340E+04  -1.82563E+04  -1.55540E+04  -2.62234E+03   7.99203E+01
   6.65435E-02  -1.56331E+04  -1.82609E+04  -1.55507E+04  -2.62779E+03   8.23854E+01
   6.55435E-02  -1.56322E+04  -1.82655E+04  -1.55474E+04  -2.63328E+03   8.48426E+01
   6.45435E-02  -1.56312E+04  -1.82700E+04  -1.55439E+04  -2.63879E+03   8.72919E+01
   6.35435E-02  -1.56301E+04  -1.82744E+04  -1.55404E+04  -2.64433E+03   8.97334E+01
   6.25435E-02  -1.56290E+04  -1.82789E+04  -1.55368E+04  -2.64989E+03   9.21669E+01
   6.15435E-02  -1.56277E+04  -1.82832E+04  -1.55331E+04  -2.65548E+03   9.45925E+01
   6.05435E-02  -1.56264E+04  -1.82875E+04  -1.55294E+04  -2.66110E+03   9.70102E+01
   5.95435E-02  -1.56250E+04  -1.82918E+04  -1.55256E+04  -2.66675E+03   9.94198E+01
   5.85435E-02  -1.56235E+04  -1.82959E+04  -1.55217E+04  -2.67243E+03   1.01821E+02
   5.75435E-02  -1.56220E+04  -1.83001E+04  -1.55177E+04  -2.67813E+03   1.04215E+02
   5.65435E-02  -1.56203E+04  -1.83042E+04  -1.55137E+04  -2.68386E+03   1.06601E+02
   5.55435E-02  -1.56185E+04  -1.83082E+04  -1.55096E+04  -2.68962E+03   1.08978E+02
   5.45435E-02  -1.56167E+04  -1.83121E+04  -1.55054E+04  -2.69540E+03   1.11347E+02
   5.35435E-02  -1.56148E+04  -1.83160E+04  -1.55011E+04  -2.70121E+03   1.13708E+02
   5.25435E-02  -1.56128E+04  -1.83198E+04  -1.54967E+04  -2.70706E+03   1.16061E+02
   5.15435E-02  -1.56106E+04  -1.83236E+04  -1.54922E+04  -2.71292E+03   1.18406E+02
   5.05435E-02  -1.56084E+04  -1.83272E+04  -1.54877E+04  -2.71882E+03   1.20743E+02
   4.95435E-02  -1.56061E+04  -1.83308E+04  -1.54830E+04  -2.72475E+03   1.23071E+02
   4.85435E-02  -1.56037E+04  -1.83344E+04  -1.54783E+04  -2.73070E+03   1.25392E+02
   4.75435E-02  -1.56012E+04  -1.83378E+04  -1.54734E+04  -2.73668E+03   1.27703E+02
   4.65435E-02  -1.55985E+04  -1.83412E+04  -1.54685E+04  -2.74269E+03   1.30007E+02
   4.55435E-02  -1.55958E+04  -1.83445E+04  -1.54635E+04  -2.74873E+03   1.32302E+02
   4.45435E-02  -1.55929E+04  -1.83477E+04  -1.54583E+04  -2.75480E+03   1.34589E+02
   4.35435E-02  -1.55900E+04  -1.83509E+04  -1.54531E+04  -2.76090E+03   1.36868E+02
   4.25435E-02  -1.55869E+04  -1.83539E+04  -1.54477E+04  -2.76702E+03   1.39138E+02
   4.15435E-02  -1.55837E+04  -1.83569E+04  -1.54423E+04  -2.77318E+03   1.41399E+02
   4.05435E-02  -1.55804E+04  -1.83597E+04  -1.54367E+04  -2.77936E+03   1.43652E+02
   3.95435E-02  -1.55769E+04  -1.83625E+04  -1.54310E+04  -2.78557E+03   1.45897E+02
   3.85435E-02  -1.55733E+04  -1.83652E+04  -1.54252E+04  -2.79181E+03   1.48133E+02
   3.75435E-02  -1.55696E+04  -1.83677E+04  -1.54193E+04  -2.79808E+03   1.50361E+02
   3.65435E-02  -1.55658E+04  -1.83702E+04  -1.54132E+04  -2.80438E+03   1.52580E+02
   3.55435E-02  -1.55618E+04  -1.83725E+04  -1.54070E+04  -2.81071E+03   1.54791E+02
   3.45435E-02  -1.55577E+04  -1.83748E+04  -1.54007E+04  -2.81707E+03   1.56993E+02
   3.35435E-02  -1.55534E+04  -1.83769E+04  -1.53942E+04  -2.82346E+03   1.59186E+02
   3.25435E-02  -1.55490E+04  -1.83789E+04  -1.53876E+04  -2.82988E+03   1.61371E+02
   3.15435E-02  -1.55444E+04  -1.83807E+04  -1.53809E+04  -2.83632E+03   1.63547E+02
   3.05435E-02  -1.55397E+04  -1.83825E+04  -1.53740E+04  -2.84280E+03   1.65714E+02
   2.95435E-02  -1.55348E+04  -1.83841E+04  -1.53669E+04  -2.84931E+03   1.67873E+02
   2.85435E-02  -1.55297E+04  -1.83855E+04  -1.53597E+04  -2.85585E+03   1.70023E+02
   2.75435E-02  -1.55244E+04  -1.83868E+04  -1.53522E+04  -2.86242E+03   1.72164E+02
   2.65435E-02  -1.55190E+04  -1.83880E+04  -1.53447E+04  -2.86901E+03   1.74296E+02
   2.55435E-02  -1.55133E+04  -1.83890E+04  -1.53369E+04  -2.87564E+03   1.76420E+02
   2.45435E-02  -1.55075E+04  -1.83898E+04  -1.53290E+04  -2.88230E+03   1.78534E+02
   2.35435E-02  -1.55014E+04  -1.83904E+04  -1.53208E+04  -2.88899E+03   1.80640E+02
   2.25435E-02  -1.54952E+04  -1.83909E+04  -1.53124E+04  -2.89571E+03   1.82737E+02
   2.15435E-02  -1.54887E+04  -1.83912E+04  -1.53039E+04  -2.90246E+03   1.84825E+02
   2.05435E-02  -1.54820E+04  -1.83912E+04  -1.52951E+04  -2.90924E+03   1.86904E+02
   1.95435E-02  -1.54750E+04  -1.83910E+04  -1.52860E+04  -2.91606E+03   1.88974E+02
   1.85435E-02  -1.54678E+04  -1.83907E+04  -1.52767E+04  -2.92290E+03   1.91035E+02
   1.75435E-02  -1.54602E+04  -1.83900E+04  -1.52672E+04  -2.92977E+03   1.93087E+02
   1.65435E-02  -1.54524E+04  -1.83891E+04  -1.52573E+04  -2.93668E+03   1.95130E+02
   1.55435E-02  -1.54443E+04  -1.83879E+04  -1.52472E+04  -2.94362E+03   1.97164E+02
   1.45435E-02  -1.54359E+04  -1.83865E+04  -1.52367E+04  -2.95059E+03   1.99189E+02
   1.35435E-02  -1.54271E+04  -1.83847E+04  -1.52259E+04  -2.95759E+03   2.01205E+02
   1.25435E-02  -1.54179E+04  -1.83825E+04  -1.52147E+04  -2.96462E+03   2.03211E+02
   1.15435E-02  -1.54083E+04  -1.83800E+04  -1.52031E+04  -2.97168E+03   2.05209E+02
   1.05435E-02  -1.53983E+04  -1.83771E+04  -1.51911E+04  -2.97878E+03   2.07197E+02
   9.54353E-03  -1.53878E+04  -1.83737E+04  -1.51786E+04  -2.98590E+03   2.09176E+02
   8.54353E-03  -1.53767E+04  -1.83698E+04  -1.51656E+04  -2.99306E+03   2.11146E+02
   7.54353E-03  -1.53651E+04  -1.83653E+04  -1.51520E+04  -3.00025E+03   2.13106E+02
   6.54353E-03  -1.53527E+04  -1.83602E+04  -1.51377E+04  -3.00748E+03   2.15057E+02
   5.54353E-03  -1.53396E+04  -1.83543E+04  -1.51226E+04  -3.01473E+03   2.16999E+02
   4.54353E-03  -1.53256E+04  -1.83476E+04  -1.51066E+04  -3.02202E+03   2.18932E+02
   3.54353E-03  -1.53104E+04  -1.83397E+04  -1.50895E+04  -3.02934E+03   2.20855E+02
   2.54353E-03  -1.52937E+04  -1.83304E+04  -1.50710E+04  -3.03669E+03   2.22769E+02
   1.54353E-03  -1.52750E+04  -1.83191E+04  -1.50503E+04  -3.04408E+03   2.24673E+02
   5.43527E-04  -1.52527E+04  -1.83042E+04  -1.50261E+04  -3.05150E+03   2.26568E+02
   1.10000E-04  -1.52403E+04  -1.82950E+04  -1.50129E+04  -3.05472E+03   2.27386E+02
