
 Phase Region for:
     BCC_A2                        
     FCC_A1#1                      
     FCC_A1#2                      
     HCP_A3#1                      
     HCP_A3#2                      
 col-1=W(CR), col-2=HM(FCC_A1#1), col-3=HM(BCC_A2), col-4=HM(HCP_A3#1), col-5=HM1, col-6=HM2,
   4.70544E-01   1.75541E+04   1.36191E+04   1.50293E+04  -3.93498E+03  -2.52486E+03
   1.99990E-01   1.68528E+04   1.12264E+04   1.46196E+04  -5.62637E+03  -2.23322E+03

 Phase Region for:
     BCC_A2                        
     FCC_A1#1                      
     FCC_A1#2                      
     HCP_A3#1                      
     HCP_A3#2                      
 col-1=W(CR), col-2=HM(FCC_A1#1), col-3=HM(BCC_A2), col-4=HM(HCP_A3#1), col-5=HM1, col-6=HM2,
   4.70544E-01   1.75541E+04   1.36191E+04   1.50293E+04  -3.93498E+03  -2.52486E+03
   4.69544E-01   1.75543E+04   1.36147E+04   1.50308E+04  -3.93962E+03  -2.52357E+03
   4.68544E-01   1.75545E+04   1.36103E+04   1.50323E+04  -3.94427E+03  -2.52227E+03
   4.67544E-01   1.75547E+04   1.36058E+04   1.50337E+04  -3.94893E+03  -2.52098E+03
   4.66544E-01   1.75549E+04   1.36013E+04   1.50352E+04  -3.95360E+03  -2.51968E+03
   4.65544E-01   1.75550E+04   1.35967E+04   1.50366E+04  -3.95828E+03  -2.51839E+03
   4.64544E-01   1.75551E+04   1.35922E+04   1.50380E+04  -3.96297E+03  -2.51710E+03
   4.63544E-01   1.75552E+04   1.35876E+04   1.50394E+04  -3.96766E+03  -2.51580E+03
   4.62544E-01   1.75553E+04   1.35829E+04   1.50408E+04  -3.97237E+03  -2.51451E+03
   4.61544E-01   1.75554E+04   1.35783E+04   1.50421E+04  -3.97708E+03  -2.51322E+03
   4.60544E-01   1.75554E+04   1.35736E+04   1.50435E+04  -3.98180E+03  -2.51192E+03
   4.59544E-01   1.75554E+04   1.35689E+04   1.50448E+04  -3.98653E+03  -2.51063E+03
   4.58544E-01   1.75554E+04   1.35641E+04   1.50461E+04  -3.99127E+03  -2.50934E+03
   4.57544E-01   1.75554E+04   1.35593E+04   1.50473E+04  -3.99601E+03  -2.50804E+03
   4.56544E-01   1.75553E+04   1.35545E+04   1.50485E+04  -4.00077E+03  -2.50675E+03
   4.55544E-01   1.75552E+04   1.35497E+04   1.50498E+04  -4.00554E+03  -2.50546E+03
   4.54544E-01   1.75551E+04   1.35448E+04   1.50510E+04  -4.01031E+03  -2.50416E+03
   4.53544E-01   1.75550E+04   1.35399E+04   1.50521E+04  -4.01509E+03  -2.50287E+03
   4.52544E-01   1.75549E+04   1.35350E+04   1.50533E+04  -4.01989E+03  -2.50158E+03
   4.51544E-01   1.75547E+04   1.35300E+04   1.50544E+04  -4.02469E+03  -2.50029E+03
   4.50544E-01   1.75545E+04   1.35250E+04   1.50555E+04  -4.02950E+03  -2.49900E+03
   4.49544E-01   1.75543E+04   1.35200E+04   1.50566E+04  -4.03432E+03  -2.49771E+03
   4.48544E-01   1.75541E+04   1.35149E+04   1.50577E+04  -4.03915E+03  -2.49642E+03
   4.47544E-01   1.75538E+04   1.35098E+04   1.50587E+04  -4.04399E+03  -2.49513E+03
   4.46544E-01   1.75535E+04   1.35047E+04   1.50597E+04  -4.04884E+03  -2.49383E+03
   4.45544E-01   1.75533E+04   1.34995E+04   1.50607E+04  -4.05370E+03  -2.49255E+03
   4.44544E-01   1.75529E+04   1.34944E+04   1.50617E+04  -4.05857E+03  -2.49126E+03
   4.43544E-01   1.75526E+04   1.34891E+04   1.50626E+04  -4.06345E+03  -2.48997E+03
   4.42544E-01   1.75522E+04   1.34839E+04   1.50636E+04  -4.06834E+03  -2.48868E+03
   4.41544E-01   1.75519E+04   1.34786E+04   1.50645E+04  -4.07324E+03  -2.48739E+03
   4.40544E-01   1.75515E+04   1.34733E+04   1.50654E+04  -4.07815E+03  -2.48610E+03
   4.39544E-01   1.75510E+04   1.34680E+04   1.50662E+04  -4.08307E+03  -2.48482E+03
   4.38544E-01   1.75506E+04   1.34626E+04   1.50671E+04  -4.08799E+03  -2.48353E+03
   4.37544E-01   1.75501E+04   1.34572E+04   1.50679E+04  -4.09293E+03  -2.48224E+03
   4.36544E-01   1.75496E+04   1.34518E+04   1.50687E+04  -4.09788E+03  -2.48096E+03
   4.35544E-01   1.75491E+04   1.34463E+04   1.50695E+04  -4.10284E+03  -2.47967E+03
   4.34544E-01   1.75486E+04   1.34408E+04   1.50702E+04  -4.10781E+03  -2.47839E+03
   4.33544E-01   1.75481E+04   1.34353E+04   1.50709E+04  -4.11279E+03  -2.47710E+03
   4.32544E-01   1.75475E+04   1.34297E+04   1.50717E+04  -4.11778E+03  -2.47582E+03
   4.31544E-01   1.75469E+04   1.34241E+04   1.50723E+04  -4.12278E+03  -2.47454E+03
   4.30544E-01   1.75463E+04   1.34185E+04   1.50730E+04  -4.12779E+03  -2.47326E+03
   4.29544E-01   1.75456E+04   1.34128E+04   1.50737E+04  -4.13281E+03  -2.47198E+03
   4.28544E-01   1.75450E+04   1.34071E+04   1.50743E+04  -4.13784E+03  -2.47069E+03
   4.27544E-01   1.75443E+04   1.34014E+04   1.50749E+04  -4.14289E+03  -2.46941E+03
   4.26544E-01   1.75436E+04   1.33957E+04   1.50755E+04  -4.14794E+03  -2.46814E+03
   4.25544E-01   1.75429E+04   1.33899E+04   1.50760E+04  -4.15300E+03  -2.46686E+03
   4.24544E-01   1.75421E+04   1.33841E+04   1.50765E+04  -4.15808E+03  -2.46558E+03
   4.23544E-01   1.75414E+04   1.33782E+04   1.50771E+04  -4.16316E+03  -2.46430E+03
   4.22544E-01   1.75406E+04   1.33723E+04   1.50775E+04  -4.16826E+03  -2.46303E+03
   4.21544E-01   1.75398E+04   1.33664E+04   1.50780E+04  -4.17336E+03  -2.46175E+03
   4.20544E-01   1.75389E+04   1.33605E+04   1.50785E+04  -4.17848E+03  -2.46048E+03
   4.19544E-01   1.75381E+04   1.33545E+04   1.50789E+04  -4.18361E+03  -2.45920E+03
   4.18544E-01   1.75372E+04   1.33485E+04   1.50793E+04  -4.18875E+03  -2.45793E+03
   4.17544E-01   1.75363E+04   1.33424E+04   1.50797E+04  -4.19390E+03  -2.45666E+03
   4.16544E-01   1.75354E+04   1.33364E+04   1.50800E+04  -4.19906E+03  -2.45539E+03
   4.15544E-01   1.75345E+04   1.33302E+04   1.50804E+04  -4.20423E+03  -2.45412E+03
   4.14544E-01   1.75335E+04   1.33241E+04   1.50807E+04  -4.20942E+03  -2.45285E+03
   4.13544E-01   1.75325E+04   1.33179E+04   1.50810E+04  -4.21461E+03  -2.45158E+03
   4.12544E-01   1.75315E+04   1.33117E+04   1.50812E+04  -4.21982E+03  -2.45031E+03
   4.11544E-01   1.75305E+04   1.33055E+04   1.50815E+04  -4.22503E+03  -2.44904E+03
   4.10544E-01   1.75295E+04   1.32992E+04   1.50817E+04  -4.23026E+03  -2.44778E+03
   4.09544E-01   1.75284E+04   1.32929E+04   1.50819E+04  -4.23550E+03  -2.44651E+03
   4.08544E-01   1.75273E+04   1.32866E+04   1.50821E+04  -4.24075E+03  -2.44525E+03
   4.07544E-01   1.75262E+04   1.32802E+04   1.50822E+04  -4.24601E+03  -2.44399E+03
   4.06544E-01   1.75251E+04   1.32738E+04   1.50824E+04  -4.25128E+03  -2.44273E+03
   4.05544E-01   1.75240E+04   1.32674E+04   1.50825E+04  -4.25657E+03  -2.44147E+03
   4.04544E-01   1.75228E+04   1.32609E+04   1.50826E+04  -4.26186E+03  -2.44021E+03
   4.03544E-01   1.75216E+04   1.32544E+04   1.50826E+04  -4.26717E+03  -2.43895E+03
   4.02544E-01   1.75204E+04   1.32479E+04   1.50827E+04  -4.27249E+03  -2.43769E+03
   4.01544E-01   1.75192E+04   1.32413E+04   1.50827E+04  -4.27782E+03  -2.43644E+03
   4.00544E-01   1.75179E+04   1.32347E+04   1.50827E+04  -4.28316E+03  -2.43518E+03
   3.99544E-01   1.75166E+04   1.32281E+04   1.50827E+04  -4.28852E+03  -2.43393E+03
   3.98544E-01   1.75153E+04   1.32214E+04   1.50827E+04  -4.29388E+03  -2.43268E+03
   3.97544E-01   1.75140E+04   1.32148E+04   1.50826E+04  -4.29926E+03  -2.43143E+03
   3.96544E-01   1.75127E+04   1.32080E+04   1.50825E+04  -4.30465E+03  -2.43018E+03
   3.95544E-01   1.75113E+04   1.32013E+04   1.50824E+04  -4.31005E+03  -2.42893E+03
   3.94544E-01   1.75099E+04   1.31945E+04   1.50823E+04  -4.31546E+03  -2.42768E+03
   3.93544E-01   1.75085E+04   1.31877E+04   1.50821E+04  -4.32088E+03  -2.42644E+03
   3.92544E-01   1.75071E+04   1.31808E+04   1.50819E+04  -4.32632E+03  -2.42519E+03
   3.91544E-01   1.75057E+04   1.31739E+04   1.50817E+04  -4.33176E+03  -2.42395E+03
   3.90544E-01   1.75042E+04   1.31670E+04   1.50815E+04  -4.33722E+03  -2.42271E+03
   3.89544E-01   1.75027E+04   1.31600E+04   1.50813E+04  -4.34269E+03  -2.42147E+03
   3.88544E-01   1.75012E+04   1.31530E+04   1.50810E+04  -4.34817E+03  -2.42023E+03
   3.87544E-01   1.74997E+04   1.31460E+04   1.50807E+04  -4.35367E+03  -2.41899E+03
   3.86544E-01   1.74981E+04   1.31390E+04   1.50804E+04  -4.35918E+03  -2.41775E+03
   3.85544E-01   1.74966E+04   1.31319E+04   1.50801E+04  -4.36469E+03  -2.41652E+03
   3.84544E-01   1.74950E+04   1.31248E+04   1.50797E+04  -4.37022E+03  -2.41528E+03
   3.83544E-01   1.74934E+04   1.31176E+04   1.50793E+04  -4.37577E+03  -2.41405E+03
   3.82544E-01   1.74917E+04   1.31104E+04   1.50789E+04  -4.38132E+03  -2.41282E+03
   3.81544E-01   1.74901E+04   1.31032E+04   1.50785E+04  -4.38689E+03  -2.41159E+03
   3.80544E-01   1.74884E+04   1.30959E+04   1.50780E+04  -4.39247E+03  -2.41037E+03
   3.79544E-01   1.74867E+04   1.30887E+04   1.50776E+04  -4.39806E+03  -2.40914E+03
   3.78544E-01   1.74850E+04   1.30813E+04   1.50771E+04  -4.40366E+03  -2.40792E+03
   3.77544E-01   1.74833E+04   1.30740E+04   1.50766E+04  -4.40928E+03  -2.40669E+03
   3.76544E-01   1.74815E+04   1.30666E+04   1.50760E+04  -4.41490E+03  -2.40547E+03
   3.75544E-01   1.74797E+04   1.30592E+04   1.50755E+04  -4.42054E+03  -2.40425E+03
   3.74544E-01   1.74779E+04   1.30517E+04   1.50749E+04  -4.42620E+03  -2.40304E+03
   3.73544E-01   1.74761E+04   1.30443E+04   1.50743E+04  -4.43186E+03  -2.40182E+03
   3.72544E-01   1.74743E+04   1.30367E+04   1.50737E+04  -4.43754E+03  -2.40061E+03
   3.71544E-01   1.74724E+04   1.30292E+04   1.50730E+04  -4.44323E+03  -2.39939E+03
   3.70544E-01   1.74705E+04   1.30216E+04   1.50723E+04  -4.44893E+03  -2.39818E+03
   3.69544E-01   1.74686E+04   1.30140E+04   1.50717E+04  -4.45464E+03  -2.39697E+03
   3.68544E-01   1.74667E+04   1.30063E+04   1.50709E+04  -4.46037E+03  -2.39577E+03
   3.67544E-01   1.74648E+04   1.29986E+04   1.50702E+04  -4.46611E+03  -2.39456E+03
   3.66544E-01   1.74628E+04   1.29909E+04   1.50694E+04  -4.47186E+03  -2.39336E+03
   3.65544E-01   1.74608E+04   1.29832E+04   1.50686E+04  -4.47762E+03  -2.39215E+03
   3.64544E-01   1.74588E+04   1.29754E+04   1.50678E+04  -4.48340E+03  -2.39095E+03
   3.63544E-01   1.74568E+04   1.29676E+04   1.50670E+04  -4.48919E+03  -2.38976E+03
   3.62544E-01   1.74547E+04   1.29597E+04   1.50662E+04  -4.49499E+03  -2.38856E+03
   3.61544E-01   1.74526E+04   1.29518E+04   1.50653E+04  -4.50080E+03  -2.38736E+03
   3.60544E-01   1.74506E+04   1.29439E+04   1.50644E+04  -4.50663E+03  -2.38617E+03
   3.59544E-01   1.74484E+04   1.29360E+04   1.50635E+04  -4.51247E+03  -2.38498E+03
   3.58544E-01   1.74463E+04   1.29280E+04   1.50625E+04  -4.51832E+03  -2.38379E+03
   3.57544E-01   1.74442E+04   1.29200E+04   1.50616E+04  -4.52418E+03  -2.38261E+03
   3.56544E-01   1.74420E+04   1.29119E+04   1.50606E+04  -4.53006E+03  -2.38142E+03
   3.55544E-01   1.74398E+04   1.29038E+04   1.50596E+04  -4.53595E+03  -2.38024E+03
   3.54544E-01   1.74376E+04   1.28957E+04   1.50585E+04  -4.54186E+03  -2.37906E+03
   3.53544E-01   1.74353E+04   1.28876E+04   1.50575E+04  -4.54777E+03  -2.37788E+03
   3.52544E-01   1.74331E+04   1.28794E+04   1.50564E+04  -4.55370E+03  -2.37670E+03
   3.51544E-01   1.74308E+04   1.28712E+04   1.50553E+04  -4.55964E+03  -2.37553E+03
   3.50544E-01   1.74285E+04   1.28629E+04   1.50542E+04  -4.56560E+03  -2.37436E+03
   3.49544E-01   1.74262E+04   1.28546E+04   1.50530E+04  -4.57156E+03  -2.37319E+03
   3.48544E-01   1.74239E+04   1.28463E+04   1.50518E+04  -4.57754E+03  -2.37202E+03
   3.47544E-01   1.74215E+04   1.28380E+04   1.50506E+04  -4.58354E+03  -2.37085E+03
   3.46544E-01   1.74191E+04   1.28296E+04   1.50494E+04  -4.58954E+03  -2.36969E+03
   3.45544E-01   1.74167E+04   1.28212E+04   1.50482E+04  -4.59556E+03  -2.36853E+03
   3.44544E-01   1.74143E+04   1.28127E+04   1.50469E+04  -4.60160E+03  -2.36737E+03
   3.43544E-01   1.74119E+04   1.28042E+04   1.50456E+04  -4.60764E+03  -2.36621E+03
   3.42544E-01   1.74094E+04   1.27957E+04   1.50443E+04  -4.61370E+03  -2.36505E+03
   3.41544E-01   1.74069E+04   1.27871E+04   1.50430E+04  -4.61977E+03  -2.36390E+03
   3.40544E-01   1.74044E+04   1.27785E+04   1.50417E+04  -4.62586E+03  -2.36275E+03
   3.39544E-01   1.74019E+04   1.27699E+04   1.50403E+04  -4.63196E+03  -2.36160E+03
   3.38544E-01   1.73993E+04   1.27613E+04   1.50389E+04  -4.63807E+03  -2.36046E+03
   3.37544E-01   1.73968E+04   1.27526E+04   1.50375E+04  -4.64419E+03  -2.35931E+03
   3.36544E-01   1.73942E+04   1.27439E+04   1.50360E+04  -4.65033E+03  -2.35817E+03
   3.35544E-01   1.73916E+04   1.27351E+04   1.50345E+04  -4.65648E+03  -2.35703E+03
   3.34544E-01   1.73890E+04   1.27263E+04   1.50331E+04  -4.66265E+03  -2.35590E+03
   3.33544E-01   1.73863E+04   1.27175E+04   1.50315E+04  -4.66882E+03  -2.35476E+03
   3.32544E-01   1.73836E+04   1.27086E+04   1.50300E+04  -4.67502E+03  -2.35363E+03
   3.31544E-01   1.73810E+04   1.26997E+04   1.50284E+04  -4.68122E+03  -2.35250E+03
   3.30544E-01   1.73782E+04   1.26908E+04   1.50269E+04  -4.68744E+03  -2.35138E+03
   3.29544E-01   1.73755E+04   1.26818E+04   1.50253E+04  -4.69367E+03  -2.35025E+03
   3.28544E-01   1.73728E+04   1.26728E+04   1.50236E+04  -4.69992E+03  -2.34913E+03
   3.27544E-01   1.73700E+04   1.26638E+04   1.50220E+04  -4.70617E+03  -2.34801E+03
   3.26544E-01   1.73672E+04   1.26548E+04   1.50203E+04  -4.71245E+03  -2.34690E+03
   3.25544E-01   1.73644E+04   1.26457E+04   1.50186E+04  -4.71873E+03  -2.34578E+03
   3.24544E-01   1.73616E+04   1.26365E+04   1.50169E+04  -4.72503E+03  -2.34467E+03
   3.23544E-01   1.73587E+04   1.26274E+04   1.50151E+04  -4.73134E+03  -2.34356E+03
   3.22544E-01   1.73558E+04   1.26182E+04   1.50134E+04  -4.73767E+03  -2.34246E+03
   3.21544E-01   1.73529E+04   1.26089E+04   1.50116E+04  -4.74401E+03  -2.34136E+03
   3.20544E-01   1.73500E+04   1.25997E+04   1.50098E+04  -4.75036E+03  -2.34025E+03
   3.19544E-01   1.73471E+04   1.25904E+04   1.50079E+04  -4.75673E+03  -2.33916E+03
   3.18544E-01   1.73441E+04   1.25810E+04   1.50061E+04  -4.76311E+03  -2.33806E+03
   3.17544E-01   1.73412E+04   1.25717E+04   1.50042E+04  -4.76951E+03  -2.33697E+03
   3.16544E-01   1.73382E+04   1.25623E+04   1.50023E+04  -4.77592E+03  -2.33588E+03
   3.15544E-01   1.73352E+04   1.25528E+04   1.50004E+04  -4.78234E+03  -2.33479E+03
   3.14544E-01   1.73321E+04   1.25434E+04   1.49984E+04  -4.78878E+03  -2.33371E+03
   3.13544E-01   1.73291E+04   1.25338E+04   1.49964E+04  -4.79523E+03  -2.33263E+03
   3.12544E-01   1.73260E+04   1.25243E+04   1.49945E+04  -4.80169E+03  -2.33155E+03
   3.11544E-01   1.73229E+04   1.25147E+04   1.49924E+04  -4.80817E+03  -2.33047E+03
   3.10544E-01   1.73198E+04   1.25051E+04   1.49904E+04  -4.81466E+03  -2.32940E+03
   3.09544E-01   1.73167E+04   1.24955E+04   1.49883E+04  -4.82117E+03  -2.32833E+03
   3.08544E-01   1.73135E+04   1.24858E+04   1.49862E+04  -4.82769E+03  -2.32726E+03
   3.07544E-01   1.73103E+04   1.24761E+04   1.49841E+04  -4.83422E+03  -2.32620E+03
   3.06544E-01   1.73071E+04   1.24664E+04   1.49820E+04  -4.84077E+03  -2.32514E+03
   3.05544E-01   1.73039E+04   1.24566E+04   1.49798E+04  -4.84734E+03  -2.32408E+03
   3.04544E-01   1.73007E+04   1.24468E+04   1.49776E+04  -4.85391E+03  -2.32303E+03
   3.03544E-01   1.72974E+04   1.24369E+04   1.49754E+04  -4.86050E+03  -2.32198E+03
   3.02544E-01   1.72941E+04   1.24270E+04   1.49732E+04  -4.86711E+03  -2.32093E+03
   3.01544E-01   1.72908E+04   1.24171E+04   1.49710E+04  -4.87373E+03  -2.31988E+03
   3.00544E-01   1.72875E+04   1.24072E+04   1.49687E+04  -4.88036E+03  -2.31884E+03
   2.99544E-01   1.72842E+04   1.23972E+04   1.49664E+04  -4.88701E+03  -2.31780E+03
   2.98544E-01   1.72808E+04   1.23872E+04   1.49641E+04  -4.89367E+03  -2.31676E+03
   2.97544E-01   1.72774E+04   1.23771E+04   1.49617E+04  -4.90035E+03  -2.31573E+03
   2.96544E-01   1.72741E+04   1.23670E+04   1.49594E+04  -4.90704E+03  -2.31470E+03
   2.95544E-01   1.72706E+04   1.23569E+04   1.49570E+04  -4.91375E+03  -2.31367E+03
   2.94544E-01   1.72672E+04   1.23467E+04   1.49545E+04  -4.92047E+03  -2.31265E+03
   2.93544E-01   1.72637E+04   1.23365E+04   1.49521E+04  -4.92720E+03  -2.31163E+03
   2.92544E-01   1.72603E+04   1.23263E+04   1.49496E+04  -4.93395E+03  -2.31061E+03
   2.91544E-01   1.72568E+04   1.23160E+04   1.49472E+04  -4.94071E+03  -2.30959E+03
   2.90544E-01   1.72532E+04   1.23057E+04   1.49447E+04  -4.94749E+03  -2.30858E+03
   2.89544E-01   1.72497E+04   1.22954E+04   1.49421E+04  -4.95428E+03  -2.30758E+03
   2.88544E-01   1.72461E+04   1.22851E+04   1.49396E+04  -4.96109E+03  -2.30657E+03
   2.87544E-01   1.72426E+04   1.22747E+04   1.49370E+04  -4.96791E+03  -2.30557E+03
   2.86544E-01   1.72390E+04   1.22642E+04   1.49344E+04  -4.97475E+03  -2.30457E+03
   2.85544E-01   1.72353E+04   1.22537E+04   1.49318E+04  -4.98160E+03  -2.30358E+03
   2.84544E-01   1.72317E+04   1.22432E+04   1.49291E+04  -4.98847E+03  -2.30259E+03
   2.83544E-01   1.72280E+04   1.22327E+04   1.49264E+04  -4.99535E+03  -2.30160E+03
   2.82544E-01   1.72244E+04   1.22221E+04   1.49238E+04  -5.00225E+03  -2.30062E+03
   2.81544E-01   1.72207E+04   1.22115E+04   1.49210E+04  -5.00916E+03  -2.29964E+03
   2.80544E-01   1.72170E+04   1.22009E+04   1.49183E+04  -5.01608E+03  -2.29866E+03
   2.79544E-01   1.72132E+04   1.21902E+04   1.49155E+04  -5.02302E+03  -2.29768E+03
   2.78544E-01   1.72095E+04   1.21795E+04   1.49127E+04  -5.02998E+03  -2.29671E+03
   2.77544E-01   1.72057E+04   1.21687E+04   1.49099E+04  -5.03695E+03  -2.29575E+03
   2.76544E-01   1.72019E+04   1.21579E+04   1.49071E+04  -5.04394E+03  -2.29478E+03
   2.75544E-01   1.71981E+04   1.21471E+04   1.49042E+04  -5.05094E+03  -2.29383E+03
   2.74544E-01   1.71942E+04   1.21363E+04   1.49014E+04  -5.05795E+03  -2.29287E+03
   2.73544E-01   1.71904E+04   1.21254E+04   1.48984E+04  -5.06498E+03  -2.29192E+03
   2.72544E-01   1.71865E+04   1.21145E+04   1.48955E+04  -5.07203E+03  -2.29097E+03
   2.71544E-01   1.71826E+04   1.21035E+04   1.48926E+04  -5.07909E+03  -2.29002E+03
   2.70544E-01   1.71787E+04   1.20925E+04   1.48896E+04  -5.08617E+03  -2.28908E+03
   2.69544E-01   1.71747E+04   1.20815E+04   1.48866E+04  -5.09326E+03  -2.28814E+03
   2.68544E-01   1.71708E+04   1.20704E+04   1.48836E+04  -5.10037E+03  -2.28721E+03
   2.67544E-01   1.71668E+04   1.20593E+04   1.48805E+04  -5.10749E+03  -2.28628E+03
   2.66544E-01   1.71628E+04   1.20482E+04   1.48774E+04  -5.11463E+03  -2.28535E+03
   2.65544E-01   1.71588E+04   1.20370E+04   1.48744E+04  -5.12178E+03  -2.28443E+03
   2.64544E-01   1.71547E+04   1.20258E+04   1.48712E+04  -5.12895E+03  -2.28351E+03
   2.63544E-01   1.71507E+04   1.20146E+04   1.48681E+04  -5.13614E+03  -2.28260E+03
   2.62544E-01   1.71466E+04   1.20033E+04   1.48649E+04  -5.14334E+03  -2.28169E+03
   2.61544E-01   1.71425E+04   1.19920E+04   1.48617E+04  -5.15055E+03  -2.28078E+03
   2.60544E-01   1.71384E+04   1.19806E+04   1.48585E+04  -5.15778E+03  -2.27988E+03
   2.59544E-01   1.71343E+04   1.19692E+04   1.48553E+04  -5.16503E+03  -2.27898E+03
   2.58544E-01   1.71301E+04   1.19578E+04   1.48520E+04  -5.17229E+03  -2.27808E+03
   2.57544E-01   1.71259E+04   1.19464E+04   1.48488E+04  -5.17957E+03  -2.27719E+03
   2.56544E-01   1.71217E+04   1.19349E+04   1.48454E+04  -5.18687E+03  -2.27630E+03
   2.55544E-01   1.71175E+04   1.19234E+04   1.48421E+04  -5.19418E+03  -2.27542E+03
   2.54544E-01   1.71133E+04   1.19118E+04   1.48388E+04  -5.20150E+03  -2.27454E+03
   2.53544E-01   1.71090E+04   1.19002E+04   1.48354E+04  -5.20884E+03  -2.27366E+03
   2.52544E-01   1.71048E+04   1.18886E+04   1.48320E+04  -5.21620E+03  -2.27279E+03
   2.51544E-01   1.71005E+04   1.18769E+04   1.48286E+04  -5.22357E+03  -2.27192E+03
   2.50544E-01   1.70962E+04   1.18652E+04   1.48251E+04  -5.23096E+03  -2.27106E+03
   2.49544E-01   1.70918E+04   1.18535E+04   1.48216E+04  -5.23837E+03  -2.27020E+03
   2.48544E-01   1.70875E+04   1.18417E+04   1.48181E+04  -5.24579E+03  -2.26935E+03
   2.47544E-01   1.70831E+04   1.18299E+04   1.48146E+04  -5.25323E+03  -2.26849E+03
   2.46544E-01   1.70787E+04   1.18180E+04   1.48111E+04  -5.26068E+03  -2.26765E+03
   2.45544E-01   1.70743E+04   1.18062E+04   1.48075E+04  -5.26815E+03  -2.26681E+03
   2.44544E-01   1.70699E+04   1.17942E+04   1.48039E+04  -5.27564E+03  -2.26597E+03
   2.43544E-01   1.70654E+04   1.17823E+04   1.48003E+04  -5.28314E+03  -2.26513E+03
   2.42544E-01   1.70610E+04   1.17703E+04   1.47967E+04  -5.29066E+03  -2.26430E+03
   2.41544E-01   1.70565E+04   1.17583E+04   1.47930E+04  -5.29820E+03  -2.26348E+03
   2.40544E-01   1.70520E+04   1.17462E+04   1.47893E+04  -5.30575E+03  -2.26266E+03
   2.39544E-01   1.70474E+04   1.17341E+04   1.47856E+04  -5.31332E+03  -2.26184E+03
   2.38544E-01   1.70429E+04   1.17220E+04   1.47819E+04  -5.32090E+03  -2.26103E+03
   2.37544E-01   1.70383E+04   1.17098E+04   1.47781E+04  -5.32850E+03  -2.26022E+03
   2.36544E-01   1.70337E+04   1.16976E+04   1.47743E+04  -5.33612E+03  -2.25941E+03
   2.35544E-01   1.70291E+04   1.16854E+04   1.47705E+04  -5.34376E+03  -2.25861E+03
   2.34544E-01   1.70245E+04   1.16731E+04   1.47667E+04  -5.35141E+03  -2.25782E+03
   2.33544E-01   1.70199E+04   1.16608E+04   1.47628E+04  -5.35908E+03  -2.25703E+03
   2.32544E-01   1.70152E+04   1.16484E+04   1.47590E+04  -5.36676E+03  -2.25624E+03
   2.31544E-01   1.70105E+04   1.16361E+04   1.47551E+04  -5.37446E+03  -2.25546E+03
   2.30544E-01   1.70058E+04   1.16236E+04   1.47511E+04  -5.38218E+03  -2.25468E+03
   2.29544E-01   1.70011E+04   1.16112E+04   1.47472E+04  -5.38992E+03  -2.25391E+03
   2.28544E-01   1.69964E+04   1.15987E+04   1.47432E+04  -5.39767E+03  -2.25314E+03
   2.27544E-01   1.69916E+04   1.15862E+04   1.47392E+04  -5.40544E+03  -2.25238E+03
   2.26544E-01   1.69868E+04   1.15736E+04   1.47352E+04  -5.41322E+03  -2.25162E+03
   2.25544E-01   1.69820E+04   1.15610E+04   1.47311E+04  -5.42103E+03  -2.25086E+03
   2.24544E-01   1.69772E+04   1.15483E+04   1.47271E+04  -5.42885E+03  -2.25011E+03
   2.23544E-01   1.69724E+04   1.15357E+04   1.47230E+04  -5.43669E+03  -2.24937E+03
   2.22544E-01   1.69675E+04   1.15230E+04   1.47189E+04  -5.44454E+03  -2.24863E+03
   2.21544E-01   1.69626E+04   1.15102E+04   1.47147E+04  -5.45241E+03  -2.24789E+03
   2.20544E-01   1.69577E+04   1.14974E+04   1.47106E+04  -5.46030E+03  -2.24716E+03
   2.19544E-01   1.69528E+04   1.14846E+04   1.47064E+04  -5.46821E+03  -2.24644E+03
   2.18544E-01   1.69479E+04   1.14717E+04   1.47022E+04  -5.47613E+03  -2.24571E+03
   2.17544E-01   1.69429E+04   1.14588E+04   1.46979E+04  -5.48408E+03  -2.24500E+03
   2.16544E-01   1.69379E+04   1.14459E+04   1.46937E+04  -5.49203E+03  -2.24429E+03
   2.15544E-01   1.69329E+04   1.14329E+04   1.46894E+04  -5.50001E+03  -2.24358E+03
   2.14544E-01   1.69279E+04   1.14199E+04   1.46851E+04  -5.50801E+03  -2.24288E+03
   2.13544E-01   1.69229E+04   1.14069E+04   1.46807E+04  -5.51602E+03  -2.24218E+03
   2.12544E-01   1.69179E+04   1.13938E+04   1.46764E+04  -5.52405E+03  -2.24149E+03
   2.11544E-01   1.69128E+04   1.13807E+04   1.46720E+04  -5.53209E+03  -2.24080E+03
   2.10544E-01   1.69077E+04   1.13675E+04   1.46676E+04  -5.54016E+03  -2.24012E+03
   2.09544E-01   1.69026E+04   1.13543E+04   1.46631E+04  -5.54824E+03  -2.23944E+03
   2.08544E-01   1.68975E+04   1.13411E+04   1.46587E+04  -5.55634E+03  -2.23877E+03
   2.07544E-01   1.68923E+04   1.13279E+04   1.46542E+04  -5.56446E+03  -2.23810E+03
   2.06544E-01   1.68871E+04   1.13145E+04   1.46497E+04  -5.57260E+03  -2.23744E+03
   2.05544E-01   1.68820E+04   1.13012E+04   1.46452E+04  -5.58075E+03  -2.23678E+03
   2.04544E-01   1.68768E+04   1.12878E+04   1.46406E+04  -5.58893E+03  -2.23613E+03
   2.03544E-01   1.68715E+04   1.12744E+04   1.46361E+04  -5.59712E+03  -2.23548E+03
   2.02544E-01   1.68663E+04   1.12610E+04   1.46315E+04  -5.60533E+03  -2.23484E+03
   2.01544E-01   1.68610E+04   1.12475E+04   1.46268E+04  -5.61356E+03  -2.23420E+03
   2.00544E-01   1.68558E+04   1.12340E+04   1.46222E+04  -5.62180E+03  -2.23357E+03
   1.99544E-01   1.68505E+04   1.12204E+04   1.46175E+04  -5.63007E+03  -2.23294E+03
   1.98544E-01   1.68451E+04   1.12068E+04   1.46128E+04  -5.63835E+03  -2.23232E+03
   1.97544E-01   1.68398E+04   1.11931E+04   1.46081E+04  -5.64665E+03  -2.23170E+03
   1.96544E-01   1.68344E+04   1.11795E+04   1.46034E+04  -5.65497E+03  -2.23109E+03
   1.95544E-01   1.68291E+04   1.11658E+04   1.45986E+04  -5.66331E+03  -2.23048E+03
   1.94544E-01   1.68237E+04   1.11520E+04   1.45938E+04  -5.67167E+03  -2.22988E+03
   1.93544E-01   1.68183E+04   1.11382E+04   1.45890E+04  -5.68004E+03  -2.22929E+03
   1.92544E-01   1.68128E+04   1.11244E+04   1.45841E+04  -5.68843E+03  -2.22870E+03
   1.91544E-01   1.68074E+04   1.11105E+04   1.45793E+04  -5.69685E+03  -2.22811E+03
   1.90544E-01   1.68019E+04   1.10966E+04   1.45744E+04  -5.70528E+03  -2.22753E+03
   1.89544E-01   1.67964E+04   1.10827E+04   1.45695E+04  -5.71373E+03  -2.22696E+03
   1.88544E-01   1.67909E+04   1.10687E+04   1.45645E+04  -5.72220E+03  -2.22639E+03
   1.87544E-01   1.67854E+04   1.10547E+04   1.45596E+04  -5.73069E+03  -2.22583E+03
   1.86544E-01   1.67798E+04   1.10406E+04   1.45546E+04  -5.73920E+03  -2.22527E+03
   1.85544E-01   1.67743E+04   1.10265E+04   1.45496E+04  -5.74772E+03  -2.22472E+03
   1.84544E-01   1.67687E+04   1.10124E+04   1.45445E+04  -5.75627E+03  -2.22417E+03
   1.83544E-01   1.67631E+04   1.09982E+04   1.45395E+04  -5.76484E+03  -2.22363E+03
   1.82544E-01   1.67575E+04   1.09840E+04   1.45344E+04  -5.77342E+03  -2.22309E+03
   1.81544E-01   1.67518E+04   1.09698E+04   1.45293E+04  -5.78202E+03  -2.22256E+03
   1.80544E-01   1.67462E+04   1.09555E+04   1.45241E+04  -5.79065E+03  -2.22204E+03
   1.79544E-01   1.67405E+04   1.09412E+04   1.45190E+04  -5.79929E+03  -2.22152E+03
   1.78544E-01   1.67348E+04   1.09268E+04   1.45138E+04  -5.80795E+03  -2.22101E+03
   1.77544E-01   1.67291E+04   1.09124E+04   1.45086E+04  -5.81664E+03  -2.22050E+03
   1.76544E-01   1.67233E+04   1.08980E+04   1.45033E+04  -5.82534E+03  -2.22000E+03
   1.75544E-01   1.67176E+04   1.08835E+04   1.44981E+04  -5.83406E+03  -2.21950E+03
   1.74544E-01   1.67118E+04   1.08690E+04   1.44928E+04  -5.84280E+03  -2.21901E+03
   1.73544E-01   1.67060E+04   1.08545E+04   1.44875E+04  -5.85156E+03  -2.21852E+03
   1.72544E-01   1.67002E+04   1.08399E+04   1.44822E+04  -5.86034E+03  -2.21805E+03
   1.71544E-01   1.66944E+04   1.08252E+04   1.44768E+04  -5.86914E+03  -2.21757E+03
   1.70544E-01   1.66885E+04   1.08106E+04   1.44714E+04  -5.87796E+03  -2.21710E+03
   1.69544E-01   1.66827E+04   1.07959E+04   1.44660E+04  -5.88680E+03  -2.21664E+03
   1.68544E-01   1.66768E+04   1.07811E+04   1.44606E+04  -5.89566E+03  -2.21619E+03
   1.67544E-01   1.66709E+04   1.07663E+04   1.44551E+04  -5.90455E+03  -2.21574E+03
   1.66544E-01   1.66650E+04   1.07515E+04   1.44497E+04  -5.91345E+03  -2.21529E+03
   1.65544E-01   1.66590E+04   1.07366E+04   1.44442E+04  -5.92237E+03  -2.21486E+03
   1.64544E-01   1.66531E+04   1.07217E+04   1.44386E+04  -5.93131E+03  -2.21442E+03
   1.63544E-01   1.66471E+04   1.07068E+04   1.44331E+04  -5.94027E+03  -2.21400E+03
   1.62544E-01   1.66411E+04   1.06918E+04   1.44275E+04  -5.94926E+03  -2.21358E+03
   1.61544E-01   1.66351E+04   1.06768E+04   1.44219E+04  -5.95826E+03  -2.21316E+03
   1.60544E-01   1.66290E+04   1.06617E+04   1.44163E+04  -5.96728E+03  -2.21275E+03
   1.59544E-01   1.66230E+04   1.06466E+04   1.44106E+04  -5.97633E+03  -2.21235E+03
   1.58544E-01   1.66169E+04   1.06315E+04   1.44049E+04  -5.98540E+03  -2.21196E+03
   1.57544E-01   1.66108E+04   1.06163E+04   1.43992E+04  -5.99448E+03  -2.21157E+03
   1.56544E-01   1.66047E+04   1.06011E+04   1.43935E+04  -6.00359E+03  -2.21118E+03
   1.55544E-01   1.65986E+04   1.05859E+04   1.43878E+04  -6.01272E+03  -2.21080E+03
   1.54544E-01   1.65924E+04   1.05706E+04   1.43820E+04  -6.02187E+03  -2.21043E+03
   1.53544E-01   1.65863E+04   1.05552E+04   1.43762E+04  -6.03104E+03  -2.21007E+03
   1.52544E-01   1.65801E+04   1.05399E+04   1.43704E+04  -6.04023E+03  -2.20971E+03
   1.51544E-01   1.65739E+04   1.05244E+04   1.43645E+04  -6.04944E+03  -2.20936E+03
   1.50544E-01   1.65677E+04   1.05090E+04   1.43587E+04  -6.05868E+03  -2.20901E+03
   1.49544E-01   1.65614E+04   1.04935E+04   1.43528E+04  -6.06793E+03  -2.20867E+03
   1.48544E-01   1.65552E+04   1.04780E+04   1.43468E+04  -6.07721E+03  -2.20833E+03
   1.47544E-01   1.65489E+04   1.04624E+04   1.43409E+04  -6.08651E+03  -2.20801E+03
   1.46544E-01   1.65426E+04   1.04468E+04   1.43349E+04  -6.09583E+03  -2.20769E+03
   1.45544E-01   1.65363E+04   1.04311E+04   1.43289E+04  -6.10517E+03  -2.20737E+03
   1.44544E-01   1.65300E+04   1.04154E+04   1.43229E+04  -6.11453E+03  -2.20706E+03
   1.43544E-01   1.65236E+04   1.03997E+04   1.43168E+04  -6.12392E+03  -2.20676E+03
   1.42544E-01   1.65172E+04   1.03839E+04   1.43108E+04  -6.13332E+03  -2.20646E+03
   1.41544E-01   1.65109E+04   1.03681E+04   1.43047E+04  -6.14275E+03  -2.20617E+03
   1.40544E-01   1.65044E+04   1.03522E+04   1.42986E+04  -6.15220E+03  -2.20589E+03
   1.39544E-01   1.64980E+04   1.03363E+04   1.42924E+04  -6.16167E+03  -2.20561E+03
   1.38544E-01   1.64916E+04   1.03204E+04   1.42862E+04  -6.17117E+03  -2.20534E+03
   1.37544E-01   1.64851E+04   1.03044E+04   1.42800E+04  -6.18069E+03  -2.20508E+03
   1.36544E-01   1.64786E+04   1.02884E+04   1.42738E+04  -6.19023E+03  -2.20482E+03
   1.35544E-01   1.64722E+04   1.02724E+04   1.42676E+04  -6.19979E+03  -2.20457E+03
   1.34544E-01   1.64656E+04   1.02563E+04   1.42613E+04  -6.20937E+03  -2.20433E+03
   1.33544E-01   1.64591E+04   1.02401E+04   1.42550E+04  -6.21898E+03  -2.20409E+03
   1.32544E-01   1.64526E+04   1.02239E+04   1.42487E+04  -6.22861E+03  -2.20386E+03
   1.31544E-01   1.64460E+04   1.02077E+04   1.42423E+04  -6.23826E+03  -2.20364E+03
   1.30544E-01   1.64394E+04   1.01915E+04   1.42360E+04  -6.24793E+03  -2.20342E+03
   1.29544E-01   1.64328E+04   1.01752E+04   1.42296E+04  -6.25763E+03  -2.20321E+03
   1.28544E-01   1.64262E+04   1.01588E+04   1.42232E+04  -6.26735E+03  -2.20301E+03
   1.27544E-01   1.64195E+04   1.01424E+04   1.42167E+04  -6.27709E+03  -2.20281E+03
   1.26544E-01   1.64129E+04   1.01260E+04   1.42102E+04  -6.28686E+03  -2.20262E+03
   1.25544E-01   1.64062E+04   1.01095E+04   1.42037E+04  -6.29665E+03  -2.20244E+03
   1.24544E-01   1.63995E+04   1.00930E+04   1.41972E+04  -6.30646E+03  -2.20227E+03
   1.23544E-01   1.63928E+04   1.00765E+04   1.41907E+04  -6.31629E+03  -2.20210E+03
   1.22544E-01   1.63860E+04   1.00599E+04   1.41841E+04  -6.32615E+03  -2.20193E+03
   1.21544E-01   1.63793E+04   1.00433E+04   1.41775E+04  -6.33603E+03  -2.20178E+03
   1.20544E-01   1.63725E+04   1.00266E+04   1.41709E+04  -6.34594E+03  -2.20163E+03
   1.19544E-01   1.63657E+04   1.00099E+04   1.41642E+04  -6.35587E+03  -2.20149E+03
   1.18544E-01   1.63589E+04   9.99311E+03   1.41576E+04  -6.36582E+03  -2.20135E+03
   1.17544E-01   1.63521E+04   9.97631E+03   1.41509E+04  -6.37580E+03  -2.20123E+03
   1.16544E-01   1.63453E+04   9.95947E+03   1.41442E+04  -6.38579E+03  -2.20111E+03
   1.15544E-01   1.63384E+04   9.94258E+03   1.41374E+04  -6.39582E+03  -2.20099E+03
   1.14544E-01   1.63315E+04   9.92566E+03   1.41306E+04  -6.40587E+03  -2.20089E+03
   1.13544E-01   1.63246E+04   9.90869E+03   1.41238E+04  -6.41594E+03  -2.20079E+03
   1.12544E-01   1.63177E+04   9.89168E+03   1.41170E+04  -6.42603E+03  -2.20070E+03
   1.11544E-01   1.63108E+04   9.87463E+03   1.41102E+04  -6.43615E+03  -2.20061E+03
   1.10544E-01   1.63038E+04   9.85754E+03   1.41033E+04  -6.44630E+03  -2.20053E+03
   1.09544E-01   1.62969E+04   9.84040E+03   1.40964E+04  -6.45646E+03  -2.20046E+03
   1.08544E-01   1.62899E+04   9.82322E+03   1.40895E+04  -6.46666E+03  -2.20040E+03
   1.07544E-01   1.62829E+04   9.80600E+03   1.40825E+04  -6.47687E+03  -2.20034E+03
   1.06544E-01   1.62758E+04   9.78874E+03   1.40756E+04  -6.48711E+03  -2.20029E+03
   1.05544E-01   1.62688E+04   9.77143E+03   1.40686E+04  -6.49738E+03  -2.20025E+03
   1.04544E-01   1.62618E+04   9.75408E+03   1.40615E+04  -6.50767E+03  -2.20022E+03
   1.03544E-01   1.62547E+04   9.73669E+03   1.40545E+04  -6.51799E+03  -2.20019E+03
   1.02544E-01   1.62476E+04   9.71926E+03   1.40474E+04  -6.52833E+03  -2.20017E+03
   1.01544E-01   1.62405E+04   9.70178E+03   1.40403E+04  -6.53869E+03  -2.20016E+03
   1.00544E-01   1.62333E+04   9.68426E+03   1.40332E+04  -6.54908E+03  -2.20015E+03
   9.95435E-02   1.62262E+04   9.66670E+03   1.40260E+04  -6.55950E+03  -2.20016E+03
   9.85435E-02   1.62190E+04   9.64909E+03   1.40189E+04  -6.56994E+03  -2.20017E+03
   9.75435E-02   1.62118E+04   9.63144E+03   1.40117E+04  -6.58040E+03  -2.20018E+03
   9.65435E-02   1.62046E+04   9.61375E+03   1.40044E+04  -6.59089E+03  -2.20021E+03
   9.55435E-02   1.61974E+04   9.59601E+03   1.39972E+04  -6.60141E+03  -2.20024E+03
   9.45435E-02   1.61902E+04   9.57824E+03   1.39899E+04  -6.61195E+03  -2.20028E+03
   9.35435E-02   1.61829E+04   9.56041E+03   1.39826E+04  -6.62252E+03  -2.20033E+03
   9.25435E-02   1.61757E+04   9.54255E+03   1.39753E+04  -6.63311E+03  -2.20039E+03
   9.15435E-02   1.61684E+04   9.52464E+03   1.39679E+04  -6.64373E+03  -2.20045E+03
   9.05435E-02   1.61611E+04   9.50669E+03   1.39605E+04  -6.65438E+03  -2.20052E+03
   8.95435E-02   1.61537E+04   9.48869E+03   1.39531E+04  -6.66505E+03  -2.20060E+03
   8.85435E-02   1.61464E+04   9.47065E+03   1.39457E+04  -6.67574E+03  -2.20068E+03
   8.75435E-02   1.61390E+04   9.45257E+03   1.39383E+04  -6.68647E+03  -2.20078E+03
   8.65435E-02   1.61317E+04   9.43444E+03   1.39308E+04  -6.69722E+03  -2.20088E+03
   8.55435E-02   1.61243E+04   9.41627E+03   1.39233E+04  -6.70799E+03  -2.20099E+03
   8.45435E-02   1.61168E+04   9.39805E+03   1.39157E+04  -6.71879E+03  -2.20110E+03
   8.35435E-02   1.61094E+04   9.37979E+03   1.39082E+04  -6.72962E+03  -2.20123E+03
   8.25435E-02   1.61020E+04   9.36148E+03   1.39006E+04  -6.74048E+03  -2.20136E+03
   8.15435E-02   1.60945E+04   9.34314E+03   1.38930E+04  -6.75136E+03  -2.20150E+03
   8.05435E-02   1.60870E+04   9.32474E+03   1.38854E+04  -6.76227E+03  -2.20165E+03
   7.95435E-02   1.60795E+04   9.30630E+03   1.38777E+04  -6.77320E+03  -2.20181E+03
   7.85435E-02   1.60720E+04   9.28782E+03   1.38700E+04  -6.78416E+03  -2.20197E+03
   7.75435E-02   1.60644E+04   9.26930E+03   1.38623E+04  -6.79515E+03  -2.20214E+03
   7.65435E-02   1.60569E+04   9.25072E+03   1.38546E+04  -6.80617E+03  -2.20232E+03
   7.55435E-02   1.60493E+04   9.23211E+03   1.38468E+04  -6.81721E+03  -2.20251E+03
   7.45435E-02   1.60417E+04   9.21345E+03   1.38390E+04  -6.82828E+03  -2.20271E+03
   7.35435E-02   1.60341E+04   9.19474E+03   1.38312E+04  -6.83938E+03  -2.20291E+03
   7.25435E-02   1.60265E+04   9.17599E+03   1.38234E+04  -6.85051E+03  -2.20312E+03
   7.15435E-02   1.60189E+04   9.15719E+03   1.38155E+04  -6.86166E+03  -2.20334E+03
   7.05435E-02   1.60112E+04   9.13835E+03   1.38076E+04  -6.87284E+03  -2.20357E+03
   6.95435E-02   1.60035E+04   9.11947E+03   1.37997E+04  -6.88405E+03  -2.20381E+03
   6.85435E-02   1.59958E+04   9.10053E+03   1.37918E+04  -6.89528E+03  -2.20405E+03
   6.75435E-02   1.59881E+04   9.08156E+03   1.37838E+04  -6.90655E+03  -2.20431E+03
   6.65435E-02   1.59804E+04   9.06254E+03   1.37758E+04  -6.91784E+03  -2.20457E+03
   6.55435E-02   1.59726E+04   9.04347E+03   1.37678E+04  -6.92916E+03  -2.20484E+03
   6.45435E-02   1.59649E+04   9.02435E+03   1.37597E+04  -6.94051E+03  -2.20511E+03
   6.35435E-02   1.59571E+04   9.00519E+03   1.37517E+04  -6.95189E+03  -2.20540E+03
   6.25435E-02   1.59493E+04   8.98599E+03   1.37436E+04  -6.96329E+03  -2.20569E+03
   6.15435E-02   1.59415E+04   8.96674E+03   1.37355E+04  -6.97472E+03  -2.20600E+03
   6.05435E-02   1.59336E+04   8.94744E+03   1.37273E+04  -6.98619E+03  -2.20631E+03
   5.95435E-02   1.59258E+04   8.92810E+03   1.37191E+04  -6.99768E+03  -2.20663E+03
   5.85435E-02   1.59179E+04   8.90871E+03   1.37109E+04  -7.00920E+03  -2.20696E+03
   5.75435E-02   1.59100E+04   8.88927E+03   1.37027E+04  -7.02075E+03  -2.20729E+03
   5.65435E-02   1.59021E+04   8.86979E+03   1.36945E+04  -7.03232E+03  -2.20764E+03
   5.55435E-02   1.58942E+04   8.85026E+03   1.36862E+04  -7.04393E+03  -2.20799E+03
   5.45435E-02   1.58863E+04   8.83069E+03   1.36779E+04  -7.05557E+03  -2.20835E+03
   5.35435E-02   1.58783E+04   8.81107E+03   1.36696E+04  -7.06723E+03  -2.20872E+03
   5.25435E-02   1.58703E+04   8.79140E+03   1.36612E+04  -7.07892E+03  -2.20910E+03
   5.15435E-02   1.58623E+04   8.77168E+03   1.36528E+04  -7.09065E+03  -2.20949E+03
   5.05435E-02   1.58543E+04   8.75192E+03   1.36444E+04  -7.10240E+03  -2.20988E+03
   4.95435E-02   1.58463E+04   8.73211E+03   1.36360E+04  -7.11418E+03  -2.21029E+03
   4.85435E-02   1.58383E+04   8.71226E+03   1.36276E+04  -7.12600E+03  -2.21070E+03
   4.75435E-02   1.58302E+04   8.69236E+03   1.36191E+04  -7.13784E+03  -2.21112E+03
   4.65435E-02   1.58221E+04   8.67241E+03   1.36106E+04  -7.14971E+03  -2.21155E+03
   4.55435E-02   1.58140E+04   8.65241E+03   1.36020E+04  -7.16162E+03  -2.21199E+03
   4.45435E-02   1.58059E+04   8.63237E+03   1.35935E+04  -7.17355E+03  -2.21244E+03
   4.35435E-02   1.57978E+04   8.61227E+03   1.35849E+04  -7.18551E+03  -2.21290E+03
   4.25435E-02   1.57896E+04   8.59214E+03   1.35763E+04  -7.19750E+03  -2.21336E+03
   4.15435E-02   1.57815E+04   8.57195E+03   1.35676E+04  -7.20953E+03  -2.21384E+03
   4.05435E-02   1.57733E+04   8.55171E+03   1.35590E+04  -7.22158E+03  -2.21432E+03
   3.95435E-02   1.57651E+04   8.53143E+03   1.35503E+04  -7.23367E+03  -2.21481E+03
   3.85435E-02   1.57569E+04   8.51110E+03   1.35416E+04  -7.24578E+03  -2.21531E+03
   3.75435E-02   1.57487E+04   8.49073E+03   1.35328E+04  -7.25793E+03  -2.21582E+03
   3.65435E-02   1.57404E+04   8.47030E+03   1.35241E+04  -7.27011E+03  -2.21634E+03
   3.55435E-02   1.57321E+04   8.44983E+03   1.35153E+04  -7.28232E+03  -2.21687E+03
   3.45435E-02   1.57239E+04   8.42930E+03   1.35065E+04  -7.29456E+03  -2.21741E+03
   3.35435E-02   1.57156E+04   8.40873E+03   1.34976E+04  -7.30683E+03  -2.21795E+03
   3.25435E-02   1.57072E+04   8.38811E+03   1.34887E+04  -7.31913E+03  -2.21851E+03
   3.15435E-02   1.56989E+04   8.36745E+03   1.34798E+04  -7.33147E+03  -2.21907E+03
   3.05435E-02   1.56906E+04   8.34673E+03   1.34709E+04  -7.34383E+03  -2.21964E+03
   2.95435E-02   1.56822E+04   8.32596E+03   1.34620E+04  -7.35623E+03  -2.22023E+03
   2.85435E-02   1.56738E+04   8.30515E+03   1.34530E+04  -7.36866E+03  -2.22082E+03
   2.75435E-02   1.56654E+04   8.28429E+03   1.34440E+04  -7.38112E+03  -2.22142E+03
   2.65435E-02   1.56570E+04   8.26338E+03   1.34350E+04  -7.39361E+03  -2.22203E+03
   2.55435E-02   1.56486E+04   8.24242E+03   1.34259E+04  -7.40614E+03  -2.22265E+03
   2.45435E-02   1.56401E+04   8.22141E+03   1.34168E+04  -7.41870E+03  -2.22327E+03
   2.35435E-02   1.56316E+04   8.20035E+03   1.34077E+04  -7.43129E+03  -2.22391E+03
   2.25435E-02   1.56232E+04   8.17924E+03   1.33986E+04  -7.44391E+03  -2.22456E+03
   2.15435E-02   1.56146E+04   8.15808E+03   1.33894E+04  -7.45656E+03  -2.22521E+03
   2.05435E-02   1.56061E+04   8.13688E+03   1.33802E+04  -7.46925E+03  -2.22588E+03
   1.95435E-02   1.55976E+04   8.11562E+03   1.33710E+04  -7.48197E+03  -2.22655E+03
   1.85435E-02   1.55890E+04   8.09431E+03   1.33618E+04  -7.49473E+03  -2.22724E+03
   1.75435E-02   1.55805E+04   8.07296E+03   1.33525E+04  -7.50751E+03  -2.22793E+03
   1.65435E-02   1.55719E+04   8.05155E+03   1.33432E+04  -7.52033E+03  -2.22863E+03
   1.55435E-02   1.55633E+04   8.03009E+03   1.33339E+04  -7.53319E+03  -2.22935E+03
   1.45435E-02   1.55547E+04   8.00859E+03   1.33246E+04  -7.54607E+03  -2.23007E+03
   1.35435E-02   1.55460E+04   7.98703E+03   1.33152E+04  -7.55899E+03  -2.23080E+03
   1.25435E-02   1.55374E+04   7.96542E+03   1.33058E+04  -7.57195E+03  -2.23154E+03
   1.15435E-02   1.55287E+04   7.94377E+03   1.32964E+04  -7.58493E+03  -2.23229E+03
   1.05435E-02   1.55200E+04   7.92206E+03   1.32870E+04  -7.59795E+03  -2.23305E+03
   9.54353E-03   1.55113E+04   7.90030E+03   1.32775E+04  -7.61101E+03  -2.23382E+03
   8.54353E-03   1.55026E+04   7.87849E+03   1.32680E+04  -7.62410E+03  -2.23460E+03
   7.54353E-03   1.54939E+04   7.85663E+03   1.32585E+04  -7.63722E+03  -2.23539E+03
   6.54353E-03   1.54851E+04   7.83472E+03   1.32489E+04  -7.65038E+03  -2.23619E+03
   5.54353E-03   1.54763E+04   7.81276E+03   1.32393E+04  -7.66357E+03  -2.23700E+03
   4.54353E-03   1.54675E+04   7.79075E+03   1.32297E+04  -7.67679E+03  -2.23782E+03
   3.54353E-03   1.54587E+04   7.76868E+03   1.32201E+04  -7.69006E+03  -2.23864E+03
   2.54353E-03   1.54499E+04   7.74657E+03   1.32104E+04  -7.70335E+03  -2.23948E+03
   1.54353E-03   1.54411E+04   7.72440E+03   1.32007E+04  -7.71668E+03  -2.24033E+03
   5.43527E-04   1.54322E+04   7.70218E+03   1.31910E+04  -7.73005E+03  -2.24119E+03
   1.10000E-04   1.54284E+04   7.69253E+03   1.31868E+04  -7.73585E+03  -2.24156E+03
