W(CR)	 HM(FCC_A1#1)
.4705435	17554.12
.4705435	17554.12
.4695435	17554.34
.4685435	17554.54
.4675435	17554.73
.4665435	17554.89
.4655435	17555.03
.4645435	17555.14
.4635435	17555.24
.4625435	17555.31
.4615435	17555.36
.4605435	17555.39
.4595435	17555.4
.4585435	17555.39
.4575435	17555.35
.4565435	17555.3
.4555435	17555.22
.4545435	17555.12
.4535435	17555
.4525435	17554.85
.4515435	17554.69
.4505435	17554.51
.4495435	17554.3
.4485435	17554.07
.4475435	17553.82
.4465435	17553.55
.4455435	17553.25
.4445435	17552.94
.4435435	17552.6
.4425435	17552.24
.4415435	17551.86
.4405435	17551.46
.4395435	17551.04
.4385435	17550.59
.4375435	17550.13
.4365435	17549.64
.4355435	17549.13
.4345435	17548.6
.4335435	17548.05
.4325435	17547.48
.4315435	17546.88
.4305435	17546.27
.4295435	17545.63
.4285435	17544.97
.4275435	17544.29
.4265435	17543.59
.4255435	17542.87
.4245435	17542.13
.4235435	17541.36
.4225435	17540.58
.4215435	17539.77
.4205435	17538.94
.4195435	17538.09
.4185435	17537.22
.4175435	17536.33
.4165435	17535.41
.4155435	17534.48
.4145435	17533.52
.4135435	17532.54
.4125435	17531.54
.4115435	17530.52
.4105435	17529.48
.4095435	17528.42
.4085435	17527.33
.4075435	17526.23
.4065435	17525.1
.4055435	17523.95
.4045435	17522.79
.4035435	17521.6
.4025435	17520.39
.4015435	17519.15
.4005435	17517.9
.3995435	17516.62
.3985435	17515.33
.3975435	17514.01
.3965435	17512.68
.3955435	17511.32
.3945435	17509.94
.3935435	17508.54
.3925435	17507.11
.3915435	17505.67
.3905435	17504.21
.3895435	17502.72
.3885435	17501.22
.3875435	17499.69
.3865435	17498.14
.3855435	17496.57
.3845435	17494.98
.3835435	17493.37
.3825435	17491.74
.3815435	17490.09
.3805435	17488.42
.3795435	17486.72
.3785435	17485
.3775435	17483.27
.3765435	17481.51
.3755435	17479.73
.3745435	17477.93
.3735435	17476.11
.3725435	17474.27
.3715435	17472.41
.3705435	17470.53
.3695435	17468.62
.3685435	17466.7
.3675435	17464.75
.3665435	17462.79
.3655435	17460.8
.3645435	17458.8
.3635435	17456.77
.3625435	17454.72
.3615435	17452.65
.3605435	17450.56
.3595435	17448.45
.3585435	17446.32
.3575435	17444.16
.3565435	17441.99
.3555435	17439.79
.3545435	17437.58
.3535435	17435.34
.3525435	17433.09
.3515435	17430.81
.3505435	17428.51
.3495435	17426.2
.3485435	17423.86
.3475435	17421.5
.3465435	17419.12
.3455435	17416.72
.3445435	17414.3
.3435435	17411.85
.3425435	17409.39
.3415435	17406.91
.3405435	17404.4
.3395435	17401.88
.3385435	17399.34
.3375435	17396.77
.3365435	17394.19
.3355435	17391.58
.3345435	17388.95
.3335435	17386.31
.3325435	17383.64
.3315435	17380.95
.3305435	17378.24
.3295435	17375.51
.3285435	17372.76
.3275435	17369.99
.3265435	17367.2
.3255435	17364.39
.3245435	17361.56
.3235435	17358.71
.3225435	17355.84
.3215435	17352.95
.3205435	17350.03
.3195435	17347.1
.3185435	17344.15
.3175435	17341.17
.3165435	17338.18
.3155435	17335.17
.3145435	17332.13
.3135435	17329.08
.3125435	17326
.3115435	17322.91
.3105435	17319.79
.3095435	17316.66
.3085435	17313.5
.3075435	17310.32
.3065435	17307.13
.3055435	17303.91
.3045435	17300.67
.3035435	17297.42
.3025435	17294.14
.3015435	17290.84
.3005435	17287.52
.2995435	17284.19
.2985435	17280.83
.2975435	17277.45
.2965435	17274.05
.2955435	17270.63
.2945435	17267.19
.2935435	17263.74
.2925435	17260.26
.2915435	17256.76
.2905435	17253.24
.2895435	17249.7
.2885435	17246.14
.2875435	17242.56
.2865435	17238.97
.2855435	17235.35
.2845435	17231.71
.2835435	17228.05
.2825435	17224.37
.2815435	17220.67
.2805435	17216.95
.2795435	17213.22
.2785435	17209.46
.2775435	17205.68
.2765435	17201.88
.2755435	17198.06
.2745435	17194.22
.2735435	17190.37
.2725435	17186.49
.2715435	17182.59
.2705435	17178.67
.2695435	17174.73
.2685435	17170.78
.2675435	17166.8
.2665435	17162.8
.2655435	17158.79
.2645435	17154.75
.2635435	17150.69
.2625435	17146.62
.2615435	17142.52
.2605435	17138.41
.2595435	17134.27
.2585435	17130.12
.2575435	17125.94
.2565435	17121.75
.2555435	17117.53
.2545435	17113.3
.2535435	17109.05
.2525435	17104.77
.2515435	17100.48
.2505435	17096.17
.2495435	17091.84
.2485435	17087.48
.2475435	17083.11
.2465435	17078.72
.2455435	17074.31
.2445435	17069.88
.2435435	17065.43
.2425435	17060.96
.2415435	17056.47
.2405435	17051.97
.2395435	17047.44
.2385435	17042.89
.2375435	17038.32
.2365435	17033.74
.2355435	17029.13
.2345435	17024.51
.2335435	17019.86
.2325435	17015.2
.2315435	17010.52
.2305435	17005.81
.2295435	17001.09
.2285435	16996.35
.2275435	16991.59
.2265435	16986.81
.2255435	16982.01
.2245435	16977.19
.2235435	16972.35
.2225435	16967.49
.2215435	16962.62
.2205435	16957.72
.2195435	16952.81
.2185435	16947.87
.2175435	16942.91
.2165435	16937.94
.2155435	16932.95
.2145435	16927.94
.2135435	16922.91
.2125435	16917.85
.2115435	16912.79
.2105435	16907.7
.2095435	16902.59
.2085435	16897.46
.2075435	16892.31
.2065435	16887.15
.2055435	16881.97
.2045435	16876.76
.2035435	16871.54
.2025435	16866.3
.2015435	16861.03
.2005435	16855.75
.19999	16852.82
.1995435	16850.45
.1985435	16845.14
.1975435	16839.8
.1965435	16834.44
.1955435	16829.07
.1945435	16823.67
.1935435	16818.26
.1925435	16812.83
.1915435	16807.38
.1905435	16801.91
.1895435	16796.42
.1885435	16790.91
.1875435	16785.38
.1865435	16779.83
.1855435	16774.27
.1845435	16768.68
.1835435	16763.08
.1825435	16757.46
.1815435	16751.82
.1805435	16746.16
.1795435	16740.48
.1785435	16734.78
.1775435	16729.07
.1765435	16723.33
.1755435	16717.58
.1745435	16711.81
.1735435	16706.01
.1725435	16700.21
.1715435	16694.38
.1705435	16688.53
.1695435	16682.66
.1685435	16676.78
.1675435	16670.87
.1665435	16664.95
.1655435	16659.01
.1645435	16653.05
.1635435	16647.07
.1625435	16641.08
.1615435	16635.06
.1605435	16629.03
.1595435	16622.97
.1585435	16616.9
.1575435	16610.81
.1565435	16604.7
.1555435	16598.58
.1545435	16592.43
.1535435	16586.26
.1525435	16580.08
.1515435	16573.88
.1505435	16567.66
.1495435	16561.42
.1485435	16555.17
.1475435	16548.89
.1465435	16542.6
.1455435	16536.28
.1445435	16529.95
.1435435	16523.6
.1425435	16517.24
.1415435	16510.85
.1405435	16504.45
.1395435	16498.02
.1385435	16491.58
.1375435	16485.12
.1365435	16478.65
.1355435	16472.15
.1345435	16465.64
.1335435	16459.1
.1325435	16452.55
.1315435	16445.98
.1305435	16439.4
.1295435	16432.79
.1285435	16426.17
.1275435	16419.52
.1265435	16412.86
.1255435	16406.19
.1245435	16399.49
.1235435	16392.77
.1225435	16386.04
.1215435	16379.29
.1205435	16372.52
.1195435	16365.73
.1185435	16358.93
.1175435	16352.1
.1165435	16345.26
.1155435	16338.4
.1145435	16331.52
.1135435	16324.63
.1125435	16317.71
.1115435	16310.78
.1105435	16303.83
.1095435	16296.86
.1085435	16289.88
.1075435	16282.87
.1065435	16275.85
.1055435	16268.81
.1045435	16261.75
.1035435	16254.68
.1025435	16247.58
.1015435	16240.47
.1005435	16233.34
.09954353	16226.19
.09854353	16219.03
.09754353	16211.84
.09654353	16204.64
.09554353	16197.42
.09454353	16190.19
.09354353	16182.93
.09254353	16175.66
.09154353	16168.37
.09054353	16161.06
.08954353	16153.74
.08854353	16146.39
.08754353	16139.03
.08654353	16131.65
.08554353	16124.26
.08454353	16116.84
.08354353	16109.41
.08254353	16101.96
.08154353	16094.49
.08054353	16087.01
.07954353	16079.51
.07854353	16071.99
.07754353	16064.45
.07654353	16056.89
.07554353	16049.32
.07454353	16041.73
.07354353	16034.12
.07254353	16026.5
.07154353	16018.85
.07054353	16011.19
.06954353	16003.51
.06854353	15995.82
.06754353	15988.11
.06654353	15980.38
.06554353	15972.63
.06454353	15964.86
.06354353	15957.08
.06254353	15949.28
.06154353	15941.46
.06054353	15933.63
.05954353	15925.77
.05854353	15917.91
.05754353	15910.02
.05654353	15902.11
.05554353	15894.19
.05454353	15886.25
.05354353	15878.3
.05254353	15870.32
.05154353	15862.33
.05054353	15854.32
.04954353	15846.3
.04854353	15838.26
.04754353	15830.2
.04654353	15822.12
.04554353	15814.03
.04454353	15805.91
.04354353	15797.79
.04254353	15789.64
.04154353	15781.48
.04054353	15773.3
.03954353	15765.1
.03854353	15756.89
.03754353	15748.66
.03654353	15740.41
.03554353	15732.14
.03454353	15723.86
.03354353	15715.56
.03254353	15707.24
.03154353	15698.91
.03054353	15690.56
.02954353	15682.19
.02854353	15673.81
.02754353	15665.41
.02654353	15656.99
.02554353	15648.56
.02454353	15640.1
.02354353	15631.64
.02254353	15623.15
.02154353	15614.65
.02054353	15606.13
.01954353	15597.59
.01854353	15589.04
.01754353	15580.47
.01654353	15571.88
.01554353	15563.28
.01454353	15554.66
.01354353	15546.02
.01254353	15537.37
.01154353	15528.7
.01054353	15520.01
.009543527	15511.31
.008543527	15502.59
.007543527	15493.85
.006543527	15485.1
.005543527	15476.33
.004543527	15467.54
.003543527	15458.74
.002543527	15449.92
.001543527	15441.08
5.435269E-04	15432.23
1.1E-04	15428.38
